20 6 192
-156
-2 -2 2 1 -1 -1 -1 1 -1 2 0 0 -2 -1 -1 -1 -1 -2 -1
1 1 1 -1 2 2 1 -2 1 2 -1 2 -2 1 2 1 -1 2 1
-123
1 -1 2 1 -2 2 -2 1 0 -1 -2 1 1 1 0 1 -1 2
2 2 -2 1 1 -2 -1 -1 -1 2 -1 1 2 -2 2 -2 -2 1
-183
1 1 -1 -1 2 -1 -2 -2 -1 2 0 -1 1 -1 -2 -1 -1
-1 -2 0 2 -1 0 0 -2 2 0 0 2 0 1 -1 0 1
-15
0 0 2 2 0 0 1 2 -1 1 -1 -2 -1 -2 2 -1
-1 0 1 1 -1 0 -1 2 -1 2 -2 -2 0 -1 0 2
-9
-1 0 1 -1 2 -2 0 2 0 -1 1 0 0 1 -2
0 -2 1 -2 -2 -1 -1 0 -2 -2 0 -1 2 -2 2
-119
0 1 -1 2 2 2 -1 2 0 1 1 1 1 -2
1 2 2 1 1 -1 -2 1 2 1 -2 -2 0 2
-121
1 -1 2 1 2 -2 1 0 1 0 -2 -1 -2
-1 -1 -2 1 -2 -1 -2 -2 -2 2 1 -2 1
-56
-2 -1 -2 2 1 -1 0 -1 0 1 0 2
2 2 1 2 2 -2 -1 -2 0 2 0 1
-107
1 0 -2 -1 -1 0 1 -2 0 2 1
-2 -1 2 -1 2 -1 -2 2 -1 0 0
-78
-2 2 1 2 -1 -2 -1 2 0 -1
-2 1 2 -2 -2 -2 0 -2 2 -1
-141
0 0 -1 2 -1 0 -1 1 0
-2 -1 0 1 0 1 2 1 -2
-160
-2 2 -1 -2 2 0 1 1
-1 0 2 0 -1 2 0 -1
-34
2 -2 1 1 0 2 1
1 2 1 2 -1 0 0
-4
0 1 -1 -1 -1 2
0 -2 -1 1 1 -2
-129
1 -1 1 -1 -1
-1 2 -1 -2 0
-180
0 -2 -2 0
1 2 1 2
-113
1 -2 -1
-1 2 0
-80
2 -1
0 1
-148
2
2
-26


