20 5 694
-321
-2 2 -2 2 -1 1 1 -1 0 -2 -2 1 0 -1 1 2 1 0 2
-1 -1 -1 2 -1 2 0 0 1 0 1 2 2 -1 -2 0 0 1 2
-620
-1 -1 0 0 2 1 0 -2 2 1 -2 -2 1 -1 0 -2 2 -2
-1 -1 0 -1 -1 -1 -1 2 1 -1 -2 0 2 -2 -2 -2 2 -2
-453
1 1 1 -1 2 -1 0 1 0 -2 2 1 -1 -2 1 0 2
2 1 -2 -2 -2 -1 -1 1 2 -1 2 1 0 0 1 -2 -2
-136
2 2 -2 -1 1 1 2 2 0 2 1 -1 -1 1 2 2
2 2 0 -1 1 -2 -1 -1 1 -2 -1 0 0 -1 1 1
-592
-1 -1 2 0 0 -1 -2 -2 -2 -1 -2 0 0 0 1
2 -1 -2 2 -1 -1 0 -1 -1 1 -2 1 0 1 0
-235
0 -2 0 0 -2 2 1 -2 1 0 2 -1 -2 -2
-1 2 2 1 2 2 -2 -2 1 -2 -2 -1 1 -1
-605
0 1 2 2 1 1 2 1 -2 -1 -1 -1 1
-1 -1 0 0 1 2 -2 2 -2 1 0 1 2
-90
-2 -1 1 1 1 -2 -2 2 2 0 1 2
1 2 0 -2 2 2 -1 2 -2 2 -1 2
-146
2 -2 -1 0 0 2 2 1 -1 -2 0
-2 -2 -2 -1 -2 -2 1 -2 2 2 1
-62
-2 2 1 0 1 2 0 -2 -2 -1
-2 2 1 -2 -1 2 1 1 -1 1
-116
-2 1 -1 -2 -1 -1 -2 1 0
1 1 0 -2 1 2 -2 0 -1
-26
0 0 -2 0 0 0 -2 2
0 2 -2 2 -1 1 1 1
-386
0 2 -1 -2 -1 -2 -1
-1 -2 -2 0 -1 1 -2
-361
-2 2 2 1 -1 1
-1 -2 -2 1 0 2
-218
-2 1 2 2 0
-2 1 0 0 0
-28
0 0 -2 -1
2 2 2 2
-244
-2 -2 -2
-2 -2 0
-414
-1 0
2 1
-658
2
1
-429


