20 15 517
-41
2 -2 1 1 -2 1 2 1 -2 0 -2 2 -1 -2 -2 2 -1 2 2
-1 1 -2 -2 -2 0 0 1 2 -2 -1 -1 1 -1 1 -1 0 -2 -1
-44
-2 -1 0 -2 2 -2 0 -1 2 -1 2 -2 1 -2 -2 -2 -2 2
1 -1 1 1 0 -1 -1 1 -1 2 1 2 -1 2 0 1 1 -2
-460
-2 -1 -1 1 -2 0 0 -1 -1 2 2 -2 2 2 1 2 -2
-1 -1 -2 -1 0 -1 1 2 2 1 -1 -1 -2 -1 -1 2 2
-12
-2 0 2 0 -2 -1 -1 -1 1 0 -2 -1 0 1 -2 1
0 1 2 -2 2 -2 -1 2 -1 -2 -1 -2 -1 -2 -1 1
-43
1 0 1 1 -1 2 1 0 0 0 -2 2 -2 2 0
-1 0 1 0 1 2 -1 1 1 0 1 -2 2 2 -1
-453
-1 1 2 1 1 -1 2 -1 -2 0 0 0 1 1
1 -2 -2 2 2 -1 2 -1 -1 0 1 2 2 -1
-182
-1 2 0 -2 1 -1 -2 -2 -2 -1 0 -2 -2
-2 2 1 0 0 0 0 -1 -2 -1 -1 -1 1
-418
0 -1 1 -2 1 2 1 0 1 1 1 -1
1 1 1 2 -1 1 1 1 -1 1 0 -2
-19
-2 0 1 1 -1 1 0 -1 0 1 -2
0 0 1 1 0 -2 -1 1 1 2 1
-234
2 1 2 1 -1 0 0 0 2 2
-2 -2 -1 0 2 -2 2 0 2 -2
-347
-1 -1 2 0 1 2 2 -2 -1
2 2 -1 1 -2 -1 -2 -1 1
-477
0 -2 0 -1 0 0 2 0
-1 -1 -2 1 -1 2 1 2
-13
-2 2 -2 2 2 1 -2
2 -1 1 1 2 0 0
-291
2 1 2 2 -1 -2
2 -2 1 1 -1 -2
-421
0 2 2 2 -2
2 -2 -1 0 -2
-380
1 0 -1 0
-2 2 0 2
-494
-2 1 -1
1 -1 -2
-413
-2 1
0 0
-238
0
1
-450


