20 10 956
-567
0 -2 0 -2 -2 2 0 -2 -2 2 -1 -1 -2 2 0 -2 1 1 -2
-2 -2 0 2 -1 0 -1 -1 -1 1 1 -1 -2 0 -2 0 -1 -2 -2
-64
1 2 0 2 0 0 1 0 2 -2 -2 1 -2 0 2 1 0 1
2 -2 0 0 2 -1 2 -2 2 -2 1 -1 -2 0 -2 -1 -1 2
-594
1 -1 -1 -2 0 2 0 -1 0 1 2 -2 -1 1 -1 -1 -1
-2 -1 1 2 -2 1 2 -2 -2 2 -2 1 1 0 0 -2 1
-479
-2 -1 0 0 2 -2 0 0 -1 0 -1 0 2 0 -1 0
0 -2 -1 -1 -2 2 1 -1 0 -1 -2 -2 2 -1 -2 2
-633
0 -1 2 -2 -2 -1 -1 0 2 -2 -2 0 -2 -2 2
1 -2 0 0 2 2 0 -2 0 0 0 1 -1 0 0
-17
2 2 2 0 -2 -1 -2 -1 -2 0 2 2 1 0
2 0 -2 1 0 0 2 0 -2 -1 -1 2 -1 1
-101
2 -1 0 1 -2 -1 1 1 1 -1 -2 2 1
1 0 0 1 -2 1 -2 2 2 -2 2 1 1
-389
1 0 2 1 -2 -1 -1 1 2 1 2 1
0 -1 -2 2 0 -2 2 1 1 -1 -1 2
-598
-1 0 -2 0 0 1 -2 1 -2 0 -2
1 0 2 -2 -2 1 0 -1 0 -2 2
-163
1 1 2 2 0 -2 0 2 -1 1
-2 0 0 0 0 0 2 -1 -1 1
-408
-2 -2 1 -1 -1 2 2 0 0
1 -1 -1 2 1 1 -1 -1 1
-120
-1 0 -1 0 2 0 0 -2
-1 2 1 2 1 -1 -1 -1
-209
-2 1 1 0 -1 1 1
-1 1 0 -1 2 0 -1
-774
2 0 1 2 -2 2
-1 -2 -1 -2 -1 2
-307
-2 -2 -1 1 1
-2 0 2 -2 0
-930
-2 -2 -1 2
0 0 0 1
-65
-1 0 0
0 0 1
-656
0 0
-1 -2
-368
2
2
-190


