20 13 367
-242
2 -1 -2 -2 0 1 -1 1 -1 -1 -2 2 2 2 0 -2 1 -2 -2
0 -1 2 1 2 -1 -1 -1 -2 -2 1 -1 -1 -2 2 -2 2 0 0
-328
-1 0 -1 2 0 0 1 -2 -2 -1 -2 -1 2 2 0 1 -2 -2
-1 -1 2 -2 1 -1 2 -1 -1 -1 0 -2 1 0 1 2 2 0
-66
-2 0 -1 -1 2 -2 1 -2 -1 0 -2 0 1 2 -2 2 -2
0 -2 -2 1 1 -2 2 2 -2 0 2 1 0 0 -1 -2 -1
-109
0 -1 -2 -1 0 0 0 0 2 0 1 1 -1 -1 -1 -1
0 -1 2 -1 2 2 2 -1 2 0 -1 0 -2 2 2 -1
-93
-1 0 -2 -1 1 -2 0 1 -1 0 -1 0 2 2 0
2 1 1 1 -1 0 1 0 1 0 0 -1 0 2 1
-303
-2 0 1 -1 2 0 -1 -2 -2 0 2 -2 2 -2
2 1 1 1 -2 0 2 -1 0 0 1 0 -1 1
-304
1 2 2 0 0 0 1 2 -1 -1 -1 -2 0
-2 1 2 1 -1 1 2 1 2 0 2 2 -1
-291
0 -2 -1 1 0 0 2 -1 1 0 1 -2
-2 2 -2 2 -1 -1 -1 -2 1 1 -1 0
-199
-2 2 1 -1 1 2 2 -2 0 -2 -1
-2 -1 -2 -2 2 -1 -2 0 -2 -1 2
-143
2 0 1 0 0 0 1 -1 2 2
1 0 -2 1 0 -1 -2 0 1 -2
-51
1 2 2 2 2 -2 -2 -1 -2
0 -2 -1 0 2 -2 0 1 -2
-224
1 1 -2 2 2 1 -2 -2
-2 -2 -1 -2 -1 0 -1 -1
-160
0 -2 2 -2 -1 -2 -1
2 -1 0 -2 0 -2 -1
-114
-2 -1 -2 2 0 -2
-2 -1 2 -1 2 0
-222
2 -2 1 0 -2
2 -1 -1 2 1
-74
2 1 -1 -1
-2 -1 2 -1
-190
-1 -1 1
2 -2 -1
-252
-2 -1
-2 1
-294
2
2
-291


