20 5 679
-4
1 -2 1 -2 -1 -2 2 1 1 -2 -1 -2 2 2 0 -2 1 -2 2
0 1 2 -2 0 -1 -2 -2 2 -1 0 -1 -2 1 -2 0 0 2 -2
-605
2 -1 1 -1 -2 1 2 2 -2 1 -2 0 2 0 1 2 1 -2
0 2 1 -1 0 -2 -2 2 -1 1 -1 1 -1 -2 1 2 0 -1
-281
-1 0 1 1 2 1 -1 1 1 0 1 -2 2 1 -2 1 2
-2 -2 0 1 0 0 -1 1 2 2 -1 1 1 2 0 1 -1
-467
1 0 -1 0 -2 0 -1 2 -2 0 -2 2 -1 1 0 -2
-2 2 0 1 0 -2 0 -1 0 -2 1 1 0 1 2 1
-78
-2 1 0 1 2 0 -1 0 -1 2 -1 -1 -2 -1 1
-1 -1 -1 1 0 -1 2 2 2 0 0 -2 0 -2 -1
-340
1 -2 -1 2 2 -2 -1 1 -1 -2 -2 1 2 -2
0 0 1 0 -2 -1 2 2 1 0 -2 2 -1 0
-262
-2 0 -1 1 1 1 0 1 0 0 2 2 1
-2 -1 -2 0 0 -2 -1 2 2 0 0 -2 -2
-585
-2 -1 -2 2 -1 1 1 -2 2 -2 -1 -1
-1 2 -2 -1 0 0 -1 -2 1 0 -2 2
-603
1 -1 -2 1 -1 -1 0 -2 -1 -1 1
-2 -1 -2 1 2 -1 2 -2 -2 0 0
-541
1 2 0 -1 0 -2 0 0 1 -2
1 -2 -1 0 1 0 0 1 2 -2
-621
0 -1 -1 -2 1 -1 -1 0 -1
2 -2 2 2 0 -2 0 0 2
-309
1 1 0 -1 0 -1 2 2
0 0 0 -1 -2 0 1 -1
-28
1 2 -2 0 -2 -2 -2
2 2 -2 1 -1 -2 -1
-221
0 -2 -1 0 -2 2
0 2 1 0 1 0
-565
1 0 0 1 -2
-1 2 -2 0 1
-336
-1 -1 -1 0
2 2 -2 -2
-33
1 -1 2
2 1 1
-636
0 -1
1 -2
-495
-2
-1
-244


