20 4 176
-106
1 2 0 0 0 0 -2 -1 1 1 0 -2 2 0 2 0 -2 -2 -1
-2 2 -2 -1 0 -1 -1 -1 -1 2 1 2 0 -2 -2 0 0 1 -2
-56
0 1 2 -1 -1 1 -1 1 2 -1 0 1 0 1 1 -1 1 -2
-2 -1 -2 0 -2 2 -1 -2 -2 1 0 1 1 -1 -2 0 2 0
-159
-2 0 0 -2 1 -2 2 2 2 0 0 0 -1 0 0 1 2
-2 -1 2 1 -1 -1 0 2 -1 0 1 -1 -1 2 2 2 -2
0
-2 -1 2 -2 1 -1 -2 0 2 1 -2 2 2 1 0 -2
1 -2 -2 0 0 -2 -1 -2 -2 2 1 0 1 1 -1 -2
-27
0 -1 1 1 1 0 0 -2 -2 2 -2 -1 1 -2 -1
0 2 -2 -1 -2 -1 -2 0 2 1 -1 0 -2 -2 1
-27
-1 -2 1 1 0 0 2 -1 2 2 -2 -2 1 -1
-1 1 1 -1 1 0 -2 2 1 -2 2 1 1 -1
-131
-2 -1 2 -2 1 -2 2 1 1 1 1 2 2
-2 2 1 -2 -1 2 -2 0 1 -2 -1 2 2
-44
2 0 0 2 -1 -2 -2 0 -2 0 0 -1
-2 1 1 -1 -1 -1 0 -1 0 2 -2 -2
-29
-2 -2 1 0 -1 -2 2 -2 0 -2 2
0 -2 1 -1 0 2 -2 1 0 -1 -2
-129
-1 1 0 -2 -1 2 2 2 1 -1
1 -1 1 -1 2 1 2 1 0 -2
-81
0 2 2 -1 1 -1 -2 2 0
2 2 -1 -2 2 1 0 2 -1
-38
-2 -2 2 0 1 0 2 -1
-2 2 -1 -2 2 0 -2 -2
-147
2 0 2 0 -2 1 2
-1 1 -2 -1 2 -2 -1
-14
0 1 -2 -1 1 -1
1 -1 0 -2 0 0
-116
1 2 0 2 2
-2 1 1 0 1
-32
1 -2 -1 2
0 2 2 2
-133
2 -1 2
1 1 1
-136
0 2
-1 2
-125
-1
-2
-74


