20 2 528
-289
2 -1 1 0 1 -1 1 -2 -2 -1 1 0 -2 0 1 2 1 0 2
2 1 0 -2 -1 -1 2 1 -2 2 1 -1 0 -2 -1 2 0 0 0
-19
2 -2 0 1 0 1 -1 1 -2 -2 0 -1 -2 -2 0 2 1 0
0 -2 2 1 0 1 1 2 -2 2 -2 1 1 0 2 -2 2 -2
-303
-2 -2 -1 1 0 2 -2 -1 1 -1 -2 -2 2 2 2 -1 -1
0 0 -1 -1 -1 1 2 2 -1 0 2 -2 0 2 0 -1 1
-387
0 -1 2 0 -1 1 2 1 1 -1 -2 -1 -2 1 -2 2
-2 2 -1 -1 1 2 -1 0 0 -2 -1 1 1 -2 -2 1
-431
1 -1 2 -2 0 0 0 -1 -2 -2 1 0 -1 0 2
-2 1 -1 -2 1 -1 1 0 1 0 -2 2 2 0 2
-200
0 1 1 2 1 1 0 -1 2 0 2 2 2 -1
2 2 0 -1 -1 -2 0 1 1 0 1 -1 -2 2
-348
0 -2 2 0 -1 2 -2 0 0 1 2 0 2
-2 2 2 0 1 -1 2 -2 -2 -2 -1 2 -1
-343
0 -1 -1 0 2 -2 -2 0 1 1 1 1
0 0 2 -1 0 2 -1 2 -1 -2 0 -1
-377
1 1 2 0 -1 1 0 -1 -1 1 1
0 -2 1 -1 -2 2 -2 0 2 -1 -1
-389
-2 0 2 -2 0 -2 1 -2 1 0
2 -1 0 1 1 -2 -1 0 2 0
-470
-2 0 2 1 -1 -1 0 -1 2
-1 -2 0 -1 -2 2 1 2 2
-147
1 -2 -1 0 -2 1 2 1
0 1 -2 -1 0 -2 -2 0
-468
-2 2 0 -1 -1 0 -1
1 -1 0 1 2 -2 -1
-145
1 1 -1 -1 -1 -2
-1 -2 0 2 0 1
-451
2 -1 1 -2 1
-1 0 2 -1 -1
-304
-1 1 2 1
-2 0 -1 0
-501
-2 0 0
1 -2 -1
-262
1 -1
2 2
-165
1
-1
-52


