2000
40.7455498465518 46.1385316646121
34.6565955981644 68.0406904301572
2.75587403206135 15.7823053454909
85.3091800731732 3.11368045533321
9.46769549432876 4.91346003552053
35.6695545246488 21.2116228175118
7.20366971138805 22.4528549452215
66.0985004083019 3.11826802179944
37.1264756398827 26.4842427998454
12.600570846062 72.8045110657064
25.9514057557049 41.1788606896236
40.3882676791261 3.24035110255259
78.208681180131 82.2890267967961
4.65107137025324 72.0450127223908
84.1261100440734 52.2799478067004
1.72670048336183 31.4060402556299
79.1410693646472 18.212131812646
69.6070314846007 81.7995330108864
24.969743650148 50.6018909407975
80.7206997579914 60.7569843415049
17.7193003367421 7.41854737686367
11.3298571354768 74.3841865196593
17.4146761176918 23.2745165960115
33.0524580307619 16.3353822079824
41.7465923787674 22.7850730061201
71.1476135636955 2.42854748126952
88.0832654266458 88.4811965372414
87.7350689921195 27.6588964899607
84.6082311155499 35.9205945719526
43.2970524560967 59.7871695978299
48.6652169661541 51.5341826371612
47.1491906102338 31.3630207935943
47.3537710548615 15.9496300928683
3.36571729842472 21.5641219950044
28.5033489559554 87.1379242823978
87.4828931367693 64.8169671593862
55.266970968832 62.727418876666
16.5447348396573 84.2005535115781
22.6578448825434 29.622900077194
49.3394014760608 61.1601563237428
11.8742077452098 45.9614685637601
59.4267287029406 26.2725631566293
7.72102664150498 46.1453862078376
53.4825195153473 18.5599089235219
34.8753164623782 63.8336152472863
5.06961930328725 18.1564201913361
85.9571021387231 61.6569514131049
86.5765075670325 52.1482924707706
86.0959023571932 4.04044291744761
45.564558737875 46.0215434752375
20.1520187724594 1.14386608852463
86.0632151584247 37.7768455291437
84.7083263943297 12.897610879451
64.211401282562 85.7317775660182
70.7656304343558 68.2126302381806
31.5714335080813 48.2243681238802
51.6767178064667 55.9802508124671
35.9192381145924 71.2922178174203
36.0888803847751 4.21090506467145
9.29930206890166 12.5146790480466
68.5870300937843 17.1579022929038
72.8443571747092 25.9212210989183
0.538676602019699 82.2627506472781
79.246402352542 77.2706972020362
68.9425220937276 28.9917346739004
48.9543224297045 86.8379588396262
89.5764331789923 75.8616138657749
64.0682981025624 71.8236525125921
13.0044804950321 52.7340515841242
77.8123298687839 29.2952116220618
18.4696339272509 87.7949017781773
59.1942709247864 55.3554923212284
38.0053219618599 52.9465689328337
16.2200281118873 2.27778805326885
46.4645285410052 50.1503411996356
13.5779370105542 72.2034790991743
28.7973879886041 63.2210291143151
11.3159580426216 13.5065585906624
2.88426616822253 82.784883758321
66.0771809662706 70.7353767278267
84.948208354716 25.4615305436754
18.5351215474946 29.9935211740867
17.1010374385589 74.281315506081
4.194654848509 50.1325319354775
88.9985362893096 48.579052360824
27.0897326131179 36.9901490923501
39.112748507491 16.170321234712
0.289105776411525 4.06627716415365
64.0254355173072 82.9800945600395
84.9711953063433 32.0883362771288
44.1893381210787 48.8246927283893
3.38535352272697 70.6379232954666
61.6075603750445 17.5222923779582
25.7966118599907 83.8077412937695
83.191826080263 13.6060642530353
48.8134478686423 15.3038388175015
44.5545064367387 41.7253960532672
1.90320221182272 75.7318469235226
53.5753846086067 62.3386992084079
40.7688636325646 30.3918776397771
4.2015622182284 83.9263976963834
4.23659446942306 51.7960678567379
86.0584272523838 76.9914924936896
34.8094194080094 89.5126833883098
49.0731456493886 44.280477632398
29.7840238986339 45.6847546415528
78.4729130669234 69.5684937623588
78.2909341707518 27.6791636378093
50.2826621316304 30.0348332055701
21.5710561582094 27.4599576576053
71.4067669681154 74.6398973671248
86.7924640403963 28.2696931630415
69.1634741218887 59.340343658648
54.5705286283413 13.5233305093029
59.9075202529827 84.6895854207071
14.3151253095063 19.0164153253023
83.2649818057129 71.8035678581776
81.7369784182276 31.5119510232412
48.2376523545592 1.85892106362139
38.5009155774189 71.1472419989495
33.0589308627372 2.66528833885978
15.4499265306584 15.2598693320914
24.659566851554 86.7725940349712
30.6473760640491 13.1631059662489
68.2549055936366 57.4512888282015
30.915585528401 36.4273247748517
54.5731467673135 56.1482358185536
23.8872650950185 60.7986119620798
40.8087359568043 85.0443433313171
53.5209446087277 46.1490861874544
54.0142122571514 66.517127779597
27.3503716536058 29.9098844194128
64.0681287679431 5.66851943520561
40.356565299508 77.229438239902
83.0144041879798 36.9141279126954
8.4627864387755 43.8148991179181
81.3530059376262 26.3765676714121
24.9042776036908 39.359445130493
31.8145324274811 83.216463195749
33.3767277225641 58.3234300911464
68.1242567788164 14.8909700695762
21.0004597431304 75.8588000773214
88.5721104747944 67.8487844413203
63.1349389553663 15.2209304197447
51.2055481992389 31.121893838421
60.8598881128684 85.3477997520805
46.0670643059811 3.57261138750964
58.8355963249794 43.7534876609098
23.4856282349271 14.0690894038853
28.6495778513261 3.79803001887964
49.9319048556708 88.5250040536763
5.48300886530004 44.5997810182047
63.2714478925079 29.0592183847182
43.7891738680067 76.5959842097625
7.21111184887288 14.0699452661169
42.5867130620398 70.1831001895377
66.377521866775 9.29787551130865
69.8747664988331 50.8868483031721
3.43794516823717 59.0146642548373
29.7358342630463 34.5494945074461
46.1719011949789 76.6099255500425
2.84476747746471 50.4790479596444
44.0689084146353 62.1024867783881
43.8194756272205 33.6883556269507
15.2877221216685 67.6673664362563
56.6326347377917 59.9744978432697
58.3703475538016 71.0022768166944
21.187111422189 29.2695289151931
22.4463443952954 55.2661826568247
71.205432864012 84.4578662172007
51.5570503716893 6.07358360140886
21.3911355496376 19.6351493436359
75.7241712817368 73.4439979644129
33.0141691296977 24.9160584264904
73.8119193022118 34.6285383086081
37.7065717048937 78.3651021304255
14.5712981922567 33.7095135065398
16.2153385879386 66.4952409213532
49.6864354808915 48.8991384309762
81.1461530495209 87.8466920686828
38.1227416341965 38.8797987804382
31.0435389076587 50.2665114426755
79.8447091267451 61.6916040107225
65.9789612864445 31.1599332868557
48.1962216675955 70.8533779334751
37.4616326330411 6.08265916846896
82.8040582459701 49.8088054372121
59.8510132053228 7.311713247691
29.1846614431892 10.1893186781068
58.156081122475 62.4644844748698
88.7792910321258 64.4326464809296
44.6688936651084 74.3977238470578
57.0628575304763 10.4190967476588
14.1427254884908 6.80250710362593
21.111978897366 44.8147758408465
88.8375832602519 65.7395435820438
22.8611302862692 22.2960803595407
1.53017502260308 81.1300136777513
19.3957347459737 59.3453756937784
66.8890512655142 49.2264927564258
59.1998890647697 15.2269648199684
83.0420845253672 64.5256343275786
23.3702486264536 2.42897841452212
58.6422655778535 80.7717751764028
78.5222778740832 48.9831232588396
89.2810384307776 22.0417947148751
3.81501743256624 43.8378533535152
6.42164849333465 18.1810325574742
55.1915615870166 5.81126436923988
36.6691618758171 55.6473842235795
9.93821162783274 42.6145993773796
2.07476372288813 33.1013820663664
83.3349210399083 22.069916266621
39.0826159696897 60.7364146010602
48.8082180041418 4.42463407113117
21.4568948072928 3.06359692147097
75.3076193757789 48.2722642937872
63.8738103591681 59.1021040920941
64.6858355277699 43.5823805481144
77.3158204788271 57.6455248917483
40.4640032698817 17.2400131046109
50.5849532749634 54.1370632453692
40.5377826430577 42.9292150003191
45.2809728359682 37.2246214927244
85.7383879171062 68.3059273727355
85.1054264787645 17.3532446605677
24.408824820011 43.4632269658387
66.3859102128938 10.7068396071406
36.0571047944869 68.1860525291575
52.2217446314345 49.7314160216386
61.9726235490037 2.54001195517638
7.80378871945747 59.6884510209259
27.2063142547678 79.677101352701
23.4271915162778 78.1021270737962
79.0954760438657 15.4491286624027
83.8558801450629 3.22809081041811
70.0432914493505 25.8011986104425
55.7404183513465 22.5865843002684
54.4887115328606 52.2097831640368
78.5923403574214 14.5413028856518
29.7053965897551 37.0536916111335
24.8790987983519 31.9932512664202
45.2246843746675 83.8928800873463
50.4897602439926 4.64057656714893
0.141875318074547 43.4435134435067
84.9193171982466 11.0335470067346
8.51501705463026 24.1182489024573
41.7503466514803 28.518257097924
44.4570934180492 65.2030898683905
62.9838709819748 81.2182075910373
68.966592014634 11.9349425605586
39.3982446533122 81.7271049947437
67.0331308251757 62.4964713077763
17.1271900625913 36.437289287563
1.83346244852149 24.8970434504992
51.7103253980435 58.4727417039162
17.8061833996636 40.9970729152424
66.0801627966091 6.21705431240677
84.1072927990504 77.0430400835662
70.700234108143 76.2312246103614
35.5083227317151 34.0236799943521
61.247134442022 67.1670853736657
1.91701131727097 12.7890878286454
15.3680934873548 51.1241561061253
73.6582451917465 14.7147569224233
40.9139061268977 58.8825831703926
16.2104671135391 17.576452833493
46.8334405801079 89.948295250019
26.7387600489071 62.9111898868084
30.0166582878485 47.5229155456243
68.6230872789374 6.31253257782866
32.8820439680229 18.2666304753499
23.2924604998741 84.8443768432367
59.9539353474846 62.854794711585
25.3744458370266 17.7468681573921
6.30828476930166 49.0158048197281
53.8707063896198 35.1820675412959
45.1796656084493 29.2382137746439
12.3524377119403 57.3024512264356
43.1522982758415 3.06842885680027
80.3688873067521 45.9556476121117
22.9074689218423 75.9182966774749
16.4860128859187 52.862935840995
81.2236211808176 35.1228211627868
33.6424624903653 5.83749959035416
76.3069034983667 35.1064557639881
55.3702740226155 58.2101314099927
78.9096157997311 47.6035374164338
44.6922048175439 73.2551066010295
27.4946113633775 2.81917292480216
34.2943355792796 48.8899320159059
9.72863643734645 61.1158041551995
23.5454243191392 82.0909925425843
52.425650555044 71.6531024139627
53.0302221198592 39.416623323254
88.4308636156031 74.7643191108845
30.8806168844762 29.7553757674242
59.830929668259 79.934550797654
21.4005452105978 46.6374696719434
10.0530843396344 53.3784958949703
25.6539548557626 79.1088147306618
31.3905837701671 33.3038716924941
30.3337890660235 88.3271591538597
16.1389090374927 85.5810788752056
71.5084936413183 15.2453961629751
16.0175641193036 22.6261037228073
26.662806705432 65.010769148137
80.5427815932252 41.0908566859361
3.09516762540593 1.61952102454556
5.47776161158115 46.2498008891433
30.128803510111 81.6216984238378
59.4211593495634 5.9867158708532
71.5346072312832 67.1399111698275
83.1165391185773 38.4981402735171
9.92056391444482 25.1835418310425
89.4869888237988 43.7403922115583
76.3384253859673 82.2385241563265
47.6559649449824 39.6505307597011
0.847294113165695 72.9127304469093
4.93901912918606 16.6514491482064
10.8368427308438 71.8671717813132
12.3472343498362 51.8029863251697
72.8177796759391 38.0790880846933
52.5206693999323 35.8152257584689
56.4364839777425 42.0861473954714
59.2419335327134 64.668309705043
77.4589477337493 68.4121926279247
74.4173079813602 31.7958199094535
2.40833141716198 24.0318170892166
65.516319080916 60.8117265254555
86.2417104250879 66.3299313909975
85.2048691873716 20.1285729392341
9.1142108110893 0.899351086786737
24.2037068269078 5.71635341466973
86.5119970467296 1.07419203862996
38.3142566637052 36.6029161845092
74.4036639511141 40.0998098627285
8.6682383658319 64.1045549053714
60.9905506081828 20.2543410650429
37.2047335189263 77.3165877787924
62.5467174361252 75.6461988936799
0.410240427463826 11.3693818877015
64.0739562866603 30.1968081589266
7.41482602636648 66.1016185369625
37.6949571987835 72.7542822356621
2.51952126538921 63.6271501536034
35.6424765379422 78.1381559264412
79.2825236815522 57.6150860429404
12.4289684422169 47.9233762497181
74.8828475504499 55.9531012830681
20.7306826346705 57.0361966930336
55.9547111340128 7.62224817879357
29.8080842414515 78.0411249938808
55.2905054501423 67.703597626566
69.090068855897 30.3571972349867
59.6066272450715 10.9119374130735
38.9659054963854 0.260670970806061
62.8259302970404 26.0117208390349
82.0921796522655 78.9779513814347
64.3739115672792 20.3988606477184
78.4906044034875 61.1937545254548
39.8258137664442 57.2268916079497
63.0255787223645 87.7392348073435
38.2674682996721 33.0752649085015
67.1873547929451 1.49888977361165
33.7916701437493 59.5967236169443
19.2553044183391 71.0060017019357
84.6461221205395 46.052731466297
38.0811264540159 49.1376977742069
19.2117133867669 28.2699277821285
61.7855588865242 71.8519500761427
89.0186482378456 58.4982536329118
6.16752613445588 25.8913433347183
26.9810260580912 26.8434793544896
61.4288661394618 56.7835519473827
9.23385878540724 37.1899519315402
51.6352496659721 17.7933071757604
42.4662930746559 78.6117759518803
11.3934414873667 77.9134706831702
16.1337418532193 60.6054105027868
78.1117269389412 76.3442135537335
36.3188667260208 10.9415988449218
23.0609900509687 86.0691910526116
35.516521334498 75.4484481948335
89.4792339608614 59.8842567408059
10.3798685181898 67.249389417211
61.891785292208 34.6186360838335
61.4517691984011 77.3431878953556
25.8681378725422 7.85999000853252
43.7275089820239 11.4881661671803
47.9813206660946 86.3413335912547
69.1320576950176 54.3678517094579
67.6850232474857 65.263474828771
27.0086755242881 50.355145150011
54.116932662338 53.611893875342
25.1483652987619 67.8978308110737
23.9445312361167 36.2884348505989
46.1652518003056 18.8170884621497
80.7939289281539 0.328720958133744
14.8465239878271 24.4961281123559
61.5763593087673 69.2349698290133
24.9634327683743 53.0479242254578
41.2152082886537 27.5462703428111
50.4745724763226 2.12602530619364
50.7831277111027 20.1954471530269
24.4253126062232 88.6070569105981
23.7145799924344 41.2429544711097
61.4193035452969 63.7200071932718
48.8961483243687 80.3381056981873
20.3534935752206 74.4646970572598
17.3188104339345 48.394640884565
52.0251040155449 53.8949300610121
71.8555150392683 1.69985829128734
47.3261184903897 79.7336331675272
2.52204853860423 64.9159570787408
60.5460650994078 33.9945014067325
87.0801538061145 78.7579501823595
88.0669074913815 22.512553975048
17.111560193582 71.1327913496221
48.7306170693642 60.1389706525995
72.5783789816632 44.2495207629167
40.2422693554912 20.7440204867525
85.7428843513698 86.2328004083555
50.5230517415654 37.1911634342592
86.288637444894 31.8498841467479
84.7393132455413 78.8901217031928
26.4418737384619 60.7624135222144
77.6569736124975 64.1296275910673
61.7549694382474 62.6787638089568
59.0189523123243 47.2613554820611
77.3516391214358 9.46205102641073
28.6978824380854 47.6849018327915
21.9218873563858 10.5644309730305
42.7435125243193 5.79745267112571
65.7898100663739 41.2968177769464
43.5598824815044 16.9455777184113
17.7977365762635 10.559878704368
35.8140111265081 57.2713627812382
54.5717138811703 19.7240062552891
65.4222848520037 53.8783734431722
3.83132891931378 84.9204936940802
12.028967484579 54.3764570995813
2.81394808491118 88.4616110882322
82.7978909457668 17.7545391693662
66.1816450168088 7.83666485796502
63.3184032609807 23.4880535147706
12.2951382867581 76.8333855202445
40.7846121035335 12.712393587963
89.6997338579431 38.5064968977807
67.798021178849 77.4073067961837
49.5139158705551 50.4693957798069
76.8940911578534 70.3131889561024
85.987752462258 84.6144143212187
82.7573007496263 52.0985900688056
66.104497928018 66.4990619315392
0.566985191245415 69.6150065249616
78.2337456575027 20.9459027126163
63.4497239214494 69.5237255431368
82.0739067991827 4.20554600146865
85.5554858952952 22.1185952265093
35.4457587596775 60.4287890289373
75.3167381325577 44.2919419291061
79.7550585307583 67.7809506049739
27.3387268630397 54.6532910228306
88.5133277513273 73.6472536629864
83.1273247171464 10.1064127497801
51.2498343366253 50.1748654383912
17.4380413144862 55.4449918140456
40.0115298505139 52.8847033639567
1.21458914579339 59.8114322219337
14.2153435798467 12.9761780114359
28.2455605228619 15.7703904835567
72.5761041958839 69.3936269318033
47.5632870158382 81.0543841991356
2.80744513261102 41.0360672218293
89.9792576110528 15.6860988290742
57.6713710440831 18.2112146704029
6.0687682304528 85.409384358182
51.6813676523184 42.3601396046881
32.9168216414916 83.2373163655696
16.7701245513127 47.4713349393716
74.1891079389662 68.9741584144117
5.32890470362215 64.6818843911625
70.0000195833932 3.37836498423378
64.0120766149299 3.10082781690639
86.4554550767269 10.1786267255093
5.65426818147682 36.8882312946736
53.2670344841201 30.6135191332397
75.8813735805606 3.81667944366363
73.967467040529 60.8043734550975
53.6688917238613 59.0402541380008
19.2005704129087 33.0861566289646
42.7994810182515 62.6773879140362
50.9606230726134 46.3996958884771
55.9688880302374 63.7678320103236
5.70657200032915 13.742088472313
38.2859712225261 75.0235492845309
34.8180214190898 52.3979033784419
39.6624535824862 74.8612701748334
23.0021618246918 62.8895896658609
44.2379151509717 20.1494752398879
49.9262331780901 3.27926083063659
13.2831712694432 32.0661363893243
56.2298676162236 68.7080995579269
69.8606075910307 61.0804648667836
31.6430508122496 41.6233141159761
81.4478835261153 64.0047582935912
13.7119269407786 78.6558786787089
0.8545924255451 78.3156688919392
25.8334193380136 5.58281290231342
28.4208169648952 22.4757286659144
35.5942616098492 58.9101687865756
12.9878494250383 80.8033166094759
32.8639468750518 27.8243087342676
41.5018640983446 86.1503313767793
83.2012415893125 79.6200168022851
89.5445681261822 20.9436219705341
20.9867197105985 35.7505059990689
50.6538458749658 13.7888111179675
39.2121707372833 67.5980342051237
50.2734633182004 23.246518894557
50.9801463597936 86.7922357462859
14.2127544219487 15.3521449188975
29.8611464818918 22.3632644662244
46.3090866147428 14.7695003174001
45.3445652853424 8.04207339776667
28.148341872244 61.500975558827
27.5887505980008 8.66628754931654
66.5274661656972 39.5229061688204
7.41256907455448 43.0167191417565
63.9647610889329 31.3021876079931
57.4538387486916 31.0699014691439
35.1209467913623 88.2696642088314
41.5372342463838 60.4900548315559
4.34920145093908 1.10599671893503
30.4640790951104 3.09595202568602
42.6928486071016 31.0945480570307
40.5672358298687 18.419749319668
0.653663320015916 58.2685416197944
26.8314686532564 33.8564671447867
41.3987674844119 31.6705317014628
58.8053658550613 69.4036779594416
63.7311494891235 48.2124028452704
11.1895765590725 8.92818240849884
13.7479321862805 4.49349940657555
17.8990566945965 69.1871487623528
46.2281655952793 24.1326645429421
1.47764476016878 41.1142765938345
50.4994015704959 6.05226061675474
42.11384343414 17.4214533434916
70.6392513359861 85.7040023003039
74.5108482335621 13.4387933452263
12.0789399561746 4.15582811576137
64.4900057685945 61.8862345246092
22.948266550009 70.182065295847
67.3344027088183 41.4385657877352
76.0272086047798 87.2392112415819
51.3534886551675 72.7981321959278
44.6210923213349 64.0457911053099
38.6420614981999 21.9152108707056
36.655398730349 65.0734428652472
84.0546381780179 36.9199391995168
67.2973953724729 81.2638482432773
76.5646125145551 26.8437128614474
26.9329798828532 74.6372612648424
71.0268516010494 37.4791608456853
23.7432989503054 44.5571246309483
37.1564041917589 86.4160480752406
84.0447718435855 82.1957163782074
76.5995964537765 52.9485347771742
83.5148020297877 48.3743864772942
38.7975803177573 44.33960662839
82.429846827527 29.1211408547203
35.1965695715871 45.5734509830268
63.1289458513596 53.5283357817233
86.8919057294292 62.5799084119743
42.5909878505176 40.9152745851868
53.1563101237593 52.8463175643803
43.1190797784609 73.3483524743709
31.511764866109 64.0340198202995
28.1249195442974 12.8148656409653
36.205232732893 32.5196522910115
82.1027309762874 80.3863185506599
36.2449952122066 17.9143585939195
50.3641807027257 57.6543572228605
70.8223939316791 89.2133101084163
21.2410021320619 30.7322598627606
41.785206427806 39.1393341980063
8.08063947281664 74.9889925685731
19.1969279738307 21.7099677313583
37.3690377889315 8.64918668511727
20.9799348835501 23.6329110375591
47.2475892344073 75.4631299182571
74.9403712400056 51.0512642031784
35.771192945593 29.5955356486418
2.6512523224201 19.5459013393587
23.0921267011152 17.8109761749189
18.5574792556825 3.75459762168028
87.664866994928 63.6954222238374
76.8071558111234 25.5233272567514
31.1326827841907 11.8095971231742
79.3163466415389 43.8680980035182
50.2509127111911 84.2382354714313
9.76130968909924 74.7185380878755
54.4856658968056 11.7159346442034
56.8425909705484 35.7091519745352
45.4549010876246 21.1934120052373
85.4522564776221 54.0826573339842
62.4477334086732 44.1262062108681
8.76755085464954 57.3992601794835
72.5604035016525 32.9172864198869
75.8172629123502 24.837398258538
57.2995615386854 34.1807491229964
87.4355973303192 69.5000927067962
14.4574431671657 5.57056669695292
76.9080171812726 42.7749818526001
24.7314153736989 19.2355202823607
43.2289400846436 28.0390342877514
15.877149367245 10.9397512974161
0.222558496970287 57.0177100128917
72.4322697068594 88.6900901898507
27.1491551667054 66.2009147680848
44.7635012780745 35.1561140534449
2.70572023847148 49.3406564926247
13.23446053345 74.2698906194558
75.676727591364 79.2251825170114
83.2311425621859 77.647063848751
73.4200439232766 7.33994481804991
13.2106525978564 25.8166972148807
37.4981156105838 29.4272931560342
25.6709126376485 0.00739768528355
83.632918251209 42.5505683682185
29.8095603502847 70.4424299589007
83.6842135479814 2.06086052009205
20.459672145485 51.7257307391849
67.2289299327572 87.1974495137997
3.29707408449192 7.69444569818113
54.2111018285974 42.7860801967549
46.2307782126696 70.6001966471116
58.2235258611387 27.5767440694061
69.1130921980386 70.3051124938463
6.21093538907427 10.2027914088823
30.1596716162296 31.5006141396545
67.8788088780456 0.325927828541168
30.5420063499648 6.76633113188387
11.0577304259202 19.664384541863
60.0145537954738 44.5004765838216
87.6487228121016 4.90868357903707
40.6576681358304 34.2367230076577
81.0329177371878 77.354583768058
71.1108033551662 81.197434226751
64.453647051905 4.01384510651276
74.9512992238892 64.6818011394907
60.7602341061546 41.1144008981959
86.1867706592895 30.498421832388
53.798965525385 16.5783866429868
62.287302356579 60.2660281436935
82.4506401075234 6.34921145186205
7.41758152877768 64.6432069267627
85.0696553675125 34.1307311186174
72.9001481724022 52.1854476047584
29.6199899164733 56.3833231630485
30.2186718380072 74.705071455677
47.515246545746 73.5512393513612
70.842160613933 33.0029594695284
64.9821488247154 75.3933416787383
80.9365224530508 29.7899293370189
17.1508228125716 86.4856019233405
52.4423355611945 48.5916952162183
41.092924535664 35.2996962856632
12.2794328512031 8.34070898236142
24.7587883134231 24.3060358362957
25.3546115875141 72.021968135294
34.673222447897 6.48923834583449
65.1324331301406 26.9214724241511
61.8062287125855 89.9689356625802
26.7135942471913 70.6530004956289
45.0368576733866 58.0479856885294
61.6594031998001 22.5226640807331
0.552448991824939 67.9093471314177
4.89768833858168 42.7484381576986
8.18564316439772 89.1364596296541
74.160406380106 30.0473779479836
46.1908756050157 72.568996225526
89.7742885692078 69.6072766919038
50.38700396319 7.33344369990498
43.8329439977648 42.8807766871736
43.4168035597655 32.7496974186364
84.9342893292152 14.839932417425
0.143937908758396 39.3568641101266
77.1447100184932 1.13207079221119
62.8473538550131 21.8549635135551
24.0095200092189 85.744493447683
35.1621573430611 79.7220930535556
7.53642593798421 73.8585176678947
2.18074874792276 35.9903479240869
15.2527854496319 9.08384404957786
20.6242239585207 76.7890652689867
63.741857797998 27.5964430617935
74.0835209874871 22.5405025640521
33.4652394505373 84.6956327026559
25.1454689791873 58.1120061914162
9.46573842792798 33.6586712118999
21.9488581006253 75.1349883306391
31.9801479270438 51.8563792386848
36.9499997590288 37.0837815845795
20.3768816616635 6.92472392312268
33.289778089161 46.4474709270768
83.8929695003836 43.9841537123866
68.3859076797499 51.7257412404059
44.3195076689329 80.8878972316338
3.81657866707943 62.0798409995507
26.3080709167026 86.278099633843
18.7044501959715 51.7320268317077
73.1759288233419 77.7975547093632
19.3054605366972 66.2548949980673
87.191589212432 22.0072873507589
63.1955204625217 37.2929432118616
29.2275625800523 74.1240878858591
57.2018806498825 58.489580292074
30.3015141231222 24.1443232219716
73.0069266692729 11.1819105792321
23.8238181859172 33.9797321301467
67.0475163619107 19.0626792104591
2.3194955150171 47.0686727921591
55.0028865062103 1.74949176272321
70.6486981586626 61.8113158120449
24.0548783540853 73.3827837494609
14.6444824608713 75.0606964655486
41.9084356999506 26.026159145529
63.0643817050308 77.3647274486172
11.7756688059449 50.3139588756987
53.248098612844 55.8016395012174
34.2694810121379 76.5136496531736
63.7734513424103 54.3501298023462
2.6369861828314 60.5503478208004
75.9083447815042 64.1376030848745
80.41112296515 4.32920241791521
84.9761552964106 85.0647277182808
52.2168298617182 13.5601729677047
8.57587535982557 72.1694634631665
52.0901925577361 1.34376676488223
63.3634268024268 65.0552262658816
82.899252193647 83.960793833057
25.5775885983815 56.7439416425572
28.9339671484329 75.3694842036337
8.4720235770995 79.1225072353298
10.977649645778 42.781924629055
43.1258767773715 7.80277257969473
40.9021529551268 21.9602761057968
8.45636825368171 73.3533927382636
9.25217961085853 40.6241920377036
26.452919403835 11.8438349459559
80.6407682294286 8.1089461751079
3.47042701043168 38.996488365006
64.0354742964764 45.1759921560606
30.2140994459838 79.1640492500092
49.6375172815717 83.2584373402221
10.6314922674038 16.9158294619477
72.1297724672337 56.3704860941436
78.4165907931084 16.9352569944309
81.6715707958949 58.9531491616995
36.8223425610215 5.01558462768067
84.5502379795055 62.71512660607
74.545742591838 84.6089934268203
71.3592835221096 65.9541817376856
20.0996188077836 46.5893752195164
3.16569323668393 13.6819979962441
17.8806030995989 24.3974028303136
80.7018757465633 21.2672234725889
82.6964431339568 20.3760971221482
8.42803058222433 10.3240656795138
1.73869903217618 86.9032349391343
46.7492657013344 59.4505528286186
66.1501530513773 65.3224956779767
78.830366520232 59.5427403951079
47.5209972285617 28.2063002271757
82.2913361353344 24.0065778486158
68.8277421829575 77.3204923632881
85.4423223236158 35.3174234383907
39.160524267254 48.1574454704952
26.7030848630015 78.0810077753345
87.5885838738141 34.3187672280506
79.2375104231892 13.002392544828
68.954373808259 2.15205710436734
80.5198253047973 14.0891878492393
27.1337746949695 59.1821834835525
45.4426040419868 6.97418359683994
43.8364439344067 29.0229859550089
9.98933275174725 70.2480860839788
70.6692874194293 23.7660270804299
61.8594298548003 79.1905650244557
34.5914324079376 47.5467866507048
19.6194877193341 43.7710457148927
87.6338417570657 31.9948709591515
35.444342104719 61.7676394311342
37.5298014621647 82.5688037859414
79.4209172187506 80.8078560731077
75.2997380765036 54.304881038209
82.5548812409515 59.9391093739193
83.9293808307332 60.2378815470964
73.6635730703552 41.9144743646763
36.8716736843562 70.0190492429383
0.381396719225968 29.5418143649131
8.76846528057204 29.1743737914894
1.04716966389883 20.006303410454
28.9472602404622 83.64992960903
73.1326025728282 84.0110737001498
33.2837943551932 9.38354320882048
51.4263705300234 84.5792687401742
13.6133753887983 24.6026324655889
55.0884895693546 43.9318704817802
26.0538329539479 73.3648558027407
20.6671724636794 47.7442342406513
48.7631411097653 83.8438948567654
70.3985572426987 10.0712875823137
88.5144860620361 56.8753926522069
17.0454475254222 45.7850509378296
72.323628719489 60.6961906928278
17.5625959111727 73.3159784744318
23.6391963806745 63.8009122108474
21.6610750747204 87.997965202443
39.6538265860595 18.8704704214653
45.8390882066885 54.5382168348518
15.3002276033613 46.985650471982
48.7721401242966 20.598622672163
11.1268423924385 64.9394825805435
88.0984318408062 44.3008641127937
84.5449295379363 88.5987800490614
0.500551288258642 48.972217968453
48.6827825531129 68.9444891416349
42.9739015228484 77.2434788470301
31.908059657413 29.5730506079024
10.8375193382878 83.5569655587724
83.3081506663545 45.089674123506
3.0449955265976 80.8531977748859
15.6625605893357 54.2910476814948
22.1567093241386 35.0530696256153
11.7970495783064 41.0814114824367
57.7022670316409 5.9015684976076
56.769648838179 16.5138550909571
57.7447742496628 24.1037260719031
84.7247773412972 50.0281027961959
55.8781800055626 57.0908940505946
51.3693974037343 79.3500897752056
43.3920149771057 22.7439930734242
17.0188750626921 51.2092781826468
34.3641157455655 57.1003407113922
60.366685594203 75.5755790602697
6.33807891253678 47.9787492969024
36.3296219583338 20.3207555901704
79.2169442620299 25.4274543268927
12.8857915665751 75.6797178804405
11.351537370196 69.7260716952114
74.6088194350272 45.0139802989198
56.1988265133125 51.3265515597298
29.5325113996622 50.1886119928606
77.5750118006058 52.4171326159875
68.3213664192884 60.5066874664272
61.1504164319291 45.62938574554
85.521374537654 26.7160259660045
66.8807906797896 53.8832931334881
71.4524838205804 16.9316078935758
76.8336695084813 16.888242050766
47.1036210420611 88.3496912827929
69.1619452957536 15.2372744076032
64.6772968265032 11.5668991609056
79.8617140205256 84.484500525376
43.0923801976151 67.6987501354138
45.4497883341017 52.3608954466419
5.15807610777902 74.2212537015016
66.9771815402088 67.8308799447949
63.5649851197075 38.9599151020311
3.76958067977977 38.0264834673873
41.5592632378641 24.0527365392519
88.1523713268333 81.8081019885738
62.7930229735982 27.2512989984006
48.1101765574174 85.1854923771957
53.3251502231041 15.1619669505495
80.8354477736305 19.7642301953687
89.6911100591985 61.763087202771
5.16280516026047 58.1595009281325
53.5340753157825 82.8977591521265
5.47736461378268 34.9059871729648
64.3415203290941 51.8089325908364
80.2694938049807 48.815211735092
78.3554428887902 84.8251074467046
55.5673275728203 53.1289594690637
63.4626039031329 50.1243895447197
35.9939966191204 89.9441438034712
21.3563257510241 12.2254064770566
55.250782858385 3.20842712444197
37.5008304918015 58.4790726035959
44.937890284893 86.2645997076843
27.7258458594902 14.5983803970667
56.3204153682719 86.506548257199
56.595879916059 1.4976496376574
78.1878931740318 65.8710881727814
31.4739355853393 54.177909112754
32.0499672756089 17.471591078826
82.8498589587336 61.4707878046765
7.2137852457649 89.8342655848565
12.9337283596586 17.3691284185163
16.9940112464568 53.8252674071529
58.1926303823432 88.2792109487401
51.055333741026 60.337602526855
76.7843645071804 86.4575650765098
41.969227611009 42.2945776897473
17.0689201203517 11.6150839751734
21.8849057062052 84.5690348615643
37.7684119322927 20.4367482950834
84.8843054884541 42.6461463180528
53.6381210549314 68.5087607157933
1.47186408732981 70.904126231556
67.5488476589881 35.4557248323131
34.3659832782648 4.67667122516211
43.8612786789978 37.6894675417483
68.0746469381425 38.961382950439
18.7624977584607 62.5134446161108
25.935565876527 19.6511343220245
79.9088010186898 88.9362910396392
72.0978652525266 63.2703360462848
22.8475899851962 61.732949307031
62.132407285618 28.7695662225582
20.4501463298984 66.9792888001961
45.938916655912 79.8931754716611
21.95567547923 71.6178035939198
88.9562310548849 17.3732994905686
65.9515411572091 37.0991576741657
5.72085069864119 19.7400123398678
82.3509355620972 33.3381793584687
50.3375125809054 28.3091682845414
74.8958311546244 77.7096792314256
1.28789546218012 64.0121386521114
64.6709234658006 63.8236161936193
64.7522382304797 42.2403958251024
56.0059404971126 25.9129945621897
37.3566431360824 67.9760906991099
61.3335723041603 15.7754909475957
7.12848051976895 30.1802772502526
88.174209589845 85.3623428928292
22.6951394455122 81.5061688620602
69.6242698798207 20.9570235871448
16.1578191310893 58.6808866301812
14.3890212703575 31.733542066393
80.1778327685883 33.2486875582546
27.742054207796 69.7812096734714
48.6118027416553 32.9956475137963
59.5729116117271 45.6320906579806
32.8148000676415 51.1460477132322
3.44802452315012 14.6899474736003
32.6080654891869 49.0914359771296
10.8803899241569 27.1120797200352
0.732117682474005 9.51875076795453
33.8434144847878 87.1309785167955
35.1895573780815 10.0840710634865
1.51573391741717 1.41201611755655
52.2109440025728 80.7411405098726
82.5966054818037 54.035056417286
31.5407579048583 70.360340335636
10.165191225448 37.6018624577804
82.6293864576779 31.0100254791813
71.2778630936526 55.5304655052341
13.3339761615618 35.3492609798106
32.8807021109341 0.702104332969427
5.5334654212945 65.982772028041
4.36862904557227 63.1201980721671
71.7013219609423 77.0428836754586
12.4078428565879 16.0979414783649
18.4595790688202 48.5666799012513
67.7470694290869 32.7542060036898
30.6632676038797 83.0853474131479
53.0880943758846 64.5586685710965
79.6453213912172 28.1261521982843
38.133337830804 18.2237681194965
7.71151034789266 37.0647350356405
82.2851151946918 63.4295397896911
70.9889309635873 27.4007239515513
4.60693203960961 70.9051615367953
59.6576695013075 37.6106969908312
15.2086880038397 70.4483074958679
22.8937882751289 23.5175814112448
61.6599578712027 8.64393326082904
44.2712152578881 56.4726827046675
25.1118860090059 61.7409071554695
73.5801578009421 48.4529742608191
79.4285293397008 29.1720684956292
37.4338470235587 12.7095479380144
5.53774118720096 22.485651685647
5.85939332223216 31.9952874955198
76.3234286219562 48.6326762024088
0.309327136170019 37.4478030970501
74.8543254883515 0.627867120931569
6.93293019994268 74.8223200283864
15.4546276266771 49.6761476757688
8.21938963655651 52.1578665023714
87.7809898400335 15.5969738307871
77.9859336310296 33.9510851639293
26.3616583804624 76.1378187311171
31.1642601677991 65.4458473260169
22.1679395632996 6.46283282477391
8.3078874728368 80.8279479448491
9.85347839027799 19.0953978468634
35.5505432356548 14.1906055629595
74.0703163268288 52.7837232152243
13.4019358338189 61.5418592758187
33.3039452156224 88.9517064186707
69.9734175066623 24.6165223843669
2.49154881572512 53.0239776914317
86.3584538766402 70.1596510253746
55.0721532013759 14.9963099435922
27.2278045521833 84.1573203211098
48.9753838553768 81.5196951420717
10.47058146391 47.6115255386468
48.7697113602536 8.6172329246758
66.1092944431806 25.4617854395519
54.3933766081118 24.7344215504442
29.0255042275635 40.4915437682445
66.4636227485337 20.0127401794304
50.2227487066776 66.5120402904458
38.8922793927224 50.6131871491719
88.8454470417902 71.6510998883147
71.2239729836826 60.5603912322091
86.0823872147634 6.24749437778455
23.9983633168087 48.5887916833776
39.4943413676122 39.5389388579206
70.0111345953281 1.35186518435773
22.3177669294575 78.2720113635762
10.3633975424296 86.0352837574236
65.2678624297099 13.108951380211
82.9421176794409 39.608708317535
12.7096507936082 59.4527865110563
29.9587034503569 68.6466897912312
5.99868993954306 53.4528628824312
79.0774288261934 55.8731489751457
88.5250347821057 9.87787526270779
53.2880394682702 27.7366586910998
54.7052877314146 89.4571511326372
77.9938355751463 25.6096528393811
5.04769395922597 4.30424933801973
32.9783463878874 32.1245943231306
75.696006675205 85.8848365588384
58.5026701279455 4.09187156500963
32.4221390368409 57.5570447515583
87.0118810342472 75.9767377138
19.1031430843634 44.9272989865398
45.9317166171293 63.7865984740436
55.2674885275959 77.2292016503259
84.8682397906331 55.7288578082941
70.2907962618381 31.6709112781133
63.1495146065054 18.222766772433
58.7987758893445 7.03826893311088
10.3970644972049 45.8745827824672
62.3733326255037 45.1567794943379
0.612172718052513 26.3028396201256
55.7266036799346 50.289695887671
72.7754059433964 23.4120474786248
85.2813296108548 51.7105363001889
16.4733113417374 76.7357879263109
7.21815856722539 20.2587077586474
66.8763545526318 33.8364225188488
57.78741554912 42.8123784065964
20.5725738043076 41.006988694828
20.6834550819168 2.11740732770217
41.1618900181817 10.5740518403788
48.5273927823195 48.7048320901561
50.1437971615258 71.4101079098617
65.2295877562716 29.9070786597101
41.0953023129754 71.7418241155955
45.8322410345587 47.1829833913176
9.47917215027562 21.902124303322
46.4536545117384 56.9976487236961
32.9116784029372 37.2656495300529
54.8792946064214 33.6516635844174
8.29271393014505 19.774837606677
66.6394189202647 89.1876170754172
22.8330829960285 33.7444426400281
71.0266538994452 20.5248288700918
32.2315781195844 8.60031633283263
24.2352343595487 11.9965692300003
18.0974185966314 79.7909755034078
82.1271369416033 70.828906349324
34.3952003493557 24.9676641845208
74.6130458387067 37.7072884453223
30.3451427645917 66.8265529561489
23.607589507729 19.3643130262851
66.4910865651594 77.4234576630222
1.20672944721246 45.2767053020512
19.5457797202788 69.6772955790094
1.13044297061432 7.68808784824181
82.3889589868726 85.6473986556979
74.4178351402317 12.0880491736698
39.9462853617096 26.5713027570184
17.7358216231623 17.0894970352644
74.0489458488866 74.8122454460289
66.6390727829981 21.2659588215644
68.3628899506531 64.1618537801523
23.14310282302 83.7006099921962
81.5018754930901 43.562893046816
28.9666025557496 25.1530482424347
42.6572187155019 37.835771447107
4.37450725168421 75.4371995411034
55.438602474582 29.3440538330997
46.8832370830955 8.18441320200883
75.6788770154197 50.2665929421681
23.6556059492303 28.2552172500785
84.6893119916936 57.3894920089378
40.8054060647558 66.9874815518617
62.001881619892 88.7850057033712
75.3697782510489 5.7937594196278
64.1287658871364 79.9316685056355
75.8632158486895 19.3376963110136
68.3340338492266 69.2756367600148
44.0874858171451 71.4135934399739
36.6443268824139 73.2059208556924
51.7898724013594 43.9679543452422
17.961230118465 28.221593639879
4.16737250664173 81.3187497440808
76.0039002886668 55.9820724450028
15.2788575616916 89.5822868328275
24.8808896104016 25.75962136188
78.1058008022821 19.8845925804655
65.1278041398026 40.3180878395067
20.3283395800733 63.6974006291567
5.38898998601777 77.1132248497039
75.3001763449504 31.0811501246275
62.3342359337182 38.3134885029174
16.1462736031156 80.1538506144432
77.9862802737742 67.449412416631
37.3194204989153 28.2701920655563
8.13862377758038 28.3009842590995
63.8930173602668 56.339705838057
14.4249291573605 2.37683313751695
10.8185061570395 55.2246397847792
14.1437950938621 63.4692787415048
62.025592973027 39.8267803328254
25.6575735992422 28.2469975784976
65.5496895050047 47.8768049624941
22.2369464048743 16.3850170823651
70.2399183727958 7.97031190738593
33.2573307546675 54.8311782242867
31.2929547804976 89.2725137817081
52.8455140177882 33.0053055196301
76.9374592576598 39.9933701684444
34.3403753745217 32.278422377115
48.4715246182066 78.5793758251765
52.8063500832748 17.2397602412487
28.1643334844788 27.4779305335935
4.11424236873462 88.8938081625689
80.1388935914077 42.0329533077237
31.3952726179738 20.2302904911681
87.801798219742 30.6173567757904
24.0630846873641 8.51949116623082
78.566748709585 73.2685967888104
33.2082267667984 38.7698632886755
39.1771663410307 9.41533836952765
3.40866143817362 79.1307857603818
4.73917760334974 34.0619790425397
12.1845969462744 87.679983911493
87.7525639340601 17.7242012142204
5.89540912079581 12.2718329204663
85.034057194254 75.798563825761
43.1546637410611 1.2981452755772
73.9865412592929 54.2259160554062
50.8613751805333 33.6358921166651
34.2894360746485 80.3751882085905
59.1278842580305 31.7369224411552
55.0098408835442 28.0248543645075
8.97518073180333 50.1306416250285
2.65443335570712 28.2349093885536
67.5796164324967 23.1182353333752
73.887960125574 19.474694556199
17.4796030851723 89.9168575780921
50.1668518386282 19.3855035082066
72.0964742954829 35.0626456301288
47.2058566097169 3.69090988031864
26.7348997621513 13.2703047084736
53.474947971203 0.45810937967552
71.9947041418442 29.4438670352486
8.7160610946604 16.5637443053871
26.0920873960119 44.4067419172804
35.9477109658148 19.107083236558
81.6508574646764 72.4765456306178
62.093809376396 86.3381771418489
20.6446775550223 87.3342640027179
30.4433567702252 42.1798793677301
0.742364311802071 13.4990400841935
14.6709417992837 20.8376764430055
83.1796051524515 53.0629081146867
68.4249219618154 25.3972021596318
85.7404489643968 27.7066924421878
12.2433759158898 18.8733571674973
39.6681419761994 5.78131562860172
27.2061660778327 72.4973020712692
28.7769734451129 80.5813790861304
16.1315892133794 3.8764218593073
44.1920529897548 31.6400299463533
45.8692760756982 1.07592057686283
87.9194141367363 16.7373104156106
0.373645008218482 51.2956908515316
88.9207038867847 77.2835913509783
65.6107335242502 67.8603075030967
23.1729995371816 68.7192328830655
76.4445912780346 59.9790459213861
39.8243385293553 85.7737654602492
64.8903370631134 58.1490512204919
89.4148037102841 82.2282611003496
27.3034674472846 24.2187191881323
53.2163392656317 7.37755014855068
78.2381704763148 22.1445070881563
69.0525469104033 89.9544355856618
89.5374174186469 87.504550026307
21.8407982306683 56.8842036761571
33.3972196418097 43.1768825142098
81.396263871264 16.6988926695669
31.0987919306822 76.92668801541
38.120821250452 87.2783425519115
51.4623094273298 57.0443650310178
89.5678725774578 70.6968101224301
75.4678209639584 41.5696196497588
89.1753408509191 41.6506402072795
58.0886915617203 3.02504074437195
44.6164255949114 45.6693877734062
4.65118230269727 22.9625250330704
61.6563013166057 25.8125805724784
48.5706741673932 64.7324397421778
12.0055563569646 0.990147622714304
80.387131152511 43.8429527190466
30.3712809967553 19.3931278875962
76.2946270636364 62.9405079170424
46.6797995519039 26.0773316528997
46.873455911876 35.6882515717878
58.3533011341606 37.626544729594
24.2937197901572 75.336039038059
22.0198419469078 58.8073706800115
40.3813817053873 7.04321862099732
34.8727238429809 84.8386543048768
58.966121798504 87.3968339073693
14.3241891395864 53.6056593652376
1.89799653734372 83.9206632984285
58.737650983567 20.9213923699405
62.8861762324469 78.6767405265562
9.8553337345594 76.8840948911996
44.6896591237192 88.0631863011619
68.6673697194353 48.6757908755204
20.2334100720858 20.9041095067999
14.4053303968369 48.8817904268959
89.1868731378986 49.7806265348409
54.0751627115822 28.6860426033462
12.3432034910759 55.4571774808003
6.39560303142009 68.5314345352329
20.0725135055441 24.9790083004381
9.75036932921913 31.5241769091858
17.630635634206 52.1401445718065
86.5889793607666 12.8257378249408
46.3044464509862 81.4879198030219
70.6606907190678 50.1477177489354
46.2414389175229 49.1634909389342
19.1397501361572 8.59031224914318
15.467971679879 19.0262382828032
5.65149390617773 81.7823979153346
87.0240844338743 55.0358210989999
57.1734089634353 50.3683665406462
38.630348416306 57.3899592967718
38.6419868365617 55.8829235898524
11.6803702316208 35.3060170376919
33.2035781531457 72.168933630787
42.6433174226939 35.3581596486197
73.3100151032376 71.9537483005892
8.13811123833798 40.5499825464022
63.5578822645184 67.8295950845907
6.97052734182119 54.8426920674712
10.9048751799792 60.0530746844213
75.7664908078391 17.9272819567819
23.2243560053503 39.1089009179368
85.2500656767048 66.0503993906987
55.9427204409669 34.5733709783041
24.7344782069186 64.5837217821881
70.1327588194645 56.9322255390842
70.2939164349385 46.6011612702655
47.9066070560112 56.7974586987626
1.49703138274997 16.7742384786238
39.3430315499602 65.7458915514898
22.2254648281603 32.7253731094078
21.692432535445 67.2514593349317
38.3364953957342 7.95030399071337
36.7791704908646 14.1117473384383
9.70201050277442 69.1818820431646
85.6242615975019 5.08206256916317
20.7968690195463 72.29322621198
27.9453027973035 55.4788434154288
56.3241915345533 76.4673247032387
32.2040627845487 69.4310371665284
31.6684109284947 56.0666506026317
70.0994794113335 28.4942206604903
51.7154228096979 3.56321860656237
63.2831399586731 4.00512614091397
78.3571983119724 11.6973196420179
28.3397624976004 77.5935896567025
74.9150715972543 89.9419209225736
43.1046329686344 61.6657473750048
80.7416760739178 71.3756960821927
69.9954024123433 48.984965548404
18.75048520313 84.0543702210796
8.4683745027851 70.8990254572858
24.3995619435535 13.5912926106991
46.6098786098699 60.9027554668706
77.6886987455372 55.4786284078874
81.827092946549 14.6602313796532
8.942644649855 59.9680579688402
50.1912236093923 87.4892112397429
87.5035884054687 6.60844307213367
50.7898171462762 75.3535013737434
88.4665835694223 8.23288227334707
76.5731807793875 31.3271463203488
21.3958744428092 5.63083100897614
20.0082386801761 29.0428697666333
56.1503026454441 5.34264214214232
83.9128711793035 25.7362547716065
38.5922067285778 76.0911969861763
15.9543014006252 69.6234280518294
89.0413539639961 1.74788298194933
79.0966374191254 51.0325768856617
47.4508343487663 5.62551687558233
51.2706158893606 65.6415380749048
40.7496023741018 28.9331764478018
64.9304382065024 45.6636792685374
64.6862587873329 22.7973488712342
80.4999859331197 63.4636441397002
21.8382797027905 68.4339873948976
69.5331745546688 79.9622616844258
38.8059874647557 78.1205634842048
76.6693103678216 7.27254590229585
48.3618285249787 17.7687766235329
55.0166990619233 86.8999827138433
78.5204453149119 45.5568065306581
84.0254848285074 70.1544645513187
0.0823705996451096 35.6371133969532
10.415658958299 75.7499030519806
57.7568493738389 59.9893914780611
68.6098197583167 18.6447372765793
66.6554612698473 42.5134239103691
62.6483195828615 13.3618012033732
39.2198059282613 54.496790464856
36.2255751917266 47.4439528339763
31.3921883758903 62.4383556529713
32.5578417202825 21.8180368484317
30.7701635742092 44.0582634643857
76.5832407883996 71.9705207014813
24.3109170028722 21.5847219227623
37.6144965621726 31.5077825559419
35.8037146031539 0.214645204067736
16.8128212372141 10.0495756113399
64.6452195202347 36.0910826365458
21.0102576617898 53.4432707827752
34.6562660825196 72.716644953919
39.6712240536521 12.6177641779642
84.7315458980836 29.0542333682168
46.1659910943134 86.1894776617494
27.4291334434306 32.6744938269803
56.8208078105065 28.2456486599131
47.5709236853941 0.152825679690736
50.6179756136829 82.0636465978513
53.4645437860435 21.326963421583
46.5882529167808 37.5231249659151
22.0721346255463 26.2388460381369
34.5769419699495 25.9622838810849
87.4325416264162 59.1863920492309
65.249606344828 16.9112968959899
4.24690681791116 78.0821191730897
59.5754013337026 86.0234823333041
81.0964901545354 22.5461167926381
7.82996271941432 3.72406968450818
15.0862618302306 45.9703366815247
32.3517126897265 81.8423659601186
68.5513433905041 52.8344592887325
87.8252030125895 13.4636602147926
77.1316321641564 10.5905821223809
80.9311087569502 82.7752191349416
77.0587027824784 18.8533762130761
33.7661897616225 12.500985740504
4.59490420141091 26.3955951600521
2.74491641433489 57.6503646107949
21.2103852365534 42.2492866344513
43.131846401946 47.8694643124952
57.8264870445184 35.1769771321968
88.8491490586944 52.1903159112804
30.8124904849747 72.1126029285242
47.5111614715202 49.4546277385753
49.1787564982772 21.5983210387946
81.7253305364594 51.8895463346607
65.1885451248073 81.0337232014025
20.1364723413109 73.4819904340178
33.6713073751929 45.261445182638
21.3198613006286 49.1166822422817
10.9520490865529 41.6981978116467
32.7310368006303 61.6851596478423
85.150166811831 36.8396129619845
25.9080126270549 51.611202711445
11.3675720628851 5.22151971657593
44.1830562929529 36.20863266329
72.7587136344303 46.6789648034157
64.9384500484001 89.3137623575399
71.1392736749543 9.14060582938227
48.706320223641 29.7423211891878
10.1528965026216 2.84847969484268
14.9836689218955 79.7352678829321
44.1531095275532 84.0320519518168
15.0872218989509 66.503993200148
13.399377306732 36.8783144158297
26.0623855847249 66.645301726905
3.38312410799222 42.310250566134
89.264784889051 89.0946622058933
49.1708359705229 75.3015084465727
26.6333307782027 82.0605792780778
10.0921354924949 20.6046649361155
80.4337351046113 58.2048037632536
7.34861974515649 26.6899346825316
61.0391217305837 74.7335450395907
62.8880150894438 31.1709769027814
72.6600877381888 19.2200785491361
3.65928212218297 86.0393224301895
81.0101157870588 75.7314272394668
38.9242863078694 10.7259973481105
12.237312532433 67.5991635457703
86.1670331293417 39.3077844578227
77.2172413106092 82.814224240207
37.7110357664039 30.424509133202
85.576155880029 81.1457884295435
0.150055095548147 66.5027866376718
61.6463827134605 80.5152764990221
23.5291457034684 72.0500134592503
33.5522551604913 40.4549833210123
73.1614516974048 18.2994896730833
6.92808940167037 61.5043937054018
4.71438845625503 11.8845335530816
59.3139841247897 1.03468140738194
35.991577373294 48.8801594188843
54.8109985000191 72.8138827868624
14.4347243226909 35.0329805973575
28.5116939035607 19.196757073226
74.8802778833104 25.9305839163255
31.8520500815717 86.303072603649
52.2689548544275 86.4000953714676
66.7682943587444 37.7136785724134
33.4726829203752 11.4683207582647
32.0784243830166 66.5147356102167
33.0519190143975 30.4987925082467
19.9591130415714 31.7635590424159
86.4732445519203 7.91432629846206
51.3362696547845 22.594511765567
60.2984442218484 78.4913955739795
31.9351868212147 38.3727713746202
5.98404052212249 70.7531302264
45.6652558230163 62.5815380916429
45.0599106866226 81.7898415986447
86.4757667663346 72.0285814575288
12.9973455852734 28.7122086175962
17.5487520164227 67.3595509951942
16.0841417569197 88.1367092822495
72.4834887423868 68.2351434760145
87.3802331283954 87.5505962811615
65.5448278605647 0.443989931910949
23.2499411157952 20.6848772252847
63.6706057706522 34.1811841332009
8.02519168398778 77.2592480402166
43.7318794404805 21.5440042395084
41.7768692413761 54.3720508603089
32.9268946730889 77.1165243544124
49.498537307228 13.7949638166291
74.0304951491212 43.0245922471593
0.225343728180114 54.3601411846709
64.4980821069683 77.9816409736906
41.5988653187529 88.578121128115
50.4755389385493 44.3123823638781
60.7643955230348 27.9074384864561
37.1864400330981 39.8505660379391
41.3309543103681 73.8488027787123
60.7139077647471 23.6986838672032
8.92065485974076 85.0823133659664
7.67385857522275 86.8880335563111
17.8024255321207 21.9699924286867
46.5528359553366 17.6744889511937
36.4260387017135 80.6282928011302
22.2411522685816 45.6507510877791
77.2335770672676 87.3678032227981
2.21780422676172 74.5132878995434
56.7452162330565 65.9094795130258
17.3962587232164 81.1752975658077
75.7239714065139 58.9023626728081
29.1423633315532 29.4177402030539
45.2716916684677 50.4629105025439
37.8944476960472 43.6132851715086
74.3100487087324 88.2778098767054
34.3193208033965 74.340937618876
28.7401709007076 89.501930595131
72.2318741969491 80.9038090314533
87.4119539770056 47.4226454742277
12.6065328150624 38.3059765731134
11.6008731892683 80.7016889849885
6.10211398090296 9.0505955192112
58.5411295179823 8.57671989295667
16.0425374515416 75.4947244599248
76.812577969571 49.8041299334763
52.190143889898 78.1831368942
0.967963956967388 80.051814357665
81.9681064445531 27.8361759605055
82.8435063989383 86.6048637039728
11.9235336751628 20.3437414139127
62.9804345501816 83.7352316148914
75.7080778231928 32.5635886837288
22.3283770783783 53.8533629951984
81.251589626161 57.1639117446463
51.12498469859 83.0425382382351
40.8960444778994 5.59220142943204
57.6388861042397 51.3110821176863
74.7561488178821 27.849551713075
63.5225241706998 19.5056491782147
37.3928613799418 66.9328465270137
19.9581690778277 16.6662557123348
2.6747899777892 48.1091391052161
47.6120690929456 68.1889060589099
40.7510239272471 54.9042627603929
17.0291489892202 31.4652842799984
20.401574979605 26.2104556172535
52.6912612477955 58.7091171157599
5.78484389951523 61.1201450528677
41.1626224043731 48.0196666666119
14.9859431484441 83.6417419477552
63.1563447448758 0.972316454714246
2.53779438854973 18.383320197801
22.9986775190561 11.0680837929137
43.6227213301921 78.8613011321552
20.2748935772563 27.9183830359743
50.0947608785486 17.69359097477
25.52401583593 48.9612353414276
11.9310625587658 36.9946182354927
51.317367908998 28.7248767209849
80.8800370650455 68.5204088457457
16.9500200598983 41.5585766649206
13.2514318305434 39.827335647208
24.4595078910701 40.4364962536972
57.9759399606143 14.6511784951721
39.6434885854913 7.84841660122417
13.0966062110536 0.502415109530361
13.2570795042858 30.597283758251
25.4842199565861 15.0126596100692
16.5111122187727 19.1580053848289
25.2187218230292 47.2335837618697
21.1165007317257 83.7244545543987
62.3970985914228 52.3011421433126
30.0022651257796 58.893463885079
11.575462031687 63.868319160174
54.0774510090013 48.2414312223094
50.3696306537378 38.7763620235665
35.0364181282712 40.1942409608503
24.5866431833774 70.4230093061444
74.6673884098084 36.6368708025819
37.0094283909432 60.7248640463683
17.7920404285634 43.6053634988205
58.6187937623702 58.604486353071
85.1052306608503 67.4613724212343
0.376922583293187 31.8851300478551
24.645681336023 16.8207472068416
12.6560547246185 79.5502567724153
39.1302084925417 31.6164990757733
41.6355125726673 74.8511501394477
43.1151788927722 75.5163812791645
23.6698489443982 52.9045913280425
15.667894581025 52.2307744148863
60.6983868750434 81.1133203854732
60.2806169088357 3.77817753228165
67.8498638075739 89.5121191277796
39.7406203879446 63.9945962802126
84.3326229423639 40.2953321540588
88.1925131810682 49.3903373643472
42.3634189902029 33.5798792030701
72.2259725887313 26.7362645369983
9.90712637311237 41.6050846963351
56.737328711728 53.4666609732016
22.7340260064601 49.4711374529798
51.5865693559664 88.3481884797359
12.9914652030756 46.5990422111012
74.7655207564621 8.66214056032433
34.126568008138 42.1664903715381
85.4381814177282 1.23164321982188
27.1244588701207 0.711779624113689
7.01851991591969 79.4658975553078
16.8618984050324 21.1064096457324
10.0017763123535 35.3198799118141
76.3709205405978 34.0138193580965
49.1005489170437 35.2143012862024
20.8430023023287 55.0270402608704
14.73722201408 28.523981332272
3.53944125195138 67.8202532810226
41.1840128928646 50.0710245501549
47.9043723127952 41.324871059859
26.7591640542238 6.49353744435807
20.9304298512993 22.0204835938901
74.0841012391597 72.7135601297316
44.9029895286003 59.7146122501255
67.8248839448765 71.7378676103895
69.7952523087484 77.8628493196232
42.3856600991741 89.2955257390065
57.0494965142258 89.4292801142038
26.128826477375 20.9753056154661
53.6871396697651 31.6863414053858
27.4170494903016 35.589042218673
71.8965732474105 45.0089902600398
8.09191371054563 36.0630834580885
56.4532494101934 80.4642329796019
5.76423877239517 80.5901711857675
3.71060823896944 19.2428795177609
6.74940184031495 0.764504161741044
60.3740139255431 16.1896975144806
2.92095098576272 72.2734826974748
86.1090163290409 74.1490478536938
87.9242747709226 60.7216423112381
3.92059616863296 29.4384550886892
76.2174273576902 75.0842836234126
51.9014629118184 63.2390785502284
51.376971306887 89.6207402430103
79.5751424238694 79.457085280311
12.0499373458491 31.4560051500342
55.2775333711262 41.7094002332892
41.3635682075414 77.4326282499597
73.5145528050078 49.4935080634895
6.15140728284882 51.3669205258632
68.1281876370045 36.414517268804
43.109660344728 46.8221273543382
29.1756566226973 16.6981257661634
67.793225412517 10.1401812783411
11.7119659727668 12.4882492333053
79.34232767785 8.11786435340359
72.3108516680427 36.1350042293796
44.8640632661661 2.58827256469083
59.6863333377965 30.5734909380212
37.9896457148867 41.7392403959865
40.9806773443053 70.2375570201231
77.1843654112687 79.7593690205458
12.0240929298882 6.21046761781543
62.8558188414088 20.4807425686656
20.9533169703332 59.3971231107167
72.9426037865478 13.6031394018446
77.0688200028231 27.7520140739371
38.2085101352223 81.3518116871828
72.4124898254019 58.2486236361876
43.9662757262841 6.58411428091462
81.8096685944444 10.5286069776118
18.9805393255458 86.4769367084787
30.7811065269145 35.0897709397663
80.2220317168606 17.165292200659
67.2063797262007 75.5678126189173
33.8595328601435 23.0231601882796
65.0426199237287 46.7694180257609
75.2660668205851 1.55503595168135
46.0199780971739 12.6832378220283
50.1043841321487 72.5882409750704
70.4419534951072 14.9101858708886
14.4977653940383 81.8838270742798
59.1259620725465 9.44563913611468
21.786503971148 79.835065163834
3.50823720446979 8.75034356157975
57.2472945729776 55.8254078390932
40.6294628816029 38.9342917521751
83.416812152809 85.5177824893245
55.8131356490953 48.4241886840937
31.624476514301 13.5217510621289
8.04118029870732 61.1785446886561
36.3539659815656 7.06429451233092
9.81445751677281 72.9048726306416
7.15200503261354 51.2508018258894
69.0089481629967 73.1960467101202
59.9237174896092 39.9476001184134
80.5325426089127 25.4418604086288
3.30222843527746 77.5064915445879
87.4708519486005 2.09430190070904
57.5137084801725 47.8974248770481
86.4943411366478 34.7944216223934
49.3493433601774 53.9141714372337
44.5143810807415 5.62045749227771
37.365187068492 62.7566388879073
12.4486679036505 85.1886928974752
9.26765085821568 66.2109953825783
80.6425847175923 52.6236687803193
45.7828162988332 74.7400793074535
26.4002328564752 2.4484181432743
89.8478275283419 28.3283034197061
39.5126224397946 88.1190733426634
20.3328885379576 19.6724064172496
17.123699477335 44.5841189874668
16.420314421701 0.119434190731909
53.7097254752303 6.38043617980578
25.9258543550967 89.8999111914571
89.4228795101069 18.8128603071428
25.1658336074232 82.3855495629957
60.1769954520203 46.4382086912179
38.8656606954868 27.4234780788038
66.9931277522927 73.366618300743
6.83354368966409 57.5016948953547
31.0171284770585 40.2749483582267
54.823720579514 74.9006014954709
38.7587784393845 89.3715514395044
25.9141256677359 25.023709094522
44.9314586505217 23.5623793778374
3.95262414782717 27.476168048051
65.8719358430721 79.8517900375574
27.4674863850794 21.2831922901813
59.9192592708883 83.2588079391234
88.1000860372954 39.8365599643012
65.1000721929492 84.9766362710675
44.8250320909878 40.6999795163145
49.6316806628333 12.5695301887474
41.0963926130432 33.1928493484278
72.062298404253 31.4212630648836
31.8220863262554 45.0100108037245
29.046235734224 38.9906029937897
14.3007363899804 85.699986773385
29.0727218067119 71.9109462344872
56.2831892197056 67.2079277895944
79.8556894011155 74.9230939856172
12.6728005498078 2.70763846673987
10.8189122133596 56.3205506922368
73.5891395079177 76.853471294771
33.5821162901837 66.5035224677874
87.3094406967219 84.8515315010514
6.69049962529524 58.5439458873591
81.8063140378848 69.1948664976644
38.2503218488945 64.2000961628177
77.1953963203241 11.7061090252475
15.1445732123113 72.4016597594126
71.5669522494882 13.3709788243878
25.7531479764021 85.2629388696065
15.7271799888611 34.4974790238956
64.892008163716 49.2776387174429
68.8683822320326 49.9318688912467
89.0274261883554 37.1916468355065
27.2084228786749 68.8932842157515
28.9475086500598 67.7837575573308
71.3187799774167 78.2241696521952
87.2103712007825 23.635644847744
32.2011546283407 40.0704885118842
21.4315213461379 8.00143890158665
31.2534671550408 67.4680917734705
87.6547029568471 80.0756842025285
14.7914236376361 58.6370745542326
82.0713685547623 25.027123294635
3.1337480686064 89.994730469203
47.2848754662917 29.85618859293
41.8571971731275 65.3348924243677
77.5845490438141 3.547468561774
47.9270776502255 83.0346263457985
33.3063606436349 74.2049028380058
55.2427701984012 31.5964692463213
70.2122731215914 65.0899231397497
51.8089046533361 68.8834163769091
68.4681970595414 86.5591186936913
4.62265477511675 36.0300977104013
36.4647577901436 45.1488619021887
74.725836810851 63.0282302921042
65.7292903252194 83.0041940653039
17.2392801572163 82.453466201449
26.0612835114213 64.1841256672165
8.76414101813719 67.367753650961
13.1077318104694 20.7913457238276
60.2467287802847 18.4378076624654
0.0800183147585543 8.23720857450056
65.9490450074889 11.7418328994781
49.8104728588743 76.8520996086943
29.638463449746 12.8622463567481
16.2001922684856 6.79034384866142
28.3715822904727 17.5267105570863
30.0233880773838 4.0356873442375
44.0015130593746 54.751131959939
66.8494717603727 70.0014316822583
50.5816284515817 42.0257011576541
44.8040966251245 10.4991560449029
15.1613085900746 84.7171705514148
64.0249122890382 32.4498069099039
16.2118791584828 55.1581228591439
41.8955643306726 36.4028926840647
0.951665421548817 85.4847318590861
28.8063464248362 32.0623093474831
13.9178926528131 87.8018775850727
76.4140141666759 85.0090501922902
20.6923237836802 14.9494604369161
17.8329715584543 1.01848230785841
47.523696991728 7.04333767868071
22.9200348175353 48.4469287047826
4.84126450292163 67.9515407527378
3.45135555823372 54.2671950612203
53.7676709889751 57.874569385143
14.1295571409188 8.02765961983162
52.4351500822121 46.45338912753
6.24984565915288 21.6192758405431
44.4139491294115 22.635670377736
12.6076934831648 62.9882501580375
34.8756793897751 43.2761837349101
79.2918389260895 63.5873082505755
68.9223254293918 68.3199420455286
46.7199490416157 11.4757278884962
66.0677678027804 17.7729685284648
15.105562261104 25.9983945319652
9.76151234511473 6.67729164815604
28.7944714423381 69.3559575607006
74.4017416443997 20.9959985527037
10.6629427531696 33.642792140438
60.7463337544913 9.5115380254866
5.53654390881828 3.10456613898644
18.5148045566024 36.7634716213479
2.7990325849682 0.525179986376685
41.8267566689046 56.1695618665787
78.198258174732 32.6285327830425
79.0649453645856 10.8812606132359
38.5785186077657 25.007880866758
39.7230597168552 69.7566507252101
76.0038828673416 68.9414900553052
59.3322253993976 57.5972681437811
67.1241358273658 58.685178611493
0.353715656971438 84.4733495514219
16.2580113410425 15.8839585232383
35.0486766844164 15.5569278615245
72.3063339779678 4.97126800953012
5.95783969011674 89.1825325425028
75.9780417521343 21.8805894548946
72.4904937863928 9.78025541030199
14.4840918762899 55.6490605788107
58.3051645013285 75.87766083151
21.7561290437695 14.5013342347502
80.9548218084508 17.9426191859691
43.1649993339661 53.3242285207938
36.3823289588298 53.5788632808795
89.456048752263 72.7787749309401
36.0573560048341 22.9547679232341
81.3804159113001 88.9296016350467
29.9359111740641 1.87211426150789
55.5668315337634 45.9709084071362
3.14662018931013 36.7473845683852
12.8809883667532 43.6768890447917
7.89173402578125 8.59392165892224
89.9495560127385 8.01030897401873
50.1687964007357 56.0866666479444
40.7247036251576 36.6510560248722
3.73552054971622 61.0735158061511
55.4806072852709 24.9170114955022
77.8733846107002 60.3914419796339
35.5486040151107 24.4961204722421
16.8404328663003 64.4498242021584
31.2938928020006 31.3435431907939
42.9634577391898 85.7597561707121
30.9568045011097 52.8329834507693
50.3091425543368 74.2589470994411
80.6908482839704 51.5366233008931
20.44425093308 32.6506750241551
43.1823510584988 80.211276588324
14.5007980721872 0.020194015057271
83.8180024613878 8.76392857262161
59.575842987137 4.93811091551379
81.953663822484 40.0525493923728
0.62222949492746 18.9193383785261
87.7467028840947 55.9948855066948
24.7245234455533 3.2408354065236
16.304237650727 83.0139438964358
49.856345820087 46.2173833186407
27.8780568617188 70.9009395558257
29.6368222774657 11.5028454030257
23.6522104657116 57.5801114286438
10.661543149034 39.8410988927292
17.862394709243 61.0924379495751
23.8199148955338 62.0023698433847
37.2428019354395 51.9688568283327
62.7381456052194 46.3624747216928
36.0522490562856 85.9945213807215
66.4246659172631 22.6131611803225
11.4673998880165 44.1531841213899
50.4574317692813 51.0114630874786
27.6550861185756 86.2439501372857
71.4638644722546 25.4087312459338
20.464312927476 3.72890189474077
30.497559230277 14.4509874413043
61.1686303892999 70.6829065074763
37.3200649862972 45.6795686199112
14.1734499512267 52.5901320460931
24.5802127527861 30.9207407333446
43.75188354346 66.118557535792
15.631392456706 4.76079990981887
74.1451061158741 57.5353914460788
6.2032604488012 78.6484432955613
50.3541875887312 78.4504099624841
3.29548515984374 5.35936411109233
30.3115671316809 39.0294293575292
19.6075647296793 85.2224361298083
15.7856512394858 30.9051874561063
66.5940069433345 24.2109667651957
2.09112125192821 26.1665009270492
89.6359111140603 13.7825111897097
23.5080245275268 80.0670418553872
72.0064373100022 37.1902654756276
18.4323665850026 63.761013426844
48.418421077438 50.4479832689437
85.1517968294213 23.7631534733394
47.8657974012888 24.0859691960032
53.6544942441032 10.2913176923016
13.4943581167132 84.5133297855187
77.1961966905524 30.111558919529
85.8333449293646 88.6462818517371
13.6114698057451 41.0085116368053
47.5701444146745 13.8319476748291
28.222193219017 44.5231509221914
85.1455096401113 9.40420689050079
29.5667110222482 27.6933781170638
79.5716011373695 20.6199955796778
41.1098347257218 82.8260466743311
58.9170496930765 14.0382813288783
47.4817294094808 23.0525736443721
1.30388427290097 40.0852612257498
45.1280233350157 76.5552548080053
64.7857660071058 8.41710893625368
56.5587019006107 4.14390265509311
63.7773212411203 8.49041987952297
87.1585206120013 89.4762026324197
12.9420414978959 49.2717018674137
41.6281477572231 81.0587144939195
37.0388233234128 48.5914596522046
47.1202871723616 32.5441056842904
53.0722102609 11.4153698047676
23.116270132709 15.675290005102
55.6074532380159 55.6425226471523
38.5659760600689 79.9594919049864
36.4564189403307 58.3382668145432
23.0161763981443 5.93102186182364
79.1879172822475 9.21458688239014
28.032742056748 10.9457566563961
89.8908327745054 78.269036257936
71.4255099171585 33.8814948642446
83.3371289381738 34.6929102624209
14.6813563299488 40.8977986639742
7.0277819168459 82.8995342432566
65.972230154614 68.8017836523892
84.2034492238864 20.2838440507512
7.10247964038086 34.6520112315728
84.9126290286732 7.860530550481
67.0215812985037 57.175189434703
32.310414693489 4.74980943246123
31.8829975250698 0.584267734068504
26.5815170844045 31.3542334618655
42.1246275396782 52.3970490207584
29.1889231503581 76.9760809680992
7.83251613023662 82.2690253365838
79.0336795571744 41.1192952075569
65.963706803292 84.1664221229238
65.4589476086353 69.6758000894474
25.5170784077992 75.2110153113922
86.7709361839004 45.1878463108653
63.7740935098815 75.4350283409302
85.5389426418043 64.8700413115819
1.83858726357894 14.162846724327
15.6243376197942 39.8802295514137
56.8016766081473 48.9401842366802
39.4002910395382 83.7905852892025
56.4338954600619 77.4843340530568
71.1822486493366 49.0259325424315
8.73392696009834 6.97546368842723
66.913146031754 14.8659471430492
50.5562090726746 85.2547299355262
54.0763750825628 86.472819051597
73.8749019908034 5.89871084659194
22.5629431596396 25.0447708380558
61.4707296865138 33.3238998960965
27.4044417551181 64.3251939009061
5.8490643005673 73.1592607609284
77.3206834666021 47.1423826095678
36.2157990655645 25.5877019359546
81.9311587328963 48.4542389080777
43.8063585274999 24.5625757838759
34.4607017571075 37.8581594096788
25.0458134729875 4.48381306629592
2.75645676603123 16.8419584185892
88.8366769514211 15.6501887375581
83.9400347339021 74.9841760011913
74.4230939516046 15.5739980638597
61.2520455931999 32.2395238531566
27.1739515080779 51.4021794257903
65.6961360758895 71.709866540457
8.5160881345654 1.7703396651369
60.3209959281952 17.1911554419785
21.6990583969199 17.707025307432
53.5367046176608 77.1279012940095
10.6751198437292 22.0910905024544
58.3633036030963 10.7725300805202
50.6856213958651 0.177337067362942
40.1112111183094 62.6741444564454
83.941150264044 0.327686268084904
44.1851543827859 89.7587055692777
23.6309233519401 59.160599842371
39.3127915689296 29.6073036913127
67.88901001954 82.9510937408784
88.7378824314546 27.1697409639582
12.2932591657495 71.1542123334441
61.9694071830736 84.6513308757341
