2000
80.0463094442333 36.7921912495441
73.1438140442627 48.9985623990152
42.2965485089457 83.7943054769117
22.0758015948473 84.8303588167416
78.7738163807961 87.1757463139397
8.75710758526235 73.2221329296707
89.448591871559 32.3080069738343
74.9976978889432 45.8972523998914
57.5600271739617 11.3545635400013
40.6032997916376 59.2893617061151
29.9525613398241 61.7140205037951
84.9620399819548 37.3025839945816
89.1966338436942 48.5791371790475
40.4453103911596 56.3317595474823
65.3141163845995 11.4309398006567
24.5702386102701 65.7235322740836
6.86744320011403 26.3303141169612
43.6061936286283 41.9604521360782
25.0903731088362 10.984562702124
4.31734778704307 16.5635564016056
10.2960633845789 25.4975406703204
81.9287702453381 44.1688917068533
58.6841295230944 17.6095435931531
23.5774240536929 64.2311577151866
66.1033091149872 20.1537528304053
35.6356062145248 53.290357326352
36.5621955116119 9.86263680700219
46.8278860518376 23.3085435274594
0.10046088921289 18.9194026308627
24.23978989295 79.0032247181714
21.8515018053298 3.5417814722048
86.6549276383185 74.7877443098127
21.0902165255746 51.089753939809
25.4557873737802 51.4492522169599
42.1436154032834 68.7931689187472
52.1621158909721 68.2802511554839
14.155376544249 62.1937216021524
48.9209839509148 7.4148950579869
1.7777420087636 80.1888243817315
22.546883477805 80.6472560411139
66.3860080185313 80.4591684829168
28.4623477299219 82.2229258343152
26.8742491716539 84.7701253658049
0.814702987228166 43.8510930312949
29.5290346498519 77.7787155873472
2.62897954573599 35.4914045786072
78.9551969533518 66.5780696586371
31.8683089420076 29.9944941956425
32.1399039454528 16.2017610585789
8.26014147227493 4.23930755159638
78.1153160556788 80.028996606727
82.5394113445867 79.4927896329241
78.4741855026329 43.722544478652
5.96968433413178 69.9528894442543
33.3963264801857 28.6448558918188
38.5229227264366 79.1151966217733
62.5776575284656 31.1907335236506
29.6016227554984 87.1741193256862
86.2694429092601 70.1100086712113
64.6287987990922 20.2348585425235
73.816641848897 45.5401506487505
53.9479344064769 89.9322962937843
52.9453661254418 83.4019365702382
40.2841709295276 74.0433098396897
84.4360507861305 23.2128981039543
56.318488231934 58.9122164106721
62.6080129103524 8.83112464020414
31.7985267875298 19.7135589196321
60.6408124082026 81.6502802062973
77.9143345730575 36.6370281299695
41.6076899896452 17.2257750200551
6.54727363772476 3.53699650293088
16.1670437796588 76.0285624193037
20.3794182167671 50.1411790479103
38.1513707153822 10.2098986650655
1.93409687391405 31.9128525760046
21.3425449672332 53.0367474154747
71.3921035331391 70.6186224353437
58.0921863022441 9.5487231308239
81.2318896794401 23.4251889225911
0.706728986000194 67.3537176326511
60.0471965589792 79.8732450257965
84.4578265337912 58.1989441520036
3.61959154398225 30.2980047796098
84.6667364268457 88.8770240146088
27.2619581814981 85.7461463707524
51.5407159204423 67.3445136765502
71.3055281518834 20.6788912529365
12.8847487072396 47.7354538572281
14.3923617990201 50.9941847283294
80.5738766963532 58.749962894553
13.4700081222502 13.7490812888558
5.52129726985253 26.5260150636048
39.6886620896779 85.507557591023
14.9893219830156 12.7133622365931
27.7115695665706 0.33783000289958
13.3927295032934 51.9146403308083
16.9435784069855 82.29463214088
57.1491435443641 79.9823485366553
37.7688014564541 44.7399513319351
56.0001537708912 60.246364964842
57.0057964835782 65.4808221191765
11.2025522516543 70.6359827253237
61.9081825237217 51.7415703997543
24.4951081485832 83.0503811757064
65.6621549036281 28.1532841693631
28.4878270719002 2.07550377847006
43.4931354467495 18.8543967719448
77.5839670320665 33.2532623095958
23.2562531603431 87.4784966415582
0.497788302527873 89.2468426909669
28.345197201974 6.19046440082542
38.4219278983674 33.2359161002604
11.538171239955 63.3576744718697
52.7574888999009 43.196275869956
3.16640958446502 14.153424686225
19.6587486319869 54.0045916465639
54.9294437986034 76.0353643748273
15.3553958743745 19.8516129672037
55.512737026472 42.1791197028884
11.9722339507772 10.6935304482699
26.6393851235209 17.539455212207
2.32441184953355 29.5248297950749
18.5915219678498 80.1273032702892
18.6617975917063 13.3766174570858
44.883314194927 1.60622902652747
83.5016911572714 7.60801816563088
15.1732550416657 63.7376537249975
60.8301822900352 26.8319688525013
89.7560737733698 52.683475557558
7.44362938813257 75.5202784058179
7.78732972347949 17.5336378569254
17.8465586955817 38.193030044721
6.7352706952212 24.988249099934
88.8963402980548 38.3873461491774
80.1281836722687 49.9827090997321
41.1058832202803 2.78917248486252
13.7485481443752 28.6700120682357
59.792716985894 75.6920333927138
77.6963473236102 6.69034165668521
25.2200665315402 53.1333566112482
0.319448325159648 35.3470992656761
38.6853674696782 61.7722763849145
69.9877188023435 31.1049772021123
11.7366439027108 14.8971501339283
74.1262899777513 2.67995434522049
56.6814134804259 28.6882333563646
69.2068781012178 47.7383181966708
48.2270238820737 59.3530943455806
40.4501322369194 83.8675240449484
20.0617241801289 41.3061309918266
81.9237874391608 55.1720650075735
18.4445970603474 14.439577047901
4.94249995335512 33.6262637521025
76.9655881842807 2.02828234752793
89.4640670674729 80.3721482227236
88.858129051213 50.7208679324207
2.83482292331687 53.1439590142006
52.0531927950968 31.4417213628418
59.1413061013735 12.0192457639233
82.1351265634922 89.0902252818798
6.48401824269914 35.7340847008891
64.8575975947496 79.0603692006383
36.6416884913192 35.2570799225681
21.5450509617287 76.8564960950635
44.3116292559498 54.5001376917983
21.9650333102099 10.6466473802386
40.8954678254968 80.6664166811076
82.8146669128284 5.32730777963103
49.6829688537423 78.4164982661792
29.3067901098511 15.5820811600015
6.33427777990125 83.7980803085539
19.2353918414167 67.1679651824694
16.3684179983094 40.6640159951039
15.8947876169723 83.0787022515768
59.1525900415666 89.7936823521027
51.8872334803433 45.8026565620105
4.44424705039648 29.1578255728533
38.1421095822022 16.9131907016641
22.3593334175561 81.8437940526876
51.254922036371 0.420186562375022
87.5007140273003 17.2700403716357
73.5062630411078 79.2612292750373
43.3722289513093 43.3901076741287
51.4384410805076 85.2650139582892
89.9250086884315 24.1900216770794
77.7035635879936 9.75964100458739
75.0844911191794 76.947571807841
11.1691894294976 65.5529424887274
59.8885079308705 29.3920336609154
65.2116206528921 4.52642304613036
35.8715156057275 45.5839533826954
71.671954524947 50.1317389612836
51.8701905220987 81.2017852638509
56.8667887871558 16.4662308806742
21.3386857816554 49.4940529761587
76.7491210852817 49.5773788806998
73.5500296807054 61.4848479160212
53.8310455820499 43.0349267767709
61.4091668159518 77.2483692581801
89.9479172516699 55.1225066767015
67.2197908339668 79.3099210210171
59.8051663920867 16.663617972664
10.3163624329423 29.5893133976355
31.3804920390281 42.276018424683
51.7025265489052 36.7866940169141
30.5673819803649 69.1393786186963
51.5124193765752 52.5527724257006
76.0075420924956 69.6083707624704
44.6028185825618 66.6790549529425
74.8079332600136 50.5909253436919
73.3120029714289 7.39793227524302
74.7260001872853 14.1214370871575
32.6375040882992 27.1601490760854
84.8894110907349 53.5947505371401
59.5728549101307 60.3274748027837
12.0785793059386 23.10554495328
12.6045641515019 55.7833256772356
82.2155623181226 33.5857265316147
17.3015173300013 64.2934210273279
79.3003034233597 58.9595910711163
73.8084403498728 55.6686075899565
23.9288567751575 59.2499079533882
5.77799861537731 49.2978255001165
42.4704396458473 42.7871753928122
69.5874766736033 51.3862910609048
17.6940112597618 61.2092267369968
77.2420252809361 73.28862854201
40.4269449924052 61.3418720327751
55.3343472277848 58.5100322373646
63.1615576781507 52.6222619639496
86.1935336725531 0.130776338961809
31.5390336036132 80.1399869340878
42.6593211546834 49.7878880542536
48.3565954164466 18.9443898363949
60.888510618814 42.6282191129206
35.1152880071524 28.1310945654437
57.7031345430661 83.1362838785748
84.7007787284422 72.747026998084
4.09325711774041 51.400900967603
65.3410896871299 53.0597025144624
67.6693191176453 70.2383867702413
66.7184759166835 67.8528258955111
12.2415796699628 80.4117584164598
58.0500358647735 48.6681258889121
59.3799203241337 72.1456590674812
45.2277064683193 54.9513874605395
3.34302475787023 1.85009251220698
2.8602625722387 6.3901720575258
63.6113075220643 3.59106976148773
5.15723697827841 54.4895799358463
20.054963390758 76.9157882614952
73.9170817431573 58.745580325439
4.35052710846204 58.1741494836691
83.9114553189939 84.0689191983512
2.4617158319138 72.6641878545693
69.8027052888957 46.1717675306586
63.6176382251531 23.7020325216564
71.1765754937702 46.5119208589508
63.5515061612282 86.0035691353335
56.5018598289531 88.8550421701073
60.2397214861292 39.5890848541867
10.2770968764554 15.5246946186605
30.2922897072837 25.0853038648385
30.6510184961509 28.6355956856643
20.0850342585008 47.7500645188609
83.6290346520579 53.1042808016846
35.8658772906135 51.7307183517932
67.8545092230131 53.4660827792781
17.8665938672429 26.5916613884698
33.6641604654926 23.8671542621427
12.1442641330993 18.7690048795864
16.4760582851052 79.8205744240029
20.9807205930329 2.74727158171792
46.9220916573639 15.098028965235
84.4824432186622 81.9764305118475
54.8613965427375 57.561024684238
17.1276718108339 62.0860734028795
27.4152705906903 82.8122371686277
28.7633110154037 8.19185548357872
10.387008947438 34.6687830834539
78.6040767418828 31.0684873299152
87.5541015943535 80.8808390098904
10.7320610046036 62.4615748826834
31.3619594167369 21.8736181955827
68.7605329990515 52.7928288904064
8.22011330498025 51.9303759693694
71.3349890087325 75.4417622580623
46.196715572037 59.8902933310716
3.91671597903869 61.6392008126203
30.8903202926204 43.7785735441128
68.1231939926475 3.75958999069766
2.75648732864223 70.1418260666937
34.6082928129323 89.4902651695986
78.2807892679831 49.1183425234582
71.2937324571137 30.4255099071476
34.4579576237933 60.0056496091604
72.1491730831187 71.84113796449
22.555650063886 66.3614436034408
74.1748500722581 89.8685689337917
53.8486644949603 69.1924819399784
35.3125772332885 49.0119537795835
56.6416966393792 67.8089946390103
81.0126576671981 19.2132362533751
13.4735134380312 4.36569800449426
73.9614711411335 83.6497495811065
18.904201949283 18.7349356770061
56.883244187498 25.0101010861206
70.9875353132356 7.87917703049288
88.9114291592035 22.4687122551385
42.0376365193569 23.3549399698894
8.06518639129504 89.2003008852731
39.6500383310545 42.9050828529014
86.8341515314618 20.0282099643625
10.902151874448 12.7481744940762
25.2817167779483 72.7724214475514
17.4391873019204 78.4891374387672
56.722817991626 0.328725122747997
85.1947762142909 33.6628681565112
67.0694085386893 3.06887771069448
28.1842311939377 89.6543324791659
84.9413338112695 62.9847892518058
46.7781119930884 24.3888802756599
81.2847960587061 63.2153090607733
80.8577505268319 38.8214168969436
88.2325262829183 17.9619226049955
19.5524219645867 11.6931019456268
67.960989059831 77.9261188458685
23.2982661401927 57.6537863766275
27.9058316024111 58.7778011046517
86.3301730376691 52.8101569904851
56.7676190657137 68.8277864559993
57.8174232915747 55.5740748533533
43.4699181411488 78.923020826844
88.2619505595975 27.2546621695253
34.8742242964998 36.1489436729176
13.6626255807595 72.796832502414
0.312899677017491 41.6563629892564
25.7752313424084 37.2742875212271
52.3722118873765 40.962628946891
63.5787857425261 17.3258525292353
34.7789477946591 16.6881604808241
55.4567952930401 18.7449271751578
62.7657516023991 22.7824348794986
41.866191195466 34.4253351344348
35.2974851883902 66.9907321276158
17.318098351168 39.8560914714795
0.519859199454906 4.62399905739041
4.39767166979397 82.367959482378
51.9007055360217 5.29778069494654
16.4144661996452 32.8985051552116
51.5895346116496 55.4903229945624
71.1874671784284 78.6621007480212
70.7281004122712 57.3459431747472
20.9916464712434 22.0335190147231
49.6354114302928 75.5960922061128
77.8064594609517 89.8536292292277
28.7186781038847 62.704244800972
34.5569981633836 69.6637500321498
68.5641107796021 72.2101000486673
54.1022803619148 6.27768633229799
9.95793210986793 12.3290176334893
10.4970281902805 41.9620150479371
37.4410651032818 69.3913960071813
17.5735483007887 55.1458959040085
56.4570502666377 10.5095776609006
37.8576144941757 37.4660985492197
4.36532259999414 35.5607883371135
13.0920107578926 10.5915961539385
59.2248586071209 86.463956709148
4.91333445796993 79.7970895631085
10.0246933617023 22.7100846169553
26.1145115169439 69.1292682440309
35.7576483771841 18.5670836473296
16.3176862063593 51.1053905335389
83.9445962234575 25.8409007188094
53.5161734150521 16.0477803768876
14.3389194719553 88.9532748606019
22.5683297122247 0.921778861602291
46.7634455109943 47.5861106938229
28.4706999541097 72.611261085158
64.4591963481352 85.2656599250911
60.7702215148217 71.0358771197789
35.6572039570408 5.65595454167166
47.1707216415916 58.2844746650104
41.0578179902007 4.58425288717933
82.4315905247552 27.1907195151296
28.0893545617519 45.1193604243303
25.9803968274472 39.6117328511397
67.3605144287783 11.3379198403687
33.5443518915598 33.7180757633097
87.9794141848771 55.6220683608901
24.6498343481102 27.5653040206271
63.0056493135852 20.2475195714809
39.6823367490535 9.42101088885742
61.7245801244671 35.6051825012248
65.6324284434713 71.5075382182128
43.4418729336459 46.4054543481196
82.5660655409797 70.52884126435
7.93093223964387 14.8578775229462
83.2351921974671 32.1611982612
81.7454473779972 48.380102147481
53.3776312991459 25.0153073087211
23.6308903662267 17.5675749606056
16.3648380233183 55.2403705722295
9.58708263238595 9.95117118954354
75.9590560415594 23.9389838875052
14.0551666043777 76.8114769054105
22.7909994229951 83.2229815021805
67.4830951303624 73.8594133621674
13.036601653065 6.23730899507962
21.5723348834656 11.9323368989374
61.9797517108335 68.1821044119381
85.8816597153068 83.9509725025254
29.8870708020198 83.5053735955691
55.4635922041119 78.3510283036777
5.37983524495974 30.9500802726994
9.55276961597118 27.9502787785648
34.874681314206 3.70012958543384
87.1633762071509 64.634110619816
59.4086596495108 10.1687081475701
0.995861912178633 20.1841165661659
55.40000775415 31.946933803072
57.2198691286716 52.7695454831025
51.6820474275516 9.55102056356587
89.6046206615893 71.2068459178073
0.134745892778021 69.6081826959685
65.8276149316198 16.0691829607681
80.4620125530326 83.1638184515952
7.80444623403273 56.5278179597848
23.6417281339014 78.1588573997863
58.1167129775882 71.7545203700273
0.657135258026607 21.6138871922194
54.6889360221377 51.1627299344616
48.8688223774376 54.0283026920762
79.2937070912832 29.4485796644359
60.8719622618227 11.1088929849182
18.9477287668112 10.5213735724729
39.1472176110726 21.0865563620114
58.5212724629491 33.8393005254326
44.9253320265059 87.6685993120052
50.1837545437441 64.8198549993738
3.08252984911999 76.8449528364112
46.5049152116606 30.254702865013
8.68817435806687 82.7992024151559
72.3904544214428 44.6474180125334
68.1646072354289 1.38153856448774
51.188495816063 17.7854961413914
31.3578183261496 10.6047770693389
64.584702610879 21.3329986026623
57.6262403034454 19.3277792633199
13.5955296642542 14.8916923346681
20.1817356228529 18.5332242262195
16.3414247662131 36.9475499501338
21.1827495388718 60.5276848071215
70.0300867386682 54.6944450922143
73.053284242023 23.9012937651087
39.2071457904151 45.1282407042196
20.1465231795411 83.7410667224239
63.0049783356445 25.9416166184872
86.8059754077614 58.1679217879513
74.7618132975316 57.9514067051664
85.7597502234518 10.2563188140869
79.3193922604997 13.3341912082702
7.44025593010765 85.5537744777554
11.8217648148377 45.5035298973885
76.989057431969 77.492964202574
11.4243142146227 89.3277317522625
56.8477603448741 22.6431257237547
10.0773185634109 37.4068118722855
70.9745213231107 67.3029412674516
80.2873934597906 4.99382481604236
24.8383734932307 76.3720551552544
33.5635201253102 5.99137343610444
2.23956980809579 86.5494003500849
81.3578586297541 62.1181415020853
47.6914558867947 37.3718365195487
12.2509339180045 36.0005136655426
19.3024550308191 34.316798321487
15.3622769605905 77.633307541883
77.490203187293 56.3993874308224
15.8443205097687 53.9698690012762
80.2567076541623 84.459916575842
47.6920671804043 77.0042726157529
84.6842513786942 86.8491948028242
32.0272637004105 40.2713956378816
52.6777391269043 49.6842744012879
34.3376611838019 44.0648175412081
61.6987939231118 76.0468199245892
11.9182452955361 16.1801036589862
68.4371151007177 31.2675991570903
51.3021603262376 70.6105764406393
64.7036061925093 37.5279753346956
73.8957556016409 39.4889269298657
21.9970248463098 89.5630900451762
68.7373294411381 79.4719878793347
10.4121011046297 57.3283076433964
2.45656317718083 18.6549440795188
63.8767319779511 65.9991335601906
59.1713156582981 56.4639803551424
27.9950904370252 47.3153597097563
59.7975943625016 88.218498623319
48.9841133998465 86.562050897146
0.000965715002045897 10.9877927540177
42.466298452729 56.2064083029703
19.0682850390268 31.0303635400788
72.6660874980425 47.457117457557
0.0828245676647654 55.6341252571958
76.5344230015971 28.3066355603766
58.432278023248 77.6292619312115
83.1246080597271 14.3023098173313
15.1750581473625 80.6334399619673
37.2888119063057 56.5839152176056
9.59846481054146 78.5086472610382
60.7239405614756 69.2250550499183
22.7244072079485 9.2039012897861
63.5089550680999 41.2084812892422
43.7333032697967 20.9464329559989
59.3956547974541 85.1046799868769
76.1350007604848 76.3474228551264
22.5829674922656 38.2105331090354
11.5926587873666 6.01407217393394
45.6476034579548 23.6474443443085
34.3430886828332 0.649349587790411
24.6787688106622 30.7040591122239
26.6150881698361 54.900435801221
79.2139021916781 73.7985182006135
65.4444299052298 63.2101949998104
26.3071005345203 22.7889344864798
67.3970521103569 51.6906651980786
85.366727099277 7.02877883368522
65.2162221939961 51.3337724226153
63.3893940592919 71.8964549054525
13.908844705651 39.4644494312924
17.3422889368427 33.3411035977911
35.0457035022359 72.5490282052104
56.1029615752754 69.7120242461239
75.5892911351798 67.6984938722073
33.3205526218023 80.087423725034
46.7981842564086 85.4059292808716
69.2754692198964 34.7790499438484
78.6807325993569 51.9533744822498
83.8472381549653 63.2650543463671
57.4291609498338 3.98648225709479
25.8755427134644 70.2337214930093
49.5661699116243 25.3032843276142
25.3227568236327 71.4537909213993
78.4910464168958 56.8134340469161
0.944412504382761 6.0246635891297
15.1831094633796 60.4097191239516
43.396381282311 68.9703093892926
56.7764460289163 17.8604503528273
80.8898349450203 60.6770241669932
0.220299361399832 50.6732134003639
45.8134615270986 50.9670131157471
70.0406839153257 85.9040195861075
47.7862333087322 55.0274197545875
22.3507741170122 31.0338621483721
44.6251955252363 26.1727382287118
31.7617147327365 75.1145495372159
49.6355661983529 47.3616328405797
7.44789002788718 47.5575995406329
0.221014029272233 82.4083781008871
59.6742274198024 51.5243188815639
83.5457568078418 42.7804596931826
6.70427085452229 30.3229038769914
42.7653998437923 3.30970868733587
14.4341702757449 44.5260505233579
39.9572543361993 54.3963878936492
48.6092065587956 21.6365131933593
69.4566740348676 83.5758674434296
66.0058263751677 2.03777988299066
63.6050543262855 62.8548769401929
14.0981365989668 11.6892906338665
20.8316087631804 80.1280499676082
59.415775096126 42.8993701221752
60.5957558240187 0.623672900889574
81.5672624409156 80.408454857695
11.2118315514143 32.499883461622
88.4955000029336 0.843669832470297
3.41003481577022 3.2710013221751
1.02499544384255 51.8526432346653
54.5665443988286 9.17706814744506
27.5882635075873 10.6924172614779
58.6367875573587 0.339528116853671
73.0821131989241 22.1890018414423
76.1041567463459 13.4195760096014
8.97649161867182 86.5658058962097
50.6002733070185 50.4121481977024
54.6305673237844 20.4226980435298
13.5086584701446 2.26365753284277
71.6237438281951 73.7614537728024
9.44924412886348 17.5689271862107
25.0712662264342 87.0643734948676
46.888631888535 88.9921549523535
41.8964496506474 54.502531253753
14.3079365304373 55.511471960398
42.6751437233844 89.3040275265582
24.4380486689672 56.9767488407435
42.3873309526706 59.669671321655
54.5012848259009 68.141707641702
55.8205533812422 81.7908014719359
39.2871502761107 14.8702708417481
50.884141960629 86.2489925120275
88.8254944784383 83.8345431480773
44.3595039612213 7.97525724827281
68.5567495967817 54.6777924810043
62.1896284996481 2.55282178547048
9.5829835933181 33.7032278571961
41.9570311455874 38.5616682825732
12.2144415703623 86.4953719458621
39.3804537925891 67.9913576767677
87.3465187160609 39.9168803057575
16.0653506634781 2.51158640685546
28.1036233702354 70.0425022638282
58.6819052604938 29.8476496036716
25.1765128054508 74.5632467012565
21.7506430121514 74.3651950700393
30.0028240170278 68.0159040396447
7.53279612953616 32.6037338972208
43.8592975726225 50.7877191399824
58.2377295304917 75.581339263264
41.0989697170045 21.9604451102865
30.4272806188762 80.5594038351707
74.6301089223229 41.6155491200646
15.6224204381053 7.80257723032861
7.70785296473985 42.2788993497802
63.13879110269 29.8617538889422
72.7780363019054 20.4818242634627
88.0919493726362 82.2509443152214
70.8261187075103 3.90764096473802
78.0024020870237 19.5036808192253
84.6009391204692 20.5969923736549
50.8907623731896 72.8545418120849
28.778837240909 32.5008894430117
32.5793299705452 67.5359092501392
29.4906907437434 39.4509219635461
7.87937109758456 81.9815084329711
38.0907296058685 30.4014140804556
59.6180191773234 58.0732032795873
17.2024381516062 30.8849290628567
33.2914446946374 3.40105068763087
85.3783255766427 39.3893461571755
36.6332985728286 76.6474627385315
83.9105843627517 86.106763038873
39.0685079559053 48.702842394418
20.044423189336 0.792715171011125
87.5262675367763 43.451981462599
48.6298791449537 65.3288885212203
82.6657568919019 75.3880364805765
77.109026547361 85.1096222929818
89.69723306028 85.717286440527
83.8546427818801 39.4634677651808
10.6597423539836 55.6721291081925
47.8929709757911 4.24109809668586
0.505542120666469 8.60143520405998
78.6737279502395 77.4864153050589
29.8172867630436 75.7804334589761
36.6948196701376 84.1618771114577
39.7684468688248 35.7358397970675
26.3628300333204 60.3747078123481
35.3064010616658 64.9689241965507
86.8820224057971 36.8149260879458
39.0094961970467 69.1082139395589
86.1351268989237 24.9634789865815
30.7012198673492 49.9019791737616
34.5349469352697 21.5200347083472
21.4800430977516 62.8266385847252
11.9301273081119 31.6186777136827
63.0988854947551 70.0338265787714
89.0015563088528 11.189382407475
45.0514085154974 3.78164500172154
36.6120076820618 61.6529426850296
23.3297295204414 37.5286718208431
25.1838753304316 4.53863303734238
81.1099565974338 26.3328141407889
86.5726987876664 56.3900456148252
68.2153340199004 87.8486058932862
21.6123326117343 57.1248537967112
16.7460962034169 3.99680405033187
56.1862462187976 73.8853085488766
83.0085018744344 17.9780041918411
56.6957149618887 39.6426401817482
48.9833543502867 34.8422827017249
32.9437495243086 31.1559962436682
42.507262236823 66.2152332409075
1.22770196532375 54.3504998630374
48.1798475920268 8.65876284091328
53.718394900811 79.4113711365849
6.21580141135698 14.5193650532499
33.5448727355837 85.7367143990911
52.3531681988156 3.67644148644942
47.2947809253207 17.5265501925909
42.6567609143968 26.9554406770368
61.8761001148136 23.6987472773021
30.4386228058521 45.3645328002399
77.6443852450055 17.3448005407464
34.4513256609904 75.1487106546969
32.1538446126066 49.0230912070182
59.2903240974072 23.9133857752213
62.358931786842 81.977429815496
10.3414781090738 70.0550080943177
12.8787800432976 19.9257943718841
26.9571764228939 86.8878488171156
38.3925872080542 26.1303530088608
75.717493586141 20.6079106081615
24.917353673897 43.2191973435424
37.2830143350302 53.9193036439107
22.7550751604997 36.1141940892315
19.8627582361639 51.4736346720472
54.429880916094 53.0614218934632
63.0742058840397 77.136524153318
17.2633188262288 1.89544807535157
49.6523324964481 42.8749550419412
68.2418558996231 26.7574221642472
38.1001214610142 5.50389705606015
87.6159485508191 45.7198504097778
72.1600863553739 23.1752196866868
31.5674533155262 45.3773213171126
31.8298162805749 70.4593878693916
7.34467448676963 55.5374262998641
48.5419705386112 32.92550088033
6.61893578430064 23.9336522899392
83.70440497348 75.9559163026921
40.0331189649429 68.8644777712507
58.2687838628127 41.2620809946529
5.64407417825446 35.1070266051455
60.3055676400583 54.2135692979376
45.1176306029987 77.3101411648272
20.8239635773277 73.4243760849233
67.0142473532088 41.2316802768934
36.9809754031425 27.1777993919061
35.2451348878541 38.9464123857983
61.2229264652501 38.8371051627174
32.3440648476197 57.9468652062423
16.7487394910115 26.7187810352991
34.4293639811083 57.0675266746487
62.1012324649123 0.0452609086459432
52.7035731649952 27.9327986912332
34.4126284570506 45.9503426223669
10.7723228795857 1.65403525473494
3.47202382898683 5.43730014829443
37.133805393254 3.47674297945915
61.1666824706569 89.2608725359928
22.6437274035547 33.3723400045508
87.9290376330152 70.7555187102101
45.4440872222995 16.0491621263583
74.4795158361144 22.3040237785276
68.0572728646685 65.6678769957348
60.8279836259933 24.2704463265283
1.89962679286342 40.2100598585582
71.6466431265873 42.4879500373255
71.4598668611197 14.7441821275668
61.3459054793973 54.3659079998352
16.3062521297995 59.27019329011
52.1407019763517 48.6401191227701
22.0817313284078 26.8115855658376
25.0192483609056 45.7933626279504
40.107624900075 64.4689884015813
42.0609473284761 5.52189789089951
58.5160876893351 15.3318498473913
41.8426606118263 28.8405052239065
68.5394352392448 23.0019671683045
60.7862595538926 55.2251599887187
36.4941391265603 19.8473409197916
80.4866621033892 87.0052374120633
54.5988784385431 63.8266196593271
86.8366485733733 41.9029570730509
45.1539768896427 2.78024719291381
34.8305579887692 12.3109017061308
61.7192996167323 70.4404138270517
12.827933600571 12.0523858180066
55.4143168654327 8.07893489828167
61.8705613395646 87.9771603941272
88.4151042995475 54.6234645397214
42.7312895253582 21.4148290877537
46.6870789092046 70.9899274307134
10.2416115198695 88.7494463622055
79.9562380092578 78.2190243204391
1.35714667725612 78.2888255580258
50.3942511277775 26.0775063653561
27.4088981200227 77.2140900169758
76.6337628597088 15.720611951628
26.7408264897105 29.2198986061172
87.7266572047249 76.7329321257325
81.1044002296353 16.1660007796419
10.8166538769035 39.5682301320602
1.915801060555 75.9811410302775
32.4745943410167 32.2874166545306
62.1357997500676 13.9060181359511
76.0668030976943 71.7189531074246
51.5408495674705 4.31846956612262
8.270435338091 11.7259208765315
51.5862101784581 71.9893826288197
60.7136603235218 66.9784076597721
24.8107498291424 40.5498388429831
1.82085923250316 63.9495499960314
35.3203949493752 58.987189257717
27.2277778112494 4.07719166359868
56.4721172910614 3.66648792836671
86.6068762855619 71.9481575198881
5.15899865516854 78.0069138505008
35.7171457521446 89.8110396386426
14.2507805710262 0.676147320822693
18.2811807155169 1.07167416362259
6.07491951696911 73.88417455578
70.8490259055086 80.4426602640379
25.5894328183664 55.6362950630245
72.025433647347 58.1129417642482
49.7356801698652 29.792126322786
2.17453888124172 34.2907249362173
50.9955788658551 24.3325739142708
71.6397904090975 69.4128494348486
54.8950950400913 30.4857179354507
63.1535732377714 5.62819078301317
40.2220071957843 10.5842793524403
36.1368403606621 38.063520286187
42.4007376707449 77.7545641411647
57.6813487459107 1.10755742384882
14.9079720386245 21.240098104302
23.0176319219053 67.7145075174696
48.879258153886 14.4748062187142
43.4558078124833 17.3852652268961
37.7466032942587 7.84802506699513
42.4898063382526 40.9765272624153
54.1339790075572 10.4503815532087
40.1476767150654 41.1513831753949
19.2327056031257 16.762099289464
21.0484719419998 27.1953562144165
85.1010538224001 27.2640218544954
12.0888662613995 26.6505625887409
33.6743856144487 22.3303262630674
8.50737122182114 84.4708975796884
10.8572182936303 49.7820833230088
47.7551076491075 48.2361301808144
27.1385538602506 32.5491199256824
12.5682559326973 67.2270450388052
47.3050434625177 6.8937393472698
8.05521583448861 87.3273712866764
45.5548968854567 75.6341246223455
48.8445162358984 80.5254676377025
66.1619867788792 7.26308391644629
54.3012900843755 16.673105283833
29.8732868700931 34.3741924679177
53.0097761955999 73.7253958034164
45.9389382568622 65.7756878593576
78.2853769412714 70.2853839049232
12.095516279755 60.5307995852977
42.4653123140498 44.1616592096621
66.9274135597859 63.3254088389196
5.65979192686751 76.1764457906168
48.9623334149461 39.9846223385747
63.5099412692149 7.56634483515803
11.6589783056187 56.5632384419194
46.3974992996843 0.61383850266516
75.2571701868981 27.9518296680776
24.9261584000669 77.6090521831426
67.3788925928614 42.8627862649631
5.95236728964732 57.1508849406607
54.3072669930862 35.5335486922308
64.6401430173117 82.6535369201062
75.9494061268361 11.3837920144535
45.5577141459111 27.3000803148761
25.9849914679661 58.8297384443198
75.7648432031023 2.79559942584129
83.0084594721594 48.6887429326708
6.80609561050094 8.69664788820074
50.9627088109736 58.7497688975311
77.2009348529882 40.6744597132335
65.0705115318635 55.9785163339901
15.1492006478744 5.50611371311518
2.27546296521748 74.6506329764485
16.5781012803346 69.9309083989773
56.934593128654 12.4999453509247
40.995337139236 0.856130525236551
44.2503877687743 59.6348037993443
29.6133599207535 81.3386647378756
82.9274759418093 22.0498250495501
9.11229203694877 45.3073455954366
31.2038781237883 9.09932221176149
59.3898760641171 59.2510813469062
50.5919620362487 36.5221636671764
38.8009414570211 7.92982722950704
30.4303320330081 14.707033863076
50.9283686005883 3.39319269099988
47.522157260822 40.1911418314492
0.619442503093985 87.6208172887065
65.5236211932875 32.6478571527137
37.7331381675529 71.7311447282793
43.3389159669319 23.1246484240149
15.9410040530962 39.3286258638362
4.27112258967721 6.43911747219043
11.557664113555 28.2493550581319
35.4841655568409 0.663726365983308
85.4486920250573 55.1448183527116
74.0418216976829 66.7211865513983
31.7397482294079 24.2907440363542
89.1114989153327 29.9647216484213
74.5933746924902 85.9193028918568
20.5431131317603 43.397652436516
45.1547814590075 62.0065220916828
1.59606962270974 1.46857332859327
35.5480612421833 87.2828990989687
27.7005335420667 52.847541596167
7.01077651767005 6.61004730652444
50.8382969054273 54.268319268663
76.4170591885822 29.8016338615282
88.7964596774338 46.2586673235236
68.3422597227175 48.9806550760192
53.5425565587039 38.2577326042846
39.3150430423712 66.1090127459273
16.1845799733777 5.72044155770662
79.6177833659114 85.9753718358903
30.322525225463 30.8594713498157
85.0162544277131 8.01165072828034
80.1519478267548 12.0199495816237
37.8268143272627 18.1291215876667
32.6267529013505 51.2547270349323
27.8802829447499 60.6436423415172
22.6294832508679 71.9956058140087
76.4351779295569 22.5774887558484
85.8647314692801 66.9041833471329
23.3082460528407 76.1722473688165
84.632537199106 77.3861843989221
63.6562594268925 34.7205101895851
49.6077181890265 27.9173255953861
58.3620604655475 66.925412201612
89.2668550391261 74.3306157048377
68.9326975911945 61.5871251597974
78.545666458444 26.3943235066686
38.0272852105625 28.688279359186
84.6165408441025 42.9512067043846
40.263272766923 51.9269520059468
70.0562242899128 27.9538299193056
77.4503298082893 45.9751116358031
10.1232143560864 59.9128910814459
48.8668092710047 38.7477299429765
66.9989488534247 9.10113167044038
66.1199178019263 85.509102182927
61.4391324249034 57.7780539645344
46.9753012279337 34.480504691506
10.5207252667313 7.78457104330272
81.9385139376116 78.6420801438477
20.1320389802048 49.1631584513799
28.996625136619 57.1146013577481
43.3771596036412 58.1862118327266
0.49571870166087 2.23882420079285
39.8889115951514 55.4509732762364
40.1571528513398 76.8144422627673
33.6219174870871 82.204284328414
56.7083621003503 50.777300251144
4.97050702634997 68.1878973680804
41.1624239333479 70.1885737950464
15.0357658063832 66.4664982325954
84.3443676175163 35.799832896944
41.0979238144668 29.9658579530199
25.8668787688268 48.6554041198193
13.9722367900526 66.7491210432782
0.463537035124126 12.6259003865715
79.5282634999292 6.57334451659906
39.3842227513201 30.2614090563701
19.4067421515323 2.87988006115683
54.553435752607 34.2168599403113
29.7895173642433 53.1983149859914
81.9459498022288 30.5037058104143
42.0323391968256 64.7096419675113
84.2690472201898 14.2213292096883
64.317271542814 75.6534918750737
23.3652273577082 23.4713336009901
78.9352821733271 41.726196629421
82.7007682088029 37.0545355381577
5.57702607109025 25.144714261687
68.856573462487 50.4623990079008
85.534068490336 13.9185147610976
42.8667038623197 6.88446564797395
53.5503984889963 47.102629640107
23.3331450957546 10.8708123529795
72.2133257686403 33.2859424693191
70.6717997377161 37.9777949309207
42.6956829006106 79.5968340875523
75.0204217754699 71.2889406206772
55.0945363396685 46.4050548095881
86.8821658779369 33.0339582092507
54.4493899854568 62.5562410042504
31.7245927943435 65.3226268065919
23.8147114334489 55.4960438169683
58.7059525789145 63.2870808599939
2.15537141349433 26.7079866645342
63.538144362758 61.4184440440482
37.469182052578 64.3340077100753
15.0869027645232 22.5733274066133
6.42951473203187 61.1195808607884
8.02925227968235 7.54357140044945
53.3620477392864 80.47336486044
83.6776458441293 30.4741614390937
87.8949583340356 51.4260445906752
86.9998708948413 84.8278597332882
59.6143152060433 28.134430750599
37.3656963728405 22.9674413774344
71.3381068400594 82.7783374699379
7.33774091313503 72.5396013722507
28.7831266628095 73.5827789943212
67.6560847419527 88.7475187975958
22.6641936957492 34.59207997187
59.8822821585191 7.74202360155243
36.2908752619519 73.9490942151256
14.2698172956549 33.082264360099
26.6905759237885 37.7193067786096
38.4873038005741 15.8642380418995
82.9116910274768 23.8195653122093
72.4475252373783 74.9255744333997
74.4308239901838 5.62208329870991
40.3407927714531 7.79884211497944
34.0537056700486 78.0741037060758
49.5036827112387 31.5390273488126
83.3286017723165 76.9177907142236
17.0628661354747 74.6283709153273
62.2143735498183 75.0156643896263
7.3761661479006 65.141589618438
35.5640157237726 77.602750886705
24.3749078061921 88.867195235808
2.22812149498804 41.525772951878
20.7622283586075 25.1009463058354
17.4151723595881 15.0071704932486
63.2997277915493 16.1707797408334
36.3803636186377 79.4726228741978
74.8727359202115 61.0476497576442
74.0074306873113 64.5911331108633
65.2424795900046 58.799166310236
13.7438921405048 18.4394027693811
46.807172142657 43.575686182201
41.5426862248864 44.5900961217941
80.8319588151733 7.49595908807066
42.6495398534885 39.974744641272
36.284387026781 47.5241599611147
18.6944779553874 73.5687624571417
68.0976838802065 9.64761222417373
55.9224623442321 51.8632058875604
52.4241259802148 33.8189999729622
26.7718093154709 23.8438437338932
2.08049771023322 33.0692633118144
73.3724877537648 32.4395144716013
65.5574288028479 49.3788952376566
4.59271559308657 47.7856261458046
36.0751836858232 16.1567834910276
84.0323128566662 34.1231537276691
48.1972430689174 27.0463175066305
8.36238330886747 40.217827924329
63.3956836023799 36.5408207889637
12.0365406894473 7.47531473282777
37.5867247906769 31.6411404565677
46.6552866571768 40.8042882020443
6.12417957574419 62.843482982023
85.0288670543567 16.9703462333451
2.01948678365614 51.5409720359285
38.7410201946199 63.8974072756628
81.2535286810943 10.9958438082462
81.2663983155666 87.6631163202377
87.2273112329512 47.1200719336915
33.3714137366069 52.9966693727981
55.4999949266244 38.8217876870027
70.8276344299289 29.0579079548588
63.5659163210667 1.76008268075378
61.1824190532398 7.0717880083965
83.1104279086104 56.366780617211
26.4687292662257 62.9680331062506
86.5836068265232 78.0874547969167
35.2080653856976 13.8189225632746
49.4326830675065 56.689107128172
31.9436133666921 52.9374239166935
22.9255934781743 2.36607873858908
23.580246483726 46.3269502538908
60.3025172596748 85.9337007812584
54.4724699612037 83.4209088563726
32.2499605558692 33.2828904554142
43.3048149816586 25.982688727247
82.8527061998524 62.7077246810931
7.45119765129306 73.9306906368655
46.0159972882408 37.9244306714786
79.8882429505697 46.5671470195918
45.7749380676739 43.0228740106744
22.3510667546953 32.0943575657594
38.4658797050492 55.6968760081541
52.6672246649351 1.39066013672576
3.07612639442741 12.0348373272085
54.9909561606438 54.5936469507558
71.9271016341942 24.4995780264882
84.9439439562049 46.7400620894161
86.1824230989093 43.238767681184
70.5401890241062 89.8563101779432
82.986609956506 80.8552635933935
21.1245977846841 56.0804226414933
23.0031937576981 74.4908590302619
2.8449327720082 36.5112202080513
56.8275664865267 74.6992724861344
67.6800051176496 33.6020442856407
15.3648113771436 17.5054747997046
18.1621952509542 4.60291941029759
8.34797896587677 5.71977768873722
66.7783583279634 34.5930847459356
71.4034047686129 17.2348225095819
86.4939289253376 86.2140858639914
2.53144096548592 56.2851975628234
73.0785682377074 5.71959678582729
69.367057115415 0.23935679675219
31.9873772927668 13.9431934842938
52.6097048430644 59.599470360197
72.1615630858807 31.0164299120348
39.0176600181205 53.0816478294382
18.910566065282 52.1661447239939
32.9997956517635 19.8503006832819
72.5115098676329 8.9606696209966
45.4100110680159 89.9277708136125
65.2371059329947 73.6109663944581
4.74171625108337 12.7445635791153
53.29382310577 51.5849560607266
13.8868885031833 73.8601187974827
76.7311070625462 7.14130932832681
15.3363844021655 64.7812810246458
26.619334103389 11.4749978651168
26.700363393757 72.5673684045971
51.4572091782236 25.8775297013957
40.0059563591731 4.24498126954688
41.0893479864894 31.5081840986827
77.432002182879 32.2281507626572
8.34078022424965 27.2686056705274
11.0174816953746 46.1773113487378
73.8170142677307 40.6485697751841
64.73737739206 69.3621248909938
14.4400706825992 46.428658312043
33.3886758100115 65.3020906187447
3.6326602027793 86.1897527236894
17.8160696394264 66.7173874209033
10.1300106867066 63.4895143696917
76.0680077917412 56.3613983480878
4.79648230279043 74.4515983953089
64.7847372140614 60.6532114962376
75.1116775834265 80.7831647510648
79.2791446249829 20.8907692640654
23.4240890384499 27.7664215622147
74.458740695457 46.765725696461
5.04141095002634 1.02583461185155
52.5698340287113 6.59294601424392
69.1285846126557 36.3176109413244
40.4816836011965 72.5643161252283
8.20587171869111 2.02391006305874
26.675436504148 76.1251882121804
33.6695485619986 49.5595759901083
27.840925604932 88.7062868043918
46.5829963603625 12.5013328865509
38.8138747306949 40.9464765058116
40.8035873871288 75.3652471295814
63.3551820854147 57.7710866812362
50.46296737214 5.21517705387112
53.5033275366079 85.3486322794581
3.90143576282828 68.0626321227858
19.9493312298958 20.2306868935804
11.9337182868115 4.49902280586102
60.1772907506398 2.75514601167082
81.5854131650412 35.2598983423582
14.7350257452722 31.5599238146062
33.1356501208426 84.3768067964705
88.8792449275065 62.5866988082394
81.9742746608218 28.389054535714
22.501444538282 16.4838398522453
27.5816964451511 12.3455135342269
21.5539155202201 17.4840366764978
38.5370391279436 86.7661059726189
43.532997097004 29.9952370238216
11.8364209443643 73.3129222607382
79.7283289837294 17.7028428260244
3.92799143911727 64.1405435541787
47.9833798375692 87.2223328451606
47.3172504103831 84.4376885355415
27.2505698608967 26.0051862384309
55.7267381467358 47.7623272293067
49.2817777625249 41.0134044399005
76.0394144323183 85.8487456380572
68.5850457570823 27.8781344764414
68.6750758906673 55.8590210657241
69.9126659816811 79.4043486654907
65.4852738720797 12.9207742317209
65.8545621626182 26.5202383800841
23.5647936152333 32.0428772373509
34.0298983015829 19.6935110331848
8.20546764468165 34.7002104604977
28.9282755928911 69.2461222201947
57.0478866937754 61.4492414892874
78.8008130361739 8.60627211947602
44.390582055996 11.6445074204831
38.2747457012168 83.7913307797486
38.924703396961 12.0951279130693
61.866543452249 15.3635893210844
11.3908815470871 59.7301953345349
30.5674659229957 54.5086932770671
82.4695988944318 86.6270204939512
0.969921473305213 56.4260276092076
64.1587092935333 25.1785167638155
2.18255181510312 71.699059131041
68.4991719605951 60.4662910439852
16.8845128976744 10.2070164103215
24.7736034125002 34.0565941571369
52.4694463757632 13.05201729938
88.8593899172383 76.4022197619894
44.0806163081527 62.2141048847419
8.81905631051527 48.2550988759928
26.3985938456512 52.0017898730566
89.8708301495417 41.7206095082035
68.0284637700981 44.1393336222935
20.9450958712792 46.6584313923086
4.99752446155551 60.9792694349459
70.2636016220059 71.2448515162235
57.6108014848161 30.998192530357
53.6182016329328 86.732392977449
87.8619681030918 67.9771676435706
42.4327959090917 37.4182899384292
62.3918123820102 49.8772236522672
21.4324457613664 39.1681038844884
72.8911777032002 63.1663059832837
30.3215812315259 64.4372842816939
87.0233709645887 5.55240565977833
89.5175825918509 75.6316393679643
68.4140007799992 75.2423244989183
74.1754699461978 31.6987029294781
7.07132101434315 22.9254605396223
19.5503677554805 36.4554214140218
8.30430584443238 74.7441303987566
61.7095322271676 21.0472969161718
71.4939714673966 55.1454340999351
1.11825149120943 85.8876891708397
85.8856795400608 48.8868815983598
28.8375782497903 27.4319141228617
70.2595948797732 40.8266722125295
69.7844759901909 10.8564062614547
6.49729282578054 82.6697538132197
62.3790904056757 38.9690767951786
74.6225454499957 63.6072364198624
22.7335608482499 19.894992973443
4.75598782338043 66.9595035956078
85.4788792797034 80.5633781604466
9.32182690406481 6.89985786000307
80.9345689434657 13.2998043801857
0.759804834734474 63.501835061725
50.8570199822571 57.5605634938408
45.5740288299296 47.2619671102083
2.31544034593529 58.3036662106821
31.1881597148631 58.323116471116
19.1906323297913 32.1616419024549
49.4915226552385 87.8683375506816
76.9593542322637 10.8964767999567
44.7282188714245 71.5144666284935
62.9671080405245 33.1830696836519
54.2170100163937 40.3928638569302
24.1079269262238 72.791089386084
33.8671992357687 87.8043603101555
19.6598011766968 37.7343185342689
63.3122242982843 42.7920662930212
68.4248303237441 40.2364709314178
24.8640055473701 58.6911241091386
52.6512761632715 44.3221251309979
65.3635422920955 9.9549339343217
75.5449585236159 6.72608555402157
14.7621276169727 42.4576901377264
80.5290119854212 3.33694831617578
8.36719107496759 10.4876239209086
63.3405338982452 45.7346593235518
0.0860283829194586 39.4490320237158
86.6510787072457 67.6054863538394
52.1773458245226 19.4173439388392
11.1726394562291 48.0987873065134
57.9549944032138 47.3093339102374
69.2624752194512 42.0550636525421
55.4697879114184 82.7837920254012
65.4027383682729 24.6912400272723
19.256591542585 65.195752537975
77.5781370189786 23.4051724240198
67.2682979074268 15.8990777351207
39.4529888261903 80.8633778131158
41.7856517116114 57.5069836800845
79.8177957856022 30.6882705566487
14.7968006824641 57.3312911811902
32.4842092313988 79.4448146521712
58.3713834546208 50.6260476797279
11.8006042831403 41.9201285227294
55.7506130833581 40.7171653057064
55.9928588250943 72.898518434018
62.4223866973303 83.0025557733116
66.789721623608 82.4521308225721
15.7833016141825 14.6419860216351
68.6120443949222 76.9024112976846
66.7323263224332 88.042084999063
87.9724781372554 61.2773464152329
28.8219178305 49.7267348833834
40.0347309921279 29.446308844328
0.0371501339652625 48.4377710222746
40.2999110771187 63.1916538843355
19.8386020055673 67.9830419663357
80.5395524961453 48.4808377248192
49.2778014467075 49.7337364570217
77.201605190345 82.7187241216124
43.2860846152871 87.5951098075656
46.8307635649031 38.777168322727
60.8982561980779 47.383134997115
58.4935539225402 80.710166999657
11.3762759599608 53.689235840415
23.2161157596817 6.32440263491695
1.85252870583557 61.1283653238053
53.0244588945829 87.8249152445219
39.2883674639025 28.0904028219125
24.5507393878887 36.9203572009646
47.3104806215748 0.0991241451985303
59.4627122910932 74.1311598714099
7.16145914098139 45.3669918093924
76.8384735765187 70.8634854663836
38.5889678502833 51.0958988771788
30.8119135702903 13.7785413408217
15.2316136098798 83.9888876949703
84.3790479759426 71.3261091647016
1.40304555183302 50.6439500084367
70.0821147022951 18.5452848064743
78.6497583315196 24.5358617388185
85.1056612215183 3.33741826955247
57.3031756878631 58.4379850329573
59.1024051999122 69.3863532430333
14.1052445563773 24.841102604378
81.7303017321391 53.3068917702332
14.8529267868771 27.3415792956585
56.1220209956911 64.2069128830165
70.3468947117932 17.1817783043355
77.0139748696284 63.9335725035395
58.6245375961411 25.2516993632155
36.6111966001919 40.2364332959218
9.44850532902297 80.5766970061158
38.4323680024613 34.8464265960521
0.246295344217096 59.6385083127706
88.0516913828727 8.47084017114419
21.664571981198 78.8390143067032
66.4609814798144 53.0376478526095
26.7757766651389 14.5273073838806
17.2728144451689 71.1027020433455
44.3235371855087 74.1778909826402
42.9724616492604 73.0684105626898
86.1310035947731 26.9856299937224
61.4225040755646 16.9032794331811
69.863597691149 78.2637264989227
56.7028791549061 78.2189270362264
29.2816377221866 37.3388041578585
4.52895602899222 5.35667532775619
45.9896686940694 5.62281535458183
49.6840528373102 69.9278627746517
44.0040046841902 15.0734567045601
74.4351924896045 28.7781122376915
36.0330931851479 75.8124546694938
3.20495774195091 71.3375622722103
46.4109970877005 78.5356753751217
37.8777444378774 13.7588303873193
54.9463184374199 12.4279321743009
49.9304736064032 15.7616282116503
32.2382479247073 3.91999099099472
33.4374639912972 68.7055065199007
8.11378149208576 46.4752459983911
38.3700246615031 82.7218819104492
53.1021807366134 36.8740505974856
6.19493011288892 29.0240540429284
54.2556703061165 61.1573343000804
3.86896645234639 84.0106285505923
69.9618473644184 39.628834841608
13.8071988964779 37.5984877635022
19.0031822981556 85.2297866196245
50.2434112610984 60.9107423415234
8.16700892331827 60.7518183874998
84.1324194328634 24.394461092664
77.3179958079848 3.34642557774458
0.317246969554965 25.2878697305856
42.3281701117008 18.9670034116741
48.7736102522667 46.1098884245916
79.6688327171127 1.54133839259693
2.54294041435937 54.727718455793
29.4469225172347 3.41683223863384
7.66040577311781 54.3976502117182
89.048065873008 2.58360960025513
39.4718839022368 17.8807617630067
37.7425785437431 40.3076968506898
60.3116792334074 73.2924318522156
78.8285028501683 37.9532245584245
30.9973122060261 0.199468630130326
0.513007794859881 16.0639463139285
47.2556396624729 75.6283508081533
38.7536852912688 8.99828239370933
45.4135583070183 30.5432346013819
88.3425268370532 31.2901623730029
27.1000682336578 65.8264309154698
10.129527796484 42.9260006607137
10.9751092890646 82.3369377931343
3.88838919540508 34.0399122648763
52.5125564045547 16.8903008891905
47.6886177306347 62.4957444488206
28.3968918307864 64.7222335979914
56.9817636849253 26.5910649935331
2.64029584779589 84.6274336264775
33.9249626288384 53.9765456345967
81.8808002729758 40.1513846169904
1.92438588710896 82.6832709296436
4.55825641152398 25.626307910599
83.2096333572305 51.3661248373388
47.7886046855148 72.7521737779075
30.2034621582272 70.4451119112102
26.9738087534429 73.5963355706416
7.01837463744628 76.7176236635552
47.1106589678514 60.9274388110635
37.8236200452801 24.8540227646822
32.3927059851406 6.9521689887214
55.3570734273298 86.4348271527605
39.3588145563941 16.4993147912178
76.8944305803084 24.9018351125986
41.1499690444638 33.6796055160818
10.4670388532763 80.8688376942148
29.0930332845153 13.1349681487003
22.3329582935276 43.666450538438
63.1463505753704 47.1629794190162
19.9425801396247 87.7089581379728
19.1597463689439 57.0091652900884
73.6239459198246 8.78182199611395
2.96031450685117 24.3534738681037
79.4052655025127 39.7316881613904
9.66446974526445 85.5965197698735
74.5333997975748 53.1967762780476
20.9490760886426 45.0447674023707
54.3918326734881 81.5444788073914
50.2172525606465 62.4242532817831
60.6319463975672 65.3511788177997
83.5045236916046 68.6603995324365
12.8511142473689 83.7956306572151
22.321213108818 69.7262014074217
65.5272059735463 42.4389791208369
57.4713266313811 42.7969011948019
82.273237626071 51.8883949087678
71.9322489531742 88.0106239737158
81.0529542982681 89.8233241275017
40.6764692726986 13.8978160961403
32.8165789842306 72.0159235746986
73.5060263490498 81.7620200310753
73.3921990388132 31.0141313877659
46.5660897863542 63.3166876863585
41.8314280798606 24.5813851993685
44.0346350214066 84.929778664229
56.0605116763789 37.7505951048109
7.37627026206749 83.8560646382302
7.87752751061571 23.6994229784433
49.788560500558 77.3113691138074
26.3761476847372 41.2508148676104
74.75134651416 0.917945685998802
3.48445012461195 55.668904489692
74.9742344749936 7.59115360841456
31.8358534050962 35.1978348193058
35.2330819691865 22.8232961882934
47.0496488398055 54.2856517889671
70.5249728191075 72.8321457185694
32.6716007813452 66.201295403856
49.1622412297484 12.4824480404864
19.8092275588331 25.964917155635
71.6883238869729 60.7966345554222
11.9321087924453 8.69873143074436
60.8059026462204 30.9022528534379
34.107521020267 63.0889787527028
41.0545445526803 42.0289188162884
68.1045627390312 63.9693888713701
19.5404164513497 28.9482378612456
33.0551647542344 88.6257805435417
64.5311349868107 67.3879343259526
79.6371805518789 16.4065733166404
75.0263234087557 37.5423782112075
31.2723118760462 26.9624820624846
79.7618675705882 42.8586335546582
73.2608253160021 53.114240449928
19.370564322112 70.1232834643103
7.13815620600389 68.9253869464825
41.3165362139873 18.9406769297344
86.1905936119767 15.1858045496915
32.0017560561359 0.739840426124019
87.8946985785986 3.04017494113239
61.5243942033217 78.3880233051195
84.8333382962595 48.5384729458975
18.7089413108128 40.935637039364
68.7487977698862 6.94375546683453
19.3761887773298 58.0237538701363
69.1427157340526 44.5792013457802
70.9114191197236 11.9475710683699
80.4756160087167 21.1787778358218
85.75222451117 38.162916611926
12.197460567606 13.5821312891763
53.6668048705939 14.4120914389167
73.6722198262425 0.806453588437535
65.9722961656167 69.893437141349
87.607353383825 35.8120187172808
10.0400691771545 71.9832490033063
51.8550401720176 89.5993606428279
74.8576409742834 9.83834795390955
30.2990347014833 55.7502015070986
20.8807466881094 5.89352270468353
4.00412503506775 20.8876103065225
74.7038525611906 20.1541137707984
84.9367972944606 67.5298598159958
23.7619819578272 44.101363146976
19.7234781931322 78.8743139584482
1.56360223550028 2.54587961938881
67.1374589604976 20.4763438872568
8.62949589941866 35.9871177627268
6.92018661047708 40.8895155873247
6.84944059948077 81.1063696093394
16.0640347123892 72.2455452678373
59.790850503495 61.3375248750098
25.3304602184091 0.577212204600315
21.2310581218802 69.4514307804613
37.5078500165703 1.06755857922515
80.9311801964963 74.0664779551331
26.2422773985253 47.0767715377519
72.6895759163326 27.8028571535869
45.7690568338418 7.03308695503033
38.5525220168396 72.6385471316241
36.0239909288476 67.7708128644855
14.9892313721598 8.69106895150573
38.2388416478416 27.7050534486939
84.1666078600317 40.5172861749372
49.4389170990631 73.4036520453822
71.2134666020107 86.1891165752466
65.8704680971352 87.0770430898062
25.3025408944997 80.7736985830208
76.55477682196 53.1010233941806
2.70355845109709 8.40641240237872
72.6565699894891 3.7531703393892
79.9488799807021 35.1677898247841
64.0471656936171 70.7330162259361
46.5810201335029 32.1184033239069
59.7667244926732 36.5659797220727
17.8298472680835 29.5115874738046
52.1268686056775 86.2410531680152
82.3913432799473 76.4348024383288
18.9197354191316 8.46586458253682
42.9993319052256 15.4566589699713
66.7753759994397 47.4201342050485
40.9696616248167 11.756314029853
10.8214289192567 3.70383050216148
89.961038206023 58.4352299698887
68.5433282042921 12.621502892451
25.6540173860961 65.4612031926828
74.7112168711486 48.1602600957877
43.0162190921941 2.29517112937955
86.1809743867952 16.4780504485657
50.0624225460082 79.8505629322089
37.0358315770997 12.762963684309
62.3380445987918 32.1954281242694
0.133482384826955 28.0236907480314
5.61520900962027 11.4477255079129
13.398985035412 43.2334407477533
9.26868794310085 21.9443120749597
2.79064872088714 63.2682140861924
78.8500673640785 34.2166087942589
22.8143854800245 54.2181790075954
76.9426600702052 18.6165906886895
55.8787829328828 11.5394315997398
14.2337239475622 78.8822076135519
17.7470706672055 31.7953755680879
7.94728797911322 64.0689463409217
79.7689915249829 38.4304460398975
69.0740294264171 87.136862429109
18.8314129435239 72.3047748567527
83.3357164568797 64.5759200108689
75.9361586808818 44.5006701819345
79.5855694631711 53.5893889481357
77.9831751850748 64.2392161397044
66.3790040792852 5.32635665578894
60.5970555916165 15.7184196101196
45.3952652358254 8.06812819195443
30.169859296857 89.6582130257745
54.8208045049411 4.73133623257368
3.36615359105362 38.281651016436
55.0544560388328 1.86884945437029
87.284778337605 29.3540745614856
80.3415282528043 69.4020827444307
30.5026985711134 59.8380820678292
17.8733731965002 12.4368699013598
51.0176737346377 37.7438985709049
77.4018967029403 48.1976472950787
85.1168603989258 25.6174545896867
87.0615575887529 44.7675885603788
25.7404493475906 89.9028013818526
67.2749883655861 35.547200079131
63.664095481852 37.6118561861232
58.9465494007196 37.8374976908629
73.4647547332878 85.8220640031359
47.6955593338591 10.8286945156613
18.9433871406915 75.0686091599702
84.3276472607174 55.6561995641068
24.3298722653269 63.1014055169412
27.3256883187059 2.05872938267895
73.9751203382373 37.1652527208469
37.1768944314347 21.0792977777471
3.72584476584418 80.4183510612278
82.4345677567343 25.4806085369725
34.2662255551459 71.2549582126805
82.5897349153314 20.5824111264565
63.7914647148763 80.3007614010952
30.5581528471307 11.3996829798783
31.8928255415741 12.4349016850902
75.0243147029032 12.4732685382407
0.833849231636314 46.9739446399861
9.72740766565725 11.0367217588879
1.09518792220985 29.5803040143865
23.2152274930778 29.2530948035446
21.9923753210343 86.4814230630485
50.1952936566471 17.9552006522558
16.7333978350895 6.71857999652062
60.9455573763884 43.6437629378263
69.9309480270256 6.17158946481766
60.5466793467833 32.5495906154422
46.0599387590772 83.0352281203052
79.6726401567562 56.3236346556868
58.7221103205705 6.65888340587578
89.412798727314 59.2832367339793
76.0520663654655 34.5203373814301
70.1968880698993 44.9142969536756
20.4368722005533 30.9595311281289
61.1397898280397 59.596137775324
49.0879712694629 19.9643798918927
56.5606790543461 45.6124859227822
88.4678606824577 20.7137833655347
69.5109463439458 82.336418999666
86.4313072580651 2.81649576613397
55.7053172472266 34.8215430751347
41.1977786342946 67.5734720428375
58.2341992812359 39.7932022893654
56.0939785188992 36.3052728918674
38.9005926263809 58.553937596306
26.3128880871053 35.1347807156906
61.0032256761949 22.3216147863914
1.14617487733693 14.1298281227154
77.9942453215124 10.8616276580965
61.769268780414 41.4875523757922
57.1062510352983 35.1289401580377
30.9643045008746 46.2828937428192
45.9065804424963 25.5762420669975
77.2752970204263 57.6866354188812
30.075345164414 41.3094703605576
28.8937390644873 53.9163557878874
11.4405628120598 2.49124665422769
5.8980927767934 20.3972508177824
25.4292331558127 16.806925248449
88.9899547031703 28.6211399269347
82.671644492265 82.8448294714107
64.1532457588431 72.9163065305433
60.1698877161977 40.6031988874122
14.0875054754263 3.08496130154978
20.6689106403412 75.2623682224223
64.5246352573591 13.7788681940037
16.8097011927378 88.3649428072542
85.6804799899168 58.1924605965683
76.279151675713 33.3725444344261
45.9493593510469 74.3530863014384
83.1773214193251 11.7074790529983
27.7966635980787 28.726688232269
10.2762893889808 86.4373263359032
70.6569091867869 27.0255146062419
70.920005328324 36.8188339246387
75.7458129452995 40.7805477507365
27.4503046045358 35.7531064591286
51.6920395158028 44.7354514600801
56.3369130482851 32.8914247175872
51.7183653599558 35.5860054843837
28.5701607718751 36.0739709434587
37.6214640884891 48.1185990208363
41.0364972355982 5.84538163997259
0.104658651569487 73.4073946687538
78.5988426185918 5.19752769195804
48.6688470207873 0.323926534934813
61.8863826517245 33.9299141835762
67.9713650425043 24.0798697467983
9.68048542033348 13.6279450499639
10.9947439936135 60.97772518221
6.65632044050401 78.0717539324374
31.7771062373174 84.2608340941996
9.08308284117116 60.2820464123417
57.5942046777776 86.194593768622
40.6495637061021 87.3361325734074
25.5607152618826 18.1648739518668
80.7366073459697 53.1833091841953
47.5890923753783 82.4016672125077
5.0830443248655 37.3358272191042
44.5926947471253 28.8754129468344
78.128346947487 44.9244915212044
43.6755805308465 44.4895275873352
10.3426147019397 89.9615406926605
61.5289180249481 6.03587433108302
61.6098921406577 63.4169747873246
89.2003557660146 12.275146663785
41.4611513616727 62.7711573518091
24.7555562349526 6.22115942685035
82.9679237595221 29.3297592500522
8.80727007992025 16.2580347869019
54.243780095369 59.60600403505
10.0994848236878 0.487811340636668
43.7765406795593 3.73062516557368
66.8719816431176 50.5987839298258
30.0445361557916 9.11838588357703
45.1101331979205 78.6362045879038
51.5486642652317 47.5080076074067
28.8641954839133 58.3802348763734
89.3964551883976 25.840972492354
6.54572573394713 58.5111819086315
16.2530073742426 73.8190766306451
53.3762844584346 75.8889230832958
89.907895858715 7.14096297332006
76.0499218551061 31.859760743998
28.5189606909328 4.57103814414957
5.67336385326815 66.3372792514143
38.0424563228297 6.82110297517511
37.0031955760863 32.976375432634
87.2299764450323 23.6637422782274
43.4460275893029 9.60359776400374
53.9584002340632 76.9334972509099
28.1582527865835 84.30000441121
70.4057149639553 33.8226611893955
47.8536428893345 12.9990110896609
31.8169849372667 71.8172655068473
76.8327745004552 65.505397032397
36.8272705122928 42.8308265663725
25.0098289619334 85.7542010544321
64.0613542269164 64.5981251240532
22.8900175117813 8.01294701024979
30.4706155911198 31.927260449111
62.7431181824986 54.6778296632968
20.9831233960704 70.4692555437275
39.2088441508236 59.6442133804209
15.3997651861703 3.64696321345626
61.7511476030496 85.3807676266312
81.1476669796177 9.77470717682806
27.1000306702565 68.2706096732793
44.4360744182509 4.85820954257626
29.4858449802198 17.7997992122119
45.0626793510755 39.9481599463242
28.8475083355756 66.396525787831
2.77128109629185 49.9974490312282
17.524871886908 86.1188708531409
74.0811163118106 76.4059649523456
83.177402984708 85.0009569994958
48.1856909285915 88.6922356625737
85.7161648835092 21.4129243484319
12.3128539254319 33.8213401110934
20.5609162771406 33.5826249484349
25.4341015318881 61.7797849164793
10.8038026971761 87.5212364941714
68.2590583825275 20.3255735483263
89.6140782604393 57.4949037231285
45.8503861612527 73.3334878513715
30.8202535229484 88.724263986401
50.7958700003137 28.3328405446916
53.7906000590756 27.3652611547741
31.2414766976822 7.25208232596927
48.7479227883533 71.6621099107022
2.93800469323802 87.6917603319737
15.4474139548924 78.7358720185369
51.4272146778687 11.3923857275886
18.2070343051403 47.6345570962915
64.9283802105233 74.7897988216936
70.7645115684093 0.876832873943556
70.109961413293 60.7615970738367
10.2599486233845 51.9957604438812
63.3922404261634 79.0733714957221
17.8803946037491 81.5799964872856
53.4890364295294 33.4958253477075
13.0568798636464 7.65659903951139
72.2742213992648 18.4467713347338
32.014597220901 56.4747206774398
28.7275569002766 0.623829412138335
70.6516223409963 88.3917157056043
15.5925942638786 10.4635913972376
86.2516324435409 88.2831574440262
2.38159669116289 66.7174075148854
70.442549831193 2.01566860476852
59.5191234694004 34.9901903969179
16.6648772275196 0.507082167024748
84.1095015214471 80.0541320173924
27.3839378843172 42.1540643203408
78.4310261261851 83.4746147397317
43.701189475765 80.0271084164508
86.1496882219549 6.09928529120673
76.675441188428 9.79495861507793
1.4711885382744 16.380602814427
40.4851768476687 26.7203960652009
18.2266761979482 17.5340507500364
81.0872833608105 33.3905617635958
3.72319208321063 42.6910259142004
44.7193332877003 81.6631806172327
20.1385052472262 10.8082205495509
8.67987227281144 20.7729752923405
85.422987876168 30.6313293819172
36.2670487593966 41.3398965638405
55.9573145707494 44.789412503397
22.4403729400317 24.5472051623234
3.90387285167261 19.1096427031973
4.44620891915033 41.2839812291741
34.8565549009217 54.3772162635699
17.4022891707523 76.3693207481089
50.119516362367 13.5929328803568
58.4267274290001 26.9860272379829
15.4394533077442 35.7769894551543
64.8948345011923 7.18153056220821
2.46668976648234 14.8993577601816
23.2383437438761 52.054473508576
62.2644030546037 1.19317323076963
67.0719530366673 75.1031317063188
10.6253014636289 84.5627446615683
19.844507365426 39.4158630537036
54.7676410077161 0.311614459053757
54.1884207222501 65.5074887795149
56.6533204659608 8.21150033695986
20.8559498975589 34.7127814533683
48.5018578720596 9.97349412293971
56.7279850032753 82.6029121623181
47.2424552165967 59.6616452522568
5.79418014138763 42.8786870189956
31.0897223761431 60.6541141674138
80.9356393256518 37.2764260971188
47.2272262400407 29.0485070167771
16.3579967456051 85.0301989274968
12.4650961227524 71.3700903753174
21.2347897198196 12.9515179465121
56.9884341204131 76.5006289188793
59.461103497504 18.3565085575989
16.6096306004621 57.5149720733389
70.3916283035214 64.4689372757859
70.0413181005733 75.9897627745765
83.1715925645368 8.66564360752257
62.6468221024799 59.4217637658561
88.5031992928317 15.8537227129469
43.7178437134596 33.3054221242834
88.932223501059 44.3714751981309
6.15159531806437 51.2602304565912
66.2234846993344 72.6379453754707
9.48308323222353 77.4300596610361
27.2998280382532 5.17675667018061
70.2929129878371 14.3532940193589
26.7752132623623 7.6489647984986
8.65737537842694 30.4368415349104
74.1426194135389 17.0819573148887
49.2141767344843 84.277845181656
27.257935969377 43.5780951458945
69.1522770517287 71.1034608418856
24.3182179189513 69.0243120751658
42.3280564722292 30.6096118280404
30.7043355998948 56.6695115633609
57.8196451191146 23.5120411781379
88.7035299237349 35.709073626326
31.4951517402215 31.0210488717896
16.7360835561789 65.934749387352
13.5549220258816 75.0323010742571
33.4938891338843 57.5423100906985
79.1834843178667 88.2838741102143
36.3061447409029 48.5615198022568
47.3986839864779 51.286740437709
42.9509512170825 62.4904619086201
24.8043864556663 9.76077754382644
50.5683749708342 8.41326402909175
81.9007515674285 72.795885162085
74.9388835192404 34.902910162857
0.231443935652074 79.6393681384167
68.0313674801366 13.7628243329678
22.3325846936943 59.7661350060157
79.208485680482 64.4248685164274
45.3775083264841 85.1639790269655
84.3373257967463 41.6832221963497
12.8489498734504 73.4004556271571
47.0725291207649 20.2726448703067
88.2465273428675 49.3166586742829
89.5287750523255 21.0932322795255
7.19859435210768 15.8541031604483
39.6186081774873 60.6133682369953
21.577231569401 7.30641729223315
16.0404679388741 52.4293219798757
66.0222176795704 57.6273011136316
66.248324443736 61.0454252961236
48.150537515068 74.3432617132707
52.3086519873971 0.00911370421306401
35.5059099774128 56.116612074871
45.5439840087181 17.2125922649071
52.1296164307886 2.39889155573664
75.2020202536079 19.0098747375171
86.6437773081988 82.1765597786547
26.1484569004924 43.7314543102369
33.2981926648226 13.2553473994432
5.23711301103159 15.6320747320395
17.0838059427542 43.221201915354
42.906791756795 4.3145006378991
84.4610485427804 65.2816375316922
80.9202230882202 1.67747070685785
47.002672327054 68.9023139081904
10.2821992915916 32.9277288415611
72.7091009645821 13.3903611000474
41.6299759991982 36.7976439771787
46.5341588259018 3.5326265143685
87.2666080373959 25.4387567252603
65.3754368887536 81.8184826932409
34.7954850230298 61.1087057061172
42.9142500898112 34.6976097562588
85.0967722791502 15.6023229179296
27.6011768666401 8.45420304476299
68.5076738006015 69.3454486476034
15.0908354333966 70.3542924609518
68.6200606271519 32.3504747394092
23.3474891375144 15.6259290419182
89.3601463656402 18.6746892360788
59.9179742700638 80.9366087744645
55.9422793393324 79.2398438517625
50.2739372581462 83.4435209374212
0.383264111372164 33.0834907055607
30.5202023032245 23.2082476701415
4.55747255282635 3.88104921345132
13.098500484834 31.8675415107118
31.8749802092308 82.0302518448679
69.0816420434204 33.4327976145111
46.4035333859626 36.3485465266901
51.4012436815021 33.3799240829312
77.8641124699311 71.7937180380769
14.2988705634605 49.2762594296818
38.5911093833858 42.5112918666148
34.2357025676491 64.2616898298759
29.6388219487429 20.6231321927655
65.3328208880208 48.0146826285752
14.7723412238628 68.8391211864496
37.9585432568089 59.7243577160094
3.71335405999023 72.4555130529805
87.842812645063 34.2965002734542
8.07808734032282 9.37391182851854
12.5248698885339 62.308240869364
58.3061440653156 87.6915459924426
83.1485557957709 87.6762663636586
37.454950540831 63.0401268223567
9.74402095896277 35.4804787419008
38.3235592927249 3.51122881741723
11.7770780975096 51.7095837255962
62.1362833221229 36.8188326950578
31.9811305031948 55.0950541838984
30.6370156973917 73.3523691728321
7.27448481634948 49.9274776290903
35.6779258017264 8.38625789962464
42.2174879296444 33.091851810892
5.4796297331669 82.5396125579127
70.9764565399877 84.9147266907189
74.7922768913583 59.258764759785
87.670110983385 78.7782926361974
67.0255193387713 4.1450453223915
85.7118667626605 57.1899638237138
78.2170203242966 21.174725883546
19.6158023031897 59.7953075084889
8.07659709594244 80.5098388412241
64.9010621410061 46.7151324189025
64.7521202700773 2.02771863733517
71.1164719073072 18.7802582376194
78.8480316109988 35.9129859572806
53.7735195851412 8.2518440737374
37.3544580739486 46.2198897916679
71.2362174283728 76.9400023683012
57.182587760253 60.1990876647633
88.9035703595771 84.9856016841572
35.5444670255259 9.60920392078094
38.8374327151253 24.8374778564637
21.3478444798411 64.2530871195935
78.8643817828277 7.6056008469164
56.0509198605995 54.4834164344148
75.5230608430697 25.7466139501685
43.1735314699526 52.4312994089954
31.276829410247 87.7774358746257
29.3168347087913 22.7421721000898
5.76294091575189 10.0319161554295
52.5555800383419 28.9929599163915
1.24399078915399 62.1508712880848
80.2784578183849 65.5127070342783
41.8961058018573 0.298665425426634
75.46250759734 82.8117030771015
73.8727104826214 77.6571270388709
45.3923854733777 64.6454606786978
47.1860733359956 27.6449284317025
81.3075817390304 43.276118892827
55.3449794038191 55.6436992116538
48.2991256752535 66.6250909052385
8.10705352046529 28.5089487245604
64.1998478090261 10.6150802130454
13.1877140426923 21.3583183420388
81.6820320559119 75.1317345354205
0.726358136387866 38.3512157535677
86.3452435179012 63.8448225909352
83.2033135371828 36.0890170558915
89.3835322271582 9.86753515587623
33.0386533047301 75.8446392765789
52.3758229133526 63.9931860996873
58.2070863235048 35.697687721664
72.3417000004873 84.7264889453803
12.5275542654767 68.9981992479865
59.7901348356008 14.1481191195619
34.9009802236351 68.075734596574
