2000
39.0902243434633 24.4014631782122
62.8332704922216 42.2395022992942
38.6042323195374 66.6803897205669
72.2094068217217 23.2761181578623
81.2379960009429 43.4056404006583
18.4520452763548 5.42112403463115
75.3637886330479 13.4005516934111
14.1533172569003 19.5601800721584
88.6918927796737 86.33806013145
84.6813890139496 74.8390279171242
71.9665888012337 7.35572284284828
82.5014746384556 79.470567571237
58.1962434183697 34.5366189656562
57.061076901527 12.5519708596571
45.2381165137031 19.0753367464909
17.1868326715255 60.0726429221196
41.4968664459017 59.9914411329095
48.6753936526371 3.395199638286
58.4146870921574 10.3679060857938
63.7703633380141 0.204923881764429
8.98875672237697 8.02312529353799
30.6127654773242 34.3831625817112
80.4376727659066 79.4226750894633
71.9264161480905 58.2578453819604
37.5734906844443 4.55763478257182
21.3257388175741 54.1670098502272
84.6718326379385 1.92286293450749
89.1670777121226 20.8424233290904
20.4524855487273 34.9903239774079
5.0417574988985 7.53986326118117
48.0014216579442 34.4647485932099
61.3475848557018 6.52637178829302
78.4279508522949 87.8132340899126
68.1740180832138 74.0551022429714
60.1347060437091 9.16473823930673
18.5749226254148 15.5437404465558
10.6915738340735 27.673932308744
10.5430113331694 21.7076781246173
33.386965717274 51.2369469516501
56.2843166580179 15.9251548742696
68.0516832861085 9.34080884267615
25.1431858230834 76.3257345929316
25.2140174472725 24.5367170786373
66.4534075106723 88.8492577297765
43.0828396285802 46.1688870407039
46.1754978566405 64.8295777743269
9.332745513852 83.5908862516881
13.191472674894 61.1819646764422
70.1154399765083 55.8373050232866
66.392079837584 64.4735086610511
60.2711401218761 31.1486644067841
89.9376269788587 14.9100668154927
58.6974684760299 84.2311671245321
41.8473146387693 51.0361238322209
5.56261535184003 43.8755077931858
64.7647542285378 50.7012553378777
65.8705784481473 47.2460042409188
16.9426138185456 37.4645577662459
68.7855220450706 57.1394468097306
37.8903423812142 44.5491327557937
83.0161030317124 88.4008615640889
8.5210023782027 2.90963193221003
34.5110345372919 84.0826994946837
0.433815477840973 21.4675786629934
78.0176416403422 72.167156249916
44.7580963181121 49.0270462251679
61.9270584670408 48.8758328481551
29.5839883052048 57.391549720262
34.1343500839742 36.6515328457698
76.855276582677 6.6620926278155
16.5217940676936 73.3546711844752
49.6702396466012 83.4128387348736
84.0526536182783 3.76881004163415
11.2299657427097 83.6277469391773
66.5460947018016 37.5097530838124
88.7230062875142 47.0578507230795
12.9777720820807 6.39018720210835
62.8051192316407 61.5500765585917
28.8826113603934 64.373075712566
44.1188736552082 22.3362167564105
62.1752744079582 29.7741447613237
7.62699607696835 6.09279293827498
54.779791974899 0.325380907064741
68.0637420961358 75.5332070175734
30.9842079161559 70.2222381878065
42.2297271933532 1.52316794274626
15.8013825143516 35.1382530401013
47.3882509200709 24.2755451167241
50.9971759269881 77.3492508513181
87.9171524287647 37.5444239783933
84.2971549655249 42.1688143148364
82.4128454648701 33.2693663438971
60.8390653518752 57.6169367487044
20.4468506800852 3.59509838146167
70.7181654186607 18.0408187556008
46.4855755607713 41.2907031583742
63.7749540481762 5.85284967078458
29.4782405195791 83.4037731777481
62.1799236064436 72.8744617901295
81.2039168981341 20.5030218407728
83.23905584797 28.3605210173122
87.5860818986316 0.487951952278678
2.81943336887903 76.6682379427566
42.3026099275294 80.9829748586347
33.3003892959441 55.9245140920377
65.6426626201646 3.49875619225415
56.6971416417311 4.78969478310397
27.7227140460832 70.4546741212977
2.06718425654525 57.5236483349054
79.9364063961362 8.83850409154277
68.2624116911759 85.697946899794
82.4727779489823 61.6644309248304
76.08086867555 75.8879525734154
46.5215924315281 56.8161254300024
33.7312144423271 76.9993292937183
14.5512301500463 27.5720490128117
42.8618059062093 24.1696720001816
39.98332960123 76.7557567659129
89.1173098742896 11.7285852103935
36.9427811351254 28.9459192087174
87.0538814112244 55.9367518048002
77.1132685793986 35.3514990559344
27.3009570582724 56.4821334608285
21.9625635680161 28.5303252444803
0.330891060480845 17.0187324329329
55.5352617092981 65.4009006661772
32.9181493914624 71.1760761050411
87.6906991605231 77.1433122532063
23.7250090449628 18.6931965287737
14.6256256555176 59.8864828234834
81.2056453119903 29.8158920970286
36.2160168042204 14.8753749335655
69.2038788701565 14.7035892906651
19.1497859372017 27.6598895407556
54.9857101762277 21.5903709388684
35.9551590029791 0.57502362617079
63.9013895635258 87.0886354440329
3.92920289364948 53.7700482571957
37.6438738017805 25.5697269713147
15.623776199845 79.8028074959698
17.7255568032998 70.5291203163866
78.2195799043191 45.5097347153389
35.4288367809082 31.6759966673666
84.2253476050006 26.0161983933993
55.1736529839553 50.3328749138918
50.1617414942604 47.1677429479303
13.8159549770604 88.1761095779022
21.6662166321159 43.7096985943482
17.5204587254947 85.1131041559091
18.8602399538374 37.5749185703572
50.6550397665766 46.0437912061315
7.01607532232334 76.817786130196
89.5480556884058 17.3176188368367
2.06599372908048 71.88888126564
73.7327504923776 31.4352059247174
2.8578681456732 10.6047314325959
78.4942524551198 22.5863722419557
14.509944334998 17.9941939250463
83.9080049254288 31.8490087667829
16.1218834361351 13.2214272671
85.5299737032084 59.9351812477564
10.1578955862346 25.8229837619729
58.3969681166526 65.5076169889484
77.9703793629155 47.9536857688539
37.6624737659651 35.3423264467738
68.6496525459879 2.51927499979985
50.4533512617699 66.1788232042847
26.1690587329513 19.6962377640573
67.090685279046 66.8317438404173
41.6781648236816 26.0198502615282
39.1602999979041 88.0463987649009
54.8443794409873 11.985747365472
3.81256863582646 79.3319218693238
45.9508251002982 30.8898364619799
70.6659644171041 29.4214964761967
1.65264050864256 14.7640454552605
70.6144060991295 25.5681331757673
44.0332768852801 82.9953516283433
56.3061712069431 87.2214273498108
66.9645625419829 50.0366461176548
35.5967886339042 77.6521896998443
86.2314464533476 85.0896517272981
44.8144284572293 4.30674211518905
69.7893129150611 6.71307667864049
29.3734544790357 9.25866098232461
69.3919657658155 86.7905907315637
56.0504248163405 21.0574212054264
4.62591466346705 87.5630570438897
70.469184956169 69.1023465585087
22.0328365101771 23.085129628089
3.75353450498768 22.4084255637113
40.228181440512 8.15191273602316
28.5926542256601 32.0246655797405
37.2134450590569 64.6774503029773
86.1145880282165 23.5170548979785
3.34239259114806 58.6910558307732
30.2290734210587 51.9337949899707
67.2884300951914 56.0210956898533
84.7147910898689 39.7713943102501
8.07645100271085 53.7123173968833
31.8208628774437 20.7756218577771
89.7741711277599 64.7819346026458
33.0926206139494 32.4665936626521
46.0527800456273 61.227457929782
81.6129991186714 55.5040491171971
15.0003283862303 62.2450572370097
39.3655284517461 62.7086101735622
54.9790156074397 32.8361161431565
57.1427473464543 24.2506277823478
58.8310703825029 9.07526292630351
48.2552301029463 38.5164243507977
51.7643393870773 22.1340362122729
37.8587978904322 30.3696792716773
85.4496329748797 34.5068208212665
59.3691438276801 19.5062014447281
44.4668488689615 42.6253935248172
72.5806889827988 30.9332153010153
18.9741803325554 79.2147716804045
22.9202411444729 22.3543830886135
3.19844942629043 57.2969815256716
43.9334004584315 86.4340163967209
43.7205702854754 4.70774395989359
74.5540003253922 72.7511173906578
29.8237361400869 38.2516493452662
47.6628804280121 79.7851581994259
41.1679150164056 31.8885321893759
49.2744615416459 4.51266440723913
8.20038815160654 14.8641128745732
23.8064945219758 62.205929953913
65.5485207777349 32.0625509454938
54.5446683503065 77.6086221283418
16.8994215825633 67.2085964764992
42.1877689425767 49.6678999476568
69.3364244347541 60.6556753971117
8.91180791444281 19.4356319392262
63.7653249390597 84.6749969796996
65.3895339952527 17.7008433125288
75.2861435979054 32.6497214901667
44.4483077571592 70.0144373788477
30.4581486177525 26.3361697496651
29.6068051784161 53.1007914895341
15.2526459608127 11.909836579452
43.1346620653789 50.7943884657671
27.0915251437635 74.9851351219939
1.94280845878513 67.4019125155139
77.8899562391146 78.6104773666122
18.6298426545293 2.78537804505056
43.7682725081964 77.2450932145127
23.646933695888 23.4845957562425
13.2398362282596 52.3814505605268
76.7690811598995 73.240620829837
77.0634861289122 29.5840079237794
7.86519982986686 18.0976261033636
12.1034419682387 84.1246789047266
51.1567769505097 20.5031132849339
38.9735343760913 59.0386995689443
45.5586529965781 86.6601254851034
62.0464991191712 36.1268029042272
52.6253041594797 44.1804636463834
31.2621784509462 16.7160161690116
16.6450990976471 36.1160419339549
67.0146815716754 48.1465622008625
48.6117524685666 51.8936604330558
50.925527315135 53.6870999847089
86.8072868509452 82.0402714727441
59.8384435164369 59.7870629003356
51.5967508604596 25.8762612565278
74.5388228630115 87.1191738970178
1.71869446307479 79.1107401647101
65.9184983574289 55.4933429426723
32.6109961433447 2.09308849095557
89.2231155888915 49.2846487227423
67.0446851834631 36.5365277223076
48.793975154006 36.7468936368229
0.708211769892664 70.7320302937183
20.440835571835 57.0156933700319
76.4889343558235 55.8093710435607
51.5862029879367 23.6816995842037
16.9543996769552 44.8404429935685
18.5445419821203 3.93574720610687
73.5858641701426 79.5591242001802
58.2123250099776 11.7601070110825
88.084274404312 73.3892568993662
7.548849543894 73.1765003357502
88.2596666257279 54.1812006186736
7.55649496020173 40.7812364277476
60.0870187704045 54.7261547788476
75.5122804279702 74.8276112239807
11.3033070409884 62.8726354152386
63.8117503886506 75.4130395216624
77.6406499132246 65.3926701602562
66.9327656664785 79.3317279401631
20.7963131465801 28.8600079654236
2.01122843917812 49.0141433970954
63.1130982472436 8.42791756768229
29.5051845781129 20.4664974252015
20.7273849952155 45.0269205190607
76.5104841764855 3.2307066817949
85.4682784980276 49.1621407206111
84.2418171689117 47.5884424776743
84.2401188711308 82.2229762930813
9.81387191884235 37.3541538215976
42.4230725027659 41.16575216163
76.5354020666176 58.72493752614
73.4473212457145 41.7248941272042
54.4524191775559 10.280620864253
29.2451338176597 12.0956357534419
8.0676934494171 38.8624589142982
32.3882199385607 13.4710366303842
67.5262485693108 80.6291511039267
14.7869927429187 34.0721655649557
34.4739091497699 44.8348875889457
84.7624546654474 58.3252940084223
23.1449047913827 42.8271771799685
39.2414931046233 32.6944143303564
32.5240321948645 26.922891207872
85.9265040037533 78.3552976238672
63.7498955896277 1.24465108446969
5.40329114974941 86.5079338033728
0.240644273846407 13.2133764195114
37.1332129682816 84.7186692577213
59.545064545439 44.8075917635007
58.8306358709453 81.8991919797237
32.3459593338746 46.8365472814722
76.3485322463764 46.355681220818
80.0071082836091 68.2187656169258
37.1263938071297 51.4787264995444
45.5346986127109 59.0575843795108
69.4845265520332 7.75302820945832
87.2821243331539 52.1245978215264
32.0544439498408 28.0979810079611
87.42948072372 1.8047948464843
33.9983616831794 56.7837777687533
43.395011082025 70.4109479045165
27.2765105496438 80.30515959234
20.2044568915102 4.59848473904913
68.9145502437522 19.4794644427206
27.8167554837514 45.4736989150719
74.1245581599307 22.7300287353665
62.9146687417697 73.6050755305226
15.6547424665568 49.6090519266892
64.9330941756743 63.1410158975602
75.1492089329236 82.2264799048168
53.0858095782305 1.24042390105934
84.751313291363 81.2830055140454
61.6366542029519 82.7869754904359
10.3739135686247 66.133885134226
87.4230229418946 63.5592170679296
57.9317337747626 55.8629975617001
13.8743253090913 1.93766989993279
29.6681964589137 42.1894332595269
81.6540276726093 0.903235548304622
44.9198488145286 54.5053416734567
79.4673460809774 80.8330741314948
31.3806085273267 43.5348670677669
73.1087429327124 50.9969276580131
38.9996005302448 31.5055591665416
15.7058050070062 70.7984381320769
3.9875316773546 20.490165239812
55.3132182049015 26.647150864903
52.7548521377752 39.5432380907265
14.722615400388 57.7272182671074
80.8011361312737 34.5034662373087
22.7945506078676 68.5761700078264
54.9412070054772 67.1153257204066
68.2112824686196 61.59069381636
60.8838447124787 2.69993881717106
16.7468878152522 40.3630104066161
13.6967333689968 66.0211969370435
62.8854393872207 17.0985576209746
22.1630732192832 79.6624387350095
17.1636172907225 53.7278435500625
32.4330981336594 50.8528813715987
27.4607131535537 69.1543806681237
89.0022045369257 29.7618226087199
45.094641689603 14.882939022529
25.6383065266616 34.3659217916721
56.1476086257123 36.6553810762452
7.7558392051969 24.7414654285554
76.8023749983479 0.745887734701114
3.35737404469523 50.4198162730061
46.6412790541274 85.8081599027362
82.0655353387056 72.6292433959747
53.9084174090502 66.7311022834699
33.1916144009072 88.9887070001692
42.2914671351401 71.5205826763761
82.6771967990675 25.3872047906953
8.5828311147851 5.14432180315033
74.5638469617292 51.8946276165583
10.0128638013367 34.7133292776771
5.81155622312142 74.2500514738143
64.530982792824 20.6367174561303
8.6017896145977 46.3294430413968
56.9456439854104 3.81305813351524
26.5221684933408 70.0741793436833
63.6015502819937 2.71510894620498
42.745647709257 38.8455042590267
18.7735201149237 71.6687523601637
12.7955973999079 9.29302588584136
49.6836896910746 62.4883200392004
13.1827548561397 68.9277516877813
62.2399536414281 47.1425984955035
51.8300244132712 86.3982409201174
58.5768937890681 47.6658891341837
76.8156129052274 10.7742170840471
85.1484831640331 19.3875427395817
25.2846979968328 70.5020676893642
37.1484103158393 83.1786707387023
0.156689807626442 74.0739550536664
60.3740255296611 22.9097688412886
13.772365784015 53.7159108530994
15.0399938651465 31.9375385217811
2.19718789035216 52.8256792905115
10.5053281326414 71.1092739006835
33.3696529986131 33.6598496868348
34.2013961252153 64.5610615267106
65.5335349857272 86.4698696555148
19.3188287613026 35.2202339815019
21.8893273870129 71.2877907506553
52.9748039818005 53.0075068344321
79.9267574642178 27.6138670533742
77.6429039384752 5.51323221336844
11.3562194851925 29.4914819376247
67.1473930337595 73.2800164082877
41.1569112055031 7.26202210138865
49.6452954231649 56.1839619402722
50.3483634127743 11.3021190301374
83.4129648296201 30.9696933208226
43.4985133396836 72.4655944508308
75.9868146935547 56.864456037248
81.6786444535852 17.9561392053573
53.3607687899547 25.9593333466946
66.2785486104241 40.0579816109018
77.8426201606932 9.405270405313
64.7174174773815 28.5520026559871
88.6437795838098 55.4906005860693
34.362148011325 17.2917180974268
76.4670391354411 7.62657540762994
89.1441218231933 77.161437946674
2.94337171497386 75.0813135996439
65.3214593443354 75.6389773485829
44.6582699607442 29.6112778027143
5.03483066564495 62.6026613889213
80.1357641170442 36.6468330972531
86.1538389188758 50.1480692137056
76.6534373221738 66.3932647868481
66.3155770151902 58.4340157648661
25.5627777927404 35.5697665364169
65.8741886354446 73.0690251382751
80.4641438454091 65.6563958388399
42.8655878782574 65.9811475833764
48.233693137023 42.0966273986695
27.2010258116348 4.20770156754372
33.4134958636335 82.5947410312107
61.4757183064322 5.24568815365541
12.9662415005224 70.2889808504313
47.4785598073423 69.6748499189356
54.3095640751659 69.4638988291501
67.2295570786674 61.066181351927
76.9357463469921 72.0887573229426
13.9277531566844 85.4908541487924
24.0603217810233 70.6036894679633
80.3996223165124 83.9494697843106
34.485981522834 11.6963570802072
79.379137396166 78.6674685122191
59.2279606154223 87.7341366904587
40.8593574703869 56.1608771297278
70.5287117323045 59.8477211268911
85.9711772568629 53.1724378481022
12.5520753960312 89.8673083242089
55.5032307217852 82.895859024236
46.4597298246414 28.1123362883687
68.3242041656744 52.971378474004
13.0529006429156 29.2639113953639
39.7026322079989 46.6817166416271
79.2462999182135 25.5187737574016
42.5428715193716 64.2305595867752
65.6788266583517 41.6374482025908
67.3921824911511 71.3042480134629
43.4043280087431 12.4102784835063
4.8228335031386 59.3284131729127
83.0709383613827 87.2937037712289
70.5973999983024 77.2106231200168
52.9235822451512 4.93362587588194
12.7881858922207 55.0788691914423
49.2299992414657 7.54046714695519
49.7703425316294 61.2132141203272
44.7982372639305 60.9774898885317
45.7706580137863 55.4867914472838
65.8789132088395 67.2704883692173
19.4807023414126 84.3953349929228
59.5765919143248 62.0189602089793
59.0148483248621 37.7257295482147
39.6003778547946 35.5406277607845
18.0448127180381 35.5891046136096
64.2272809045147 67.5082650217064
45.6986156558504 22.1796847073669
35.6096408135831 43.3797139783577
51.2319267153336 9.92123844745315
20.1774048554634 14.9199956102851
35.3998320944201 88.735652277531
80.2657318045594 39.6573947536778
2.52648791778594 4.43376207891184
0.600227003299132 86.5764534386568
23.7572035896979 10.8400821982214
10.5342778852858 52.458580522624
80.1715487924131 37.7729351351408
5.64900224930266 33.0834895333272
61.9200552671974 77.713049574579
58.0834024608663 83.1858962108083
65.066248997946 22.8055040538735
47.1747950714122 49.8248114009972
8.79105611376271 57.4822578546667
79.1149714136092 10.3581128508853
16.5170023945841 76.2970984198118
61.4475047999053 9.00871080421631
34.3539708078231 6.68295088723596
83.6846606036654 58.1782662082444
48.5306883467827 29.9978029180541
49.8357832590878 26.3352169790232
69.4163044496921 82.2058339736006
22.7707072954603 77.1621605135111
36.3140453998818 35.595044461427
66.4194071288024 56.8569435079716
57.7999249510266 49.9478251445215
22.2273928629053 33.5686293535542
5.25391645902207 22.186417313749
8.64674141038034 27.8852485015666
78.6688016898511 15.1223846267878
40.3724308207836 11.7875346820605
76.4598345415334 64.4828797564452
30.6895029310973 8.10725476548626
22.3764222430762 85.3872591716492
39.1110057654456 72.9435916338829
89.2431605686521 27.9645549197824
3.98360150879729 17.9397806359565
17.6991094738258 78.9821502818941
16.01294009063 43.9128090773318
30.4857029647998 39.6280696068326
62.4718901055714 85.3657642712507
70.8578500943858 5.12669152689959
24.7832686167218 9.84254687976041
1.72677493939933 33.2375286198253
57.4317921691818 17.0309497223294
73.793548752484 28.3390938900033
1.27384625201625 29.6202752221823
42.4221750198497 55.6680182616545
9.99280441517374 39.9793279960487
48.4964018548766 70.9344567673861
44.2311646635597 78.6646144798218
86.5541680966693 43.384441039458
45.4621814552147 70.4574707652867
48.1365550517221 54.5538491965424
13.3232274796921 44.7707390773947
69.5855121291402 71.508381858344
38.2904543875948 41.4728675390197
48.8507654819292 58.7441179927892
61.4241756975626 14.9669534048588
3.73026202771246 64.0033503819608
16.9960546555928 48.8520951275461
33.6838880858274 75.1188932666516
9.99719659497568 11.6714264512751
73.2327481268269 5.80125336142515
36.5085272120033 71.8440218305927
76.1738535553945 36.901366811646
51.625442379285 76.2921627593977
38.3381822258191 76.4651777818083
74.6193083193119 4.44772622349618
84.5773364500533 83.8758802272104
2.91041638980492 37.3929533045541
39.9036929311 41.1576195541862
1.24535201082889 15.893166226622
11.1838986960601 18.6167702260332
24.2927031969988 36.5229465188012
47.3016770258427 29.5903691928551
76.3980054844202 80.0948175246418
73.4896285866884 89.3656934788694
45.7665430713227 26.6438059858599
66.6457391943736 33.5719534831689
60.2757497749731 51.0800167942839
6.6150631084675 64.8994290100377
36.2635725074076 21.4463528806629
75.991191272648 48.1890511768174
84.8458224041484 9.44641877060924
0.657293847992726 62.3717879838203
61.6753779547372 3.35938204723675
71.5693993695346 0.215338892771015
80.814318352209 18.7998748438896
20.3022867921853 70.3317197062022
59.2648471326627 15.7819024600795
28.3703509012836 27.4412424479596
78.4037911866169 69.0767219448394
0.449917893070015 4.29951835254052
88.6872622011981 14.9971446935336
46.7971855951289 37.1913568619855
67.8225799417654 34.6650548136138
82.8104877467822 45.0195541147581
69.8080482511731 66.628825739285
23.1237899063973 6.70124094766855
60.1285623141661 39.0452865424959
30.7669346508591 22.0292286208909
71.3902231745228 88.7782838946545
39.8615850929192 67.2776641026967
79.6981327020476 76.444967267785
56.7726471075468 10.5407737738332
8.03641519527677 56.0224737669893
67.2873565833033 46.9108282942862
74.1876220526549 48.4038465811124
66.3112361132617 23.3944651335595
22.3081042012074 73.8677139823925
34.4636447091483 30.7988442861474
29.8511421898781 70.4804601808803
42.3877139678895 31.6130100324087
34.3412340428435 61.5073147592505
68.6294423243809 16.5581664671613
81.1624353812106 16.9459939433027
8.4410679375355 51.8269958426728
59.7520511652772 76.1328809554669
36.497810258614 11.8482785064246
71.3516298382008 71.5845105210458
73.6458153774052 70.3922983794927
85.7036079869843 72.044040486405
38.9818228703483 55.3459656910614
33.6922824264235 26.6953603026857
71.9152356593003 27.6692269999717
41.9478210567435 33.2956805071698
89.4161207643301 13.4512418200519
76.9417064774094 27.895379303905
85.0623705451703 68.7208192298424
58.0011113683974 63.3574472265067
22.7636835991644 69.9180625060973
34.0429295474355 1.78639360153603
50.6746751382316 15.6995418915217
25.6362140889703 29.0281249523479
56.5873660314933 40.2137775697077
45.2464519242147 44.2335121768919
31.7800080906619 37.5235481566449
25.0296898441868 83.4797400594063
54.0652770089545 46.7765820921493
59.2080908472005 41.168146772624
41.203943389919 18.3140666219875
62.9521127776582 50.7993324981948
28.8503243390035 2.26049393883457
52.6745898185018 60.90919347934
43.520415682049 60.7655179181617
73.1896388195126 13.9432108410825
32.3677299530981 8.77147924702157
3.60849962176697 27.3850919398458
11.4221042719004 5.92387397784933
77.8873276811181 31.2873432488144
77.0543049275297 48.881197654497
46.0279971243582 62.6446998514512
83.6460105586238 56.0675105713474
1.9074948382767 9.32038473006124
47.9680282430654 26.8370355472386
50.7355182189678 30.4765200245046
42.4087641531401 10.1412561440389
89.6279899183328 54.6057232848907
16.8089917334779 81.2915238480919
76.1509708080214 70.5315897718753
31.0953693556658 6.74048211019084
55.7909092203146 72.3015639312483
5.25857896423471 73.1355429936288
61.9738930395676 55.13155851139
75.5470208655631 30.7671619748341
54.2169827826987 45.3906598257884
52.8189889336175 24.2504066148904
11.702839228559 34.2148455896557
88.1606419558495 57.7849727571695
18.4918342789532 72.8908153890264
45.8655148708843 73.0827531748693
44.1563618236362 37.274659369582
1.86952440773613 61.5528365767091
53.3884098320313 36.0875197186932
19.6930145129087 59.07970042018
49.9833176518345 73.8981558341519
78.1966939512408 67.5928325462057
60.4471611384622 81.7399744430744
40.1562789363379 84.0123182155986
70.7478785880717 9.80863754455505
72.6345040384713 59.0033450292772
64.8241201754015 56.8106409251106
32.8453589803653 59.2851395129549
37.4129258300189 37.7740220542082
35.4987991969057 48.8543633156667
80.7443759289505 26.6140360492538
55.5077200146254 30.5165442763975
88.2384500114321 13.2675943452175
4.3929506622769 1.4334354004805
64.0635203412392 39.1205184417508
41.9734328019558 27.9712803693698
59.1265395172798 22.9134174377299
32.471519055003 0.93510842013508
65.683713122224 48.6702105476714
29.6932852205637 36.5895376181265
68.5160006627146 7.45758178990826
75.7056767312723 0.492554335530784
44.3104917060645 23.4407895805099
61.1707956270976 83.7093113959602
57.3688511629092 41.4303162433225
26.3017975755191 51.0979160833953
11.740846806389 17.315505593598
86.8504492398799 41.8559342615963
32.4202046829177 19.2441349186041
18.3860167303218 81.4195624510587
67.6252996052453 64.5995938138655
87.4797092148419 29.3386568370816
80.8466111289586 31.7545221475048
79.5816990556298 49.31481703038
73.5102674578785 63.3769295944138
47.6169078379791 59.2862856979649
59.9955080619287 13.1305972375153
26.7736416258191 53.2210597987171
5.56249658299759 48.9250275372493
78.321116497125 77.1718425345559
50.4205493317497 32.4273548438364
78.7074390178691 28.7051028537527
54.9762675772024 74.4419618152386
44.2252638291377 5.68249401068194
16.4053478664713 8.03394531472549
5.23544934447028 3.13863034495633
79.0543195308259 3.59087480303387
36.4753312990575 86.477505128935
17.9712665988535 76.8833723956527
31.3132856777942 1.15203069417284
53.0028824648015 54.0148977454227
87.4133281447663 5.47457382886527
41.3606989052628 6.16753550957384
78.5899644870237 0.744065753129419
0.107106017543366 51.288484891846
46.4025819898461 84.6852861859162
31.5243213479466 87.1058925003704
51.3702118975808 3.42927070670569
67.3522438555134 1.12330024547049
19.4808892882552 1.07024814779045
43.8834453425885 0.290753479971357
81.0111598648762 47.5811196084705
80.8690764172826 28.312235973475
68.8179338669581 11.8082150175225
4.53693513235041 29.877387303076
58.0565272499386 31.8937864267782
10.5301471471119 76.2970783435371
0.109361404220145 29.639158909949
15.0596504007911 39.5575746849448
60.4353111949883 35.6253702917591
14.2511732723991 38.0608852145413
72.1097391157926 64.6476569438343
60.2265918325019 14.9117241212899
47.2166078673348 51.5141880478541
38.9103499130568 64.5775464459988
89.4522174347386 39.526551401812
87.051242428216 32.9403833412474
58.6994682865206 3.60498701504021
66.2714931242845 84.9590120706459
74.5798812270425 11.1479549964687
6.99758127633462 34.1757004164498
55.3147831788734 14.9800206273149
22.4225560573361 59.2772359848765
33.9964740321321 66.9969804262118
46.0600394617778 31.9544944214466
27.6208984898905 43.7982812990519
27.2204924027885 19.7412411024725
1.17417126614097 17.8467044643295
73.1627161645918 36.9247998245527
44.0293006611833 64.4405682113801
76.8343929940241 85.3361671398144
15.7554089884137 85.8899328380981
72.182195335451 81.5223354352725
39.8392685970897 29.171970535538
33.1455614688084 61.0201889209465
38.6920203420809 60.1794078221272
56.8952937874296 59.5236998961634
66.1021138667643 71.0549516759049
65.0202452552901 11.9139161205052
23.7350930744015 32.0855309941527
63.4855965359379 27.102756447574
71.4294578742666 13.0309318712712
23.0757805274814 60.2225153603069
13.9010655004664 68.1825823732164
23.5884203767943 14.6724028844345
2.52932107628734 53.828269853183
66.3560213409193 35.6814271183055
49.5104746555513 44.7900306224384
4.27216597493061 65.3519229695031
57.2068858545307 72.7784922274366
60.5237213052048 80.0243764199076
45.8105010715251 68.1310078575738
17.0966156045642 4.96951503554975
5.47372235423271 50.3128944517078
35.9757843868426 2.94558269653841
72.7937538408135 83.862504177924
13.8998921592182 81.348329258312
56.8181828515069 9.28456602395961
25.1843575209022 20.9243048134077
30.0958049320189 45.6316513008917
56.0316607106319 28.5270416394451
74.8660420305386 6.11297525955287
66.6237175960227 7.05443792833776
31.4772075870016 81.7078925673405
67.272704023856 38.3072607340939
42.1901462699971 82.1515774390273
13.019733457809 3.60527399017762
26.787942200007 47.3261575437445
26.3223005830796 86.7463312954067
15.9309254823221 55.6386961330394
1.74692034232915 22.4823814119568
87.8370019192022 80.0284626577024
69.7961545052042 24.809679517372
82.0976534408866 13.1206712613079
20.4223786789582 16.5215678905433
68.2419202412234 54.0245263595508
37.506983889424 88.2930948489974
72.0366704393821 19.6130969403769
6.40963994211308 22.9467841597246
1.59231353154748 43.7087155633252
64.7285114691343 14.6541651730396
68.9400882223275 25.4918680892966
23.0637751656394 24.8894542131006
29.9033456239125 13.7962886399036
76.3666542205319 23.4738244300333
7.81596582701209 26.6651854778734
83.5617033585445 36.5550164870982
51.6566642341638 47.1703941532981
89.5943981975479 2.60962213450014
61.0975430824672 79.1778535323657
52.9013119380321 10.724139634211
19.1215166701145 14.2518564397972
43.0191751445653 18.808688778412
42.4151720022548 89.8825502774559
10.9734241110642 0.975233935113593
56.397931642692 38.0136703103533
58.0748757318858 71.2166757155038
14.5743949032218 23.1531268297631
70.5902036144942 60.9364713839618
87.6164929436527 58.7104750145587
53.5267012489578 6.43588198894975
2.51868578670905 28.9822393650181
28.4276259490646 34.0808593403615
16.0075612343953 0.772580528621276
57.330546106239 27.9546309007762
80.0998942800696 3.8138905149718
84.9716565258296 17.1196094915606
16.2612774635676 31.5349068051592
83.637483022584 34.1735850485478
0.152455457548193 53.6999562799866
33.1625364671235 22.5279087718702
56.3582105011085 89.5100443747568
29.1853652845296 21.9605781276584
20.6774485053066 80.0217253575383
2.89037762880621 84.1949596426401
54.8624226164531 17.7114653105831
25.6305598856619 5.87866832264488
35.4023146952119 29.1657162839567
20.451142972911 74.7815093245678
77.2161065325988 14.3138877847174
30.3697980670844 30.225726551161
69.0404736952653 40.2797153887801
52.1955595869114 78.0197151427996
77.4025052563086 22.9086450462891
40.8386265501872 85.2145390460847
88.4707885957085 72.0082471590348
40.6381312316042 81.3363803739124
24.7647545510941 73.9249462438192
28.2657338792636 59.1222702706228
18.6592894015279 49.0218953717691
68.384619926083 26.7460699690653
7.65533923178861 1.59037583254111
79.4430526667647 85.6423536215142
22.3765570462215 13.7433640088355
37.9478010191911 20.3371045886972
53.9797344694386 62.0677334910336
82.3764603220662 3.46105962810555
61.4441861667565 23.0268157719816
82.5142928057327 35.75333249198
57.8288923581281 46.7365199496601
45.6343365911049 50.7474917084436
17.1585863828357 24.7478433507867
25.0939124468275 78.3656690895023
53.2178446996447 81.3679580836669
22.1448420963468 36.5214077368641
13.7065827890622 36.6100482684585
21.2541124654152 66.5565403277239
41.4936855548011 36.5194181488619
69.2962073422217 76.6307908711224
67.945256352692 49.0624352143598
70.9194383219283 65.0295409977586
35.0961749430655 23.6195029204426
56.2617517903277 45.2167720703534
40.8497914822892 75.4075067413587
50.8011263804193 17.646227021356
70.149069564046 14.3702673243591
75.3195069928546 80.6374247300041
51.37302734554 63.2050769762202
71.981187624997 25.8487422896057
87.7011256887342 34.1729805011552
34.142739045304 70.5447890481303
80.3524838870991 55.4953180263369
59.5255073384926 80.7695371398697
2.37849337516383 31.9771300110854
30.9353263508197 66.9562601174402
72.9132893009549 66.002457400825
27.6877862448758 38.9768722098143
12.1809210401221 47.2426543560348
35.6543736520565 87.4210145402848
37.9282781919924 58.3337116807505
35.1924865475626 57.1053454366613
72.5086136092011 10.8839371110829
4.62553684116305 14.4699228033397
72.6185176245731 38.5812935468707
43.7131465447672 26.0445540086868
50.1548995326826 23.3802887600527
6.44336263324799 19.7362578564947
82.6495908395997 9.86952237936279
2.31401773703677 51.6159515134986
61.4780658964106 0.987886865940837
55.5644611248319 42.5181244187344
39.4394229421831 79.0732075934346
37.4472349877258 12.8256394665723
63.7047003579407 76.7495884605041
0.902469657723266 27.5000301445066
8.33636286478391 12.7732789891612
16.7345080742337 80.0629565739058
41.9784581241136 63.3312559230715
3.18453962302858 24.5449741928822
8.76842077479889 30.3807241111485
1.49382794061953 81.2514822847149
22.9133898496819 12.4917885072615
62.082594647486 64.4171969491855
17.0331810079864 27.2471787025233
12.2460487848061 11.7800440737905
8.65251681107306 81.4345315666633
89.3191960211252 36.3602860367249
10.6540316096998 47.2600427160052
2.8826240161084 35.0100060137044
26.4961078548182 33.7087919013693
21.1752402407003 58.6506717574718
40.1711136796085 60.2137972141166
21.6729614262516 69.7809315655072
82.8841298065694 26.8031573446472
57.5120977223171 53.339532806605
81.2572260567997 54.1536289596461
7.56347505523426 86.3580499130484
7.00500178966035 84.6987141114889
14.6456401701706 13.806526633942
52.3492989445336 8.723001775329
12.7410470654107 86.3057260865045
17.925127873193 12.5000198614076
85.9841424885786 45.1468056503543
12.7777572814911 57.5458812672959
63.9555214309936 4.13848455677048
73.3807454343502 34.9776964673796
62.2322947700554 21.3691552767964
81.8749035918445 21.9985135923703
38.4356500382935 83.0082143819492
59.1811180720275 66.8044904655529
1.24908543653252 56.2914351997449
37.246803399071 2.9640513626056
63.1531806979282 81.1985526067399
28.4174153856017 67.4256247514532
61.5894245493898 66.1840340907219
37.0061052595763 52.6053262491773
25.4435061922186 88.3854429043409
23.5980196630005 84.0344987815477
57.6417746715643 68.8569595786498
2.40625443103713 18.4568278063713
83.5576251270441 21.1225589753032
33.4374105675665 24.4685327036132
42.4095512298728 84.3328263171161
5.13218150668397 35.6406079288766
80.091609397662 89.9416932074775
48.8370433756363 47.0311427084214
19.5596445092917 62.4666713031601
21.0635967102389 5.11162701031118
54.5384124910966 28.7137662568439
11.5159633391752 78.9973540453672
61.1652815461995 13.6725609594268
11.2718299999424 57.306568060875
77.9847056379605 86.7017119336673
86.8324715810098 80.7949707371895
34.4942026238096 72.8895923892711
24.7659917810394 8.12079820315617
51.9290688559007 50.8140440738446
46.19517162135 71.6655151625005
64.7574046272704 10.914967469775
7.55848320184601 32.8056360018336
52.3093125432638 2.71837906868051
52.2983574843154 33.9316194692431
25.1710097288574 7.01136053518887
62.2330749929145 75.7957199625591
37.2812711051414 49.7689812691657
53.0164969704601 66.0720209243323
49.0515706441841 21.0410342162394
36.7857701951325 23.1070692395714
39.2595117093148 48.7091284707872
21.5614826190498 87.4074221301868
85.3207571629951 30.6098917345882
47.4143598585976 60.6008914904199
5.48135614969855 39.5059705370869
60.4793117552294 64.3989274145074
81.4532170688997 82.8502297688839
22.1168697588324 63.7608734336494
2.95678574104553 43.6186552655126
70.5621006085245 15.6316742267146
28.454480352366 33.0740164118789
68.6875383667891 63.8380466379468
8.02257414918127 58.6138505121013
42.3287246733192 26.8906782736902
18.4437790311657 47.2223942163779
49.8341034114354 69.186252570049
26.105089572979 17.3437928177054
4.79722915223544 31.4479405034312
28.8062852385994 6.97840996753079
14.7240663345301 42.7104966568825
70.6426140688636 2.10704718789948
61.4704915021666 27.8965964039405
66.6872344609839 54.1612660011841
2.93596404308804 0.231822447190666
57.2352766782061 83.8773359865181
17.8843994342343 57.4671303508852
3.28443448509855 13.4413251296487
31.2492632462005 9.98563789392051
65.1599355933696 34.7225678345982
80.9082285678257 2.39942120278798
78.4082039776033 89.8040701378082
29.616306491884 69.2775939808489
28.0419769147124 57.2056295183958
57.8478972014944 76.1737110315397
11.5967529876555 12.9150222285418
68.601803255602 82.941513407812
28.5463634832254 69.2858704412856
72.7256102756204 14.9556669972046
79.1608809481589 32.9017482123573
55.9159481613436 56.2327631093818
76.0389010762055 20.7888100233754
28.1769904677834 55.383438045931
89.7504509727428 25.1286397542837
16.4734380991618 83.0127203449715
47.2463492858411 81.5037977691612
9.99813628734376 54.4440571313315
38.182541446792 67.7299416240103
53.4377937516576 74.5082974778131
12.3115165642936 71.2164828326824
47.7875376535493 14.2656016089511
32.6744199403992 10.8756954636416
86.2751315110711 28.1975727492949
76.0875144181098 25.9900043413743
25.7171140308154 89.5429451274819
77.8258930215538 13.1988765271763
35.0958624598332 18.9426490916734
79.9921686549364 66.6804466538282
48.9229040121947 18.1020671725246
84.2883417251378 62.6110567758727
57.4293446313652 26.1526884052508
18.6103419373667 83.21638613712
1.45599857055938 69.9441195052611
17.7433755164575 20.7271280093835
62.9225957992997 57.5702786040451
13.5847885546083 67.2089267533253
19.7878603659662 80.8502742509906
11.8262602529043 54.4176344956252
77.6147360603793 55.7786326099236
71.8220669386476 78.3416140741365
72.0457186475846 80.0608754412016
60.8023175611186 74.5274301936587
84.0285216248942 59.2640568506906
73.6653323698843 60.5019102644473
52.9944653009946 77.3699914477194
32.9627328123228 54.4620147675083
28.9567087881147 84.8613936319841
73.1289656072535 26.4934391136902
82.5887683751843 83.6409035082978
72.798226458444 47.6729830385698
52.7690894360653 57.9650111676126
53.7315124698049 41.2173190184498
16.5488087530444 28.8228898320279
62.0261553803465 56.3485631112362
39.4687857699888 10.9245956664828
52.4384158489194 0.19332267508176
7.16397839471565 66.2189847703728
46.2375144609948 74.8818059362921
15.0454301526421 8.80639157957098
63.5713079034121 82.5594848867237
51.694073782556 5.45712462100234
61.6689446039648 41.7683107093724
63.5577969151089 70.6706904414929
70.2943552403938 63.9956056054076
70.5782841736026 34.1110571486807
21.280201703492 67.9302491473438
78.145477355933 57.9491788534642
50.627061049478 42.6800966341274
28.4346365942938 89.9299016300395
55.2046077661782 59.8554771372627
25.6979044234022 74.3350381825676
17.0549449693683 52.3449138321973
42.4982731086439 22.8817437068764
52.3083594936962 29.4435928370184
16.6873251226399 89.1052633201319
6.11054981720766 20.9331159981016
73.2505847134736 4.30526480470839
17.9637310265504 65.3007892649545
41.6284613319969 68.8515569427086
26.2508513741834 49.4823318732033
24.201879817814 86.9613740844551
89.8288756442555 32.0438293356685
72.8244559338932 20.9182035020648
63.9250517608364 58.7419362019637
1.05922714891438 66.1539725430599
81.1113596859655 38.8481750930875
2.99469015445258 15.7076250035766
19.4506290829953 42.9322778541636
88.2664220049478 42.1327127967587
76.138210587169 77.7779177680696
46.2031155954896 6.31520266183408
21.4603837986331 34.4769881535978
6.04952076824571 15.2115113337516
11.2345836517096 15.3559925531945
7.39225731046428 83.0976791881532
8.76716314366686 32.22344686462
26.3304153457527 27.8557165590355
45.2649110017471 0.610104976095016
11.5194135085721 58.8375393856719
22.4198795772611 1.35009160436255
46.0806903644815 79.4277863492832
87.1792591310576 54.8611845313258
30.1875515809114 32.1630267246574
42.140613406512 48.6409592101611
74.9279804640713 36.4120723570704
35.1651494440479 58.6146225632469
13.4896859678221 49.1375269975315
41.7512175530974 89.1136533526381
49.6145050595468 85.9838385353061
84.8311927439783 53.9211092956847
68.7445649107599 50.7812284295147
77.442635272193 17.6214976380206
36.332941268142 58.2036128208183
79.5019934202893 42.5602468873566
8.49602126326413 89.9940749660971
29.4341816065991 15.9240251782215
40.3206840524087 69.1988802478056
12.4078240337259 59.441444249566
20.5182439709803 13.8338913259328
81.6151989327258 75.5219059097856
63.9587779592714 21.7651884994726
59.2239624508504 72.2094073836188
55.9761717470345 52.9643857122967
78.489341103124 33.9093183780914
64.5372601061766 43.6804510707836
21.0279937878725 88.4778793889746
40.9559231381587 70.7080846130454
23.4694156732224 8.43758630356014
41.2635703206066 86.4693011781542
5.20244749102442 89.4185276137484
50.2770759727951 71.736576410007
86.7663590897746 16.5869165325086
16.501977075081 18.7028833259806
45.4616979466637 28.8020443160208
5.2404852304895 5.25045311121033
79.6183810036945 45.2534537524516
80.4699749359117 62.4110492325633
28.2402070283866 16.9569164592932
58.2437748780793 24.1486580443568
82.9470949872618 78.0789666932733
89.5305775456033 75.9049052175551
19.642674931212 53.3756886924179
43.1754388084676 19.8234150264437
58.5929262893849 52.7028373871006
78.8396504265202 74.5745827147879
23.7464822546807 78.5188353307873
85.9185216792361 12.6194071375585
63.0411418757366 14.6626099308472
28.7631475627827 26.0573975204865
66.1408689138008 68.3791850595917
20.032410148413 18.1687812596708
11.5893045761333 42.0505004555442
82.8813961418355 43.1956139469148
87.2826421264195 39.5641655471509
47.6918488690628 47.5047515166113
32.2678516946835 89.4509766354657
15.0793891121349 29.5373853461
88.1381832369381 18.333093950279
47.6198621909704 66.100498679241
72.8482778961265 49.7434522290671
85.8071837905547 77.1972206170099
27.3565493487369 89.0698147572034
17.8714186413201 1.37002502501488
58.9739508125183 33.5338232667408
7.34905213317308 48.9831462534205
72.3571621882607 3.77816784304279
14.6232006374797 3.06391620320227
53.4846405547362 42.9558208559184
87.8468948438398 4.22288621481002
18.8584184871166 9.22161235184625
1.62350871692698 25.7258686617092
36.3595619139609 74.7358880996516
4.37818705719923 67.9316757199184
62.6265611526046 45.0494439387992
21.1009384460889 76.6638892732323
31.0956357627402 15.5222900543305
70.5415272891365 74.0111302490003
57.1142008119267 28.9744214881366
14.024502262858 21.7128381943155
35.033337524235 15.4155071430652
74.2154401123436 80.6124624698533
0.120501458441957 26.47232068881
25.335877470349 57.7342607949522
37.4090203621984 61.9291302351934
84.9241856567668 64.8433861550026
31.319474759607 74.3963939160381
13.4705007857366 46.2202234094004
37.0389761525413 0.383627560325337
11.0486606819294 86.3865489801476
25.6352200071915 72.4897036624422
23.1075751224785 38.1549064123561
68.1320316388106 42.6132035517658
48.787612165289 77.6216854355324
42.5470182359424 4.13327226195392
70.4170158024955 51.794109370791
51.0856082485477 18.6320227342573
69.7520242644145 83.4647933326297
84.5200173088586 36.0459347632167
29.4815317211586 35.0005673128665
24.4191608828001 63.5685095739972
25.2344624144419 67.3014186712291
19.2205675978784 60.707171879651
6.29235332365671 47.8194272203602
67.3571088873666 51.8552347849421
38.8258723397317 70.0434028614822
11.9967057970585 53.346699860523
18.8472950848444 39.697121515941
51.1979920089472 68.9378899867599
60.0744147875091 17.0457188655556
79.451194591549 16.7778514039996
38.5727595629317 2.86539287216726
24.1823087474343 27.7851702767073
4.65899852217628 6.11997146510696
77.4536388371124 49.8084338799887
57.7623817243283 86.0148653887209
20.2875874124112 21.6861348189243
20.284102990276 2.34218862274702
45.0974085080734 46.7682028995117
11.947410767023 87.4153515496784
59.7167108398003 34.8371100639412
25.3364227726157 51.9948549188457
27.0499667521292 12.9827191670608
8.83181092177811 75.7461737035928
46.4838345602275 89.861074308268
15.5768809462318 5.78403570507042
35.8480593698011 10.4455709350771
68.7472254695578 55.2361433658385
75.2540672208981 88.4044663557592
64.1280193559162 46.9432464495894
51.9833412189326 60.0104833983431
83.8895008708694 74.0605877658329
36.4866504090793 18.1021130087426
60.1216629922664 70.2516621067821
32.0598882801381 33.4370242908179
73.3695463949143 71.6371421155499
83.1396831331253 11.580561484773
42.7520524176635 35.9319714363465
64.5484345672892 6.95862488326036
15.8552153784936 2.05772594083413
85.6510642385352 3.4592632639454
63.9911318541396 52.2070685352354
24.7167235305144 14.9723697520587
17.9560750130358 10.1409710215847
44.3385745954672 71.4422426710408
70.8924755490141 26.6620218947723
69.6344114061639 3.27229190630042
25.7419606804581 42.9432736179837
48.8990466413049 53.4056717224664
24.835093928685 61.4628091184029
50.2080052574027 39.6409198528679
51.5606908927246 74.1877696191819
54.2034634523951 20.7640482512316
52.7573826854615 76.310097244723
22.6167889792481 52.8062232218872
89.5397702878507 88.4073822748955
84.9777560600264 75.8294698148633
38.8299317471384 7.7633062540945
67.3719238464245 41.0352134412125
3.76132557284382 39.8119888300623
50.739985157818 84.3867135631268
38.8914645656999 5.5319999261507
36.741086245128 57.1130709183544
1.11232127245881 59.8840015472059
22.7874150350265 64.995599442956
54.8922515514672 58.0404522254997
19.1032799269481 7.55034114234419
34.7808875525584 55.7403757707262
77.5708186371305 38.2786354869152
6.43272201249676 29.8767021515808
42.4922783567721 0.426354713533499
66.3072331262331 0.0880572271490365
71.7603997171794 74.1937076495866
3.96003679195193 16.8527983293848
50.0234630784361 28.3640537580995
37.1006178571767 10.0440464954823
51.4661951070125 36.8947153898333
59.1062839511556 39.3064096760502
5.01898669645424 51.7949510806225
63.6112094509163 79.0171560299537
49.878911055728 24.7695780434525
59.5397410513148 51.9621453252322
36.9209936648533 59.440733585284
48.9308221223072 23.794024601172
40.7772058926927 57.9733292120699
20.9528971095931 11.1771034959797
81.4931269257795 79.4149525291319
5.17759692988083 57.8992581923234
35.6552049703296 67.8016805176889
64.6562735746355 15.7002317098247
57.8655160683955 22.2117827614989
0.197804861440467 45.5368748867886
54.9787217230336 5.77383495883296
11.8573837521771 38.1434048904069
44.9614673070919 45.6586603755811
69.7101971252319 37.8521633974442
57.1405309946661 66.8654504657967
31.9877137851873 67.9945817526558
71.0961288781567 23.3697766346508
14.4727278506167 50.1910856143206
80.3787326217595 7.90010666427193
33.6681135833609 81.0876407226163
13.3895288187197 77.9202032819553
49.285601563381 82.1979829418725
61.7553698571403 26.590368041095
34.4061502999889 68.0812360320987
79.9674348361353 52.1106885601804
73.6611002234097 73.7834658624389
18.5246828474834 62.191117874934
7.25653562598506 79.5007075610855
86.2867853023535 65.6516680658923
47.163434185059 2.01506967037012
1.41817814083762 38.4102361315612
46.5968576008891 80.5494824371891
2.91918711373253 48.5102065317243
31.2549403401468 48.3694644525653
38.1809463887735 33.0522687010819
1.72338886874346 76.9937406638644
54.5774709700847 43.5420564700327
6.51632547122038 38.7215457522089
11.3477761779775 9.32381629373573
68.6881975671704 88.1151068451413
6.42575764112085 4.79070337610636
33.3694926897122 30.1272736921488
37.7842810325665 19.091025433536
53.6146771966827 15.3258814123274
25.1707007752101 80.4797445574653
11.3774712469796 81.0215797617419
13.7863068830684 86.8450659226264
14.5564416302064 69.0732299976408
47.3540510430714 21.7600743126865
71.1702293180943 36.60510482901
8.40477905872479 9.35932316104513
33.9055571989041 62.7148589538151
26.8425275082094 8.92999644468027
61.7646246468141 88.9877379500254
31.0651372583827 38.5354667008728
2.32163450149368 85.555421036763
72.4806002849776 32.1924115597813
36.4060815980178 88.47954937219
89.22870496504 41.8244982874628
75.105244401222 49.6149824014469
66.1300896831075 12.1480367119128
1.07080442752153 83.8535705205722
63.6107530806563 56.7611218971029
56.5739281986302 85.7182533295943
44.7861152460387 24.5538565560075
87.5024097291544 46.5938556290286
58.5245666727628 57.7749708459701
68.6119847105029 30.0037441029549
16.2638064367527 57.4060612380446
40.7130188153147 59.1738021299702
53.0822691947184 31.1530558492494
9.75840914056956 82.2360438418709
66.9745228489666 83.6137542647828
67.4152739634937 87.7242450141301
81.7543365167164 37.0892015754139
62.3053241250181 19.8741038439308
62.7121082600486 9.62683123625062
47.2338025856637 12.0560784075822
53.0033205064538 72.1875447266597
26.8645965044815 59.4741150660226
8.36318267111874 22.5785135464617
2.71485861313966 68.5564323382515
22.7109139901171 58.0544581324421
73.0255653212215 19.2073499491202
39.5580728814877 18.3963066933037
84.2364103289215 86.7427289376583
9.37094885969241 18.2648766700039
65.5880833533632 5.24013905067157
34.4033029270946 74.1364554069662
36.0128561134636 47.7305125715262
80.1927761374411 23.0664827043706
43.8466310029746 44.1585192952498
49.3445200251915 5.6873389142828
7.05601646461513 82.0406226771204
4.44210274547533 76.6023892590586
49.794994565797 54.1082517759286
76.8848145610903 44.2555607533561
88.8293054792869 24.0610331302879
82.489719221091 30.1165859187836
29.3884963851078 65.5944647678452
78.2572470347028 58.9648089918051
62.6232352729344 38.7251296776802
46.0707248927524 47.2908714585362
64.6101443326176 40.455615909926
41.8401514863672 61.4739842049295
42.4724594929644 13.7714506188863
65.0145393137487 54.1931024001892
74.9117891323099 21.759614542267
84.2187486051567 49.0053392149728
15.5326080119238 81.0820758453328
60.9737065209749 39.7372074769908
42.2160339469771 39.8367458449267
7.90840812732394 66.8951710981417
42.3798237375331 21.2924378929844
10.2903828002457 87.3444176692277
35.8937868297796 30.1731885881416
61.2013735871451 38.2858353354163
10.6017958789317 64.9094683182468
18.1485046921984 41.0057979201338
86.0915260985929 83.9178663710712
69.4565972358723 44.2878707781941
40.6756485952091 49.8535846488296
28.2637317063318 61.0225312383061
56.0186481686753 63.3754789952453
48.9619991451605 49.4580787107412
39.3466515402402 42.8369416219921
16.6692039284365 68.4044546677602
89.5354187367831 6.34684917489025
8.58101813504629 45.2266197873511
88.7485385162269 60.8355953972683
65.6088747834141 46.2707602914946
7.77140889874158 71.4876302669311
57.1809079176833 51.2087630090445
41.4805912925525 52.0576771066291
15.8636834825004 40.9485797366325
26.8004755733567 52.0953796880291
6.09175446682631 56.9809467673463
48.9170216765924 11.08267261748
23.3243805153139 17.1879573182792
89.9063728294718 61.1108371352637
13.1095679325839 43.488628044475
13.5885477240531 63.5684912641629
44.5221355592946 17.2617789813452
41.1083302575526 62.4923634060571
39.9754242375134 80.2126825583159
75.8649252197061 15.2791110191095
4.02253319500108 34.8952870821584
20.7739503579729 22.8147955169144
74.9989750470288 24.3106767303244
12.3786088792766 37.0833676452065
12.6672051263219 77.1375328158584
0.599621201927185 23.1900289021356
83.7423871683138 19.2466477049536
44.7540088535091 51.7996113914394
21.5362127666639 57.498650147496
52.9704201986937 33.1775711874661
61.386020326944 80.9029419728089
87.0029376820789 20.3578258473466
39.8640777318107 37.425446039295
31.6904702275324 31.7777305084658
21.2852660805838 89.6986909176378
55.9856911824101 81.3055200550942
70.5101678993169 52.813477869855
82.8143623122475 40.9463932188976
22.202909316061 72.3416627681232
64.2438150799196 81.687481608076
79.339877214123 40.6901493465732
78.9382110526026 61.2406582465538
44.3696942139225 30.7254302125214
37.2153375779415 36.5148884305457
36.1835774521992 60.5307225914611
40.2735869194388 26.5967927839594
46.70264365952 34.6871279976157
87.3786994067727 84.1996963040667
1.41273737304804 41.3612785126389
10.4673562559124 17.8389384709758
56.9298103060847 70.9616356568854
84.8930016334058 12.0504693888083
34.7291559632901 82.8664797444615
6.62452160588767 28.5481944461289
4.16465802328748 4.35694893838459
9.87341372124927 14.089794288031
52.997118412856 48.0363950526866
42.5475033166776 88.2648322413339
35.3581938559239 85.7817914150741
69.2277238146069 27.9245470437943
32.3035102817292 35.6239867566134
27.7076929587473 76.5511960268132
45.3045369837072 88.349366505386
11.1264450059948 63.9423776964772
71.1955346730585 30.610919428139
68.4293683887271 12.7517955762898
85.3731598681616 56.3744305992911
46.7102321293725 52.8947917369404
6.67785813256391 23.9559199412275
71.3965761100208 86.9509075721371
27.3853801277024 40.5367871619019
81.2358509103936 81.3105637361229
43.7718101991059 13.6160894058219
12.4583118721415 14.0676071580597
2.57571985413566 89.1399965235826
73.8484649757539 81.5748328364922
71.8725696984924 75.371667487256
19.8464181394131 51.9060532299449
86.3340076489101 66.8114774608802
8.90424407801969 40.78283802178
53.1895161729657 23.0466875113754
68.4755507136309 77.8646944619719
85.1829517240509 88.3919166455077
32.9354609150927 16.1705478714956
75.0111371187394 33.9274071832223
57.8859112481856 0.990165933449632
65.0292081085036 24.5153048439653
34.6351241866133 78.8165142983367
55.4158236864239 44.5917004728755
79.1992415694054 71.830028664734
56.624015255396 19.5533272209298
10.0217198375611 7.19599720328368
11.5630345157298 23.0827025768896
52.2108929416797 35.2273627159948
23.1181317760835 54.4909434351457
73.879907748689 20.016915249867
7.4808724095092 21.1106561552719
71.5469361535132 56.5698186662176
30.7905922400715 80.9285962762853
24.2190164345579 41.6204875046196
19.2291029893587 66.7774744987747
76.5205737988717 12.2580035802096
49.2275121850598 39.2285351165612
78.7515170939951 83.0687294185707
80.3356994931342 74.3646361467809
6.70433679150488 55.0035869583588
9.94153557864077 12.8641243991628
81.2261868440879 87.9672525809985
52.348629413823 56.186924870464
60.4462854973032 34.0514895645789
31.5858739837298 4.21776074511335
82.9275112513617 69.0209922656882
1.39583731633525 85.1565470166297
4.25332700319249 83.0801516918444
19.6424194167077 19.7009983041583
69.2708754759192 31.7743934890722
17.9061689796621 33.744837303968
28.1803329564967 87.1336937275269
2.89752909264333 7.71380021584967
89.3144711239246 67.4311683391797
18.0221976638772 17.8451156975832
2.30765083744746 30.2223236290767
5.64839584419925 46.6661878639419
51.9661216848818 53.4238077583888
26.9145481647072 42.5608900486588
68.9325197582244 0.332535648525152
16.538986098984 50.4806834548493
88.5163146329193 26.0004801993544
32.5828990864255 21.5258579990941
19.4771305043516 6.09497161381128
67.5489546450715 19.2679134454048
30.6323600627427 13.0052317331869
60.6282243552186 45.1569647724815
1.47446295322542 54.755016067665
9.96406047535469 29.2459157238043
23.6167431130824 48.843821605337
27.6621855319125 31.400661018904
9.14896590196175 77.8748176699903
52.6990461820236 37.2718590738805
15.8608522812609 23.7241293750825
52.6187121428147 17.35296888179
83.9336093137638 13.5691668057969
41.9079978025414 44.9273398875254
50.3546984384585 35.2408056528347
63.8972851261233 72.3529618816145
55.2729037752816 87.3131375148954
15.3379395001372 60.7185869301622
2.36015631098571 70.6058042462179
49.2519821572043 75.7052436946529
81.7426337857318 69.7461353628724
26.9044219844807 11.1036457690551
75.1280704134736 85.34588477067
1.41591046136941 58.5049144658907
58.0277292142749 39.6363801838866
69.3094537565884 42.1313101916917
59.7698344913075 3.31187654205273
5.84548574553228 71.7895398416007
66.4786831338994 9.96150814956749
39.756797689044 86.8510123548767
82.3962864240986 71.2573019049921
79.0373326290252 46.8385517267226
57.3771894702767 30.5310456969681
45.7836925400261 42.226772087142
17.7950987700973 51.5291211616614
18.7423876659785 52.8142552221201
86.8947176943775 48.568017498483
43.4239409430374 56.1700790668767
1.58853866565369 82.8972753137229
5.97963345649102 54.2997326636247
79.8643921662334 21.1814406331849
29.3966796913184 55.4177030006734
62.8226904637216 40.1724844226978
65.5047604856287 81.2270276491529
26.3053347851771 2.75810996084843
56.3345952666052 60.5330804688597
38.4636305825591 78.2096768796036
68.2440365096165 18.2208002338914
82.4609432786806 17.1185251041378
83.2126000531121 62.9715425307929
70.1220081702783 50.655929459927
88.388514761476 66.9534082100407
12.4548121624962 81.6244062764865
14.0630897835964 9.52656179510953
21.0574754844752 15.6254985977797
31.8682526147921 34.6669467685106
72.0232751411073 40.6755000574814
20.9529761815581 33.176494074325
57.0259710708858 6.00763869771114
70.8375038972235 48.6037479772718
42.9921125317253 6.30587972819683
60.2384614140358 52.8258254634336
29.1703738764435 37.4885762623441
10.1337440773976 31.0476115850793
37.8925523211086 56.6498318753384
45.7345704561171 36.2589431987557
7.15040744866744 45.5507112459011
56.408629274586 78.3582707182843
10.5627440315413 45.1792686457846
3.79019112083601 88.9464324871648
53.7870229972595 57.3688612326632
21.8001789135898 29.5750902459039
37.1521833703411 89.9149657895417
43.6359205810544 81.1284252008877
57.9045389092204 74.1807053551122
66.0470949738667 63.0220780907044
31.4249525077587 29.4237328086938
40.6936155532616 10.8291475188226
10.1317447744248 38.6880627081263
21.5229527225452 39.109853307982
26.6861043382572 88.191142533915
27.1234731501459 16.2590310094335
70.8739173796257 58.6574153838082
32.2807175817158 84.7757335685269
89.7950504548259 80.6030539105617
31.5839708488648 11.4541801697061
14.6859019863287 89.7578400076368
75.7992298696341 5.42125924505385
13.180699465858 10.4638987144371
1.75255309727451 37.2174577934618
77.1418671982816 52.6444081641686
36.8411388019378 13.7223582557318
75.4694030384433 27.6948577838043
81.1441114753082 10.2333924107332
39.6210802667227 3.15815054398598
77.4010856589256 81.2953350415647
13.3770621888908 4.61478754058156
25.3369058965936 26.6786985480761
30.3451658341309 3.04187173403825
61.6127237411529 67.8347453537542
29.0739923932835 40.2329680786541
38.9922090597225 52.4788047971703
79.6466626339379 34.4586619254788
69.3329139224803 80.9714926839088
19.8540785349124 78.3889242091217
67.3127285731072 21.9978592024994
11.4050649759505 45.7341835093842
21.5679883686036 17.314445851645
71.1074896090599 21.5213723637608
67.158446104659 3.99887754511127
5.82950959260625 30.7964104772464
72.2607294307521 68.7490282320037
48.7750163562954 44.0916635187413
5.75527395609146 68.8587549047487
6.489969835166 77.9390348377267
73.0795088847723 1.08035002666242
48.8446606259037 0.633974032325426
63.8957574496209 36.128190659964
5.26355537581448 12.9710330920641
54.2347681559989 24.2828111228658
86.1240266715439 38.1242697858622
70.1552556695907 11.2981405392113
56.9755820278255 56.7717193051976
73.4520121415188 8.71430910431208
26.011625922959 62.3566971568668
16.0569681004126 20.2383533107704
59.3757231511923 29.7062255721012
67.2602051968036 5.10622504345399
74.5775323806866 15.9702784746081
11.410056731898 72.3268068918162
20.559006816111 7.18769736394883
32.7693952743531 41.0082019290662
26.7431974110744 83.6048130071387
83.7545673464113 9.66656941405752
82.4713507034106 51.7093635561046
83.0117094903398 74.8344824744913
54.9672526459549 19.2159379628245
31.7891591573657 45.1970483323787
52.933267324646 13.8253348925067
54.9036810861753 7.52156135368125
58.8931675513454 54.9565942023887
54.3035459527144 80.0866005792533
82.2056355451356 6.51334864703962
82.2486967365437 50.4212067813437
67.6195328599727 6.63550199333656
80.5047789982146 59.2995067617561
83.1731040916546 89.7106770929074
36.6719765537344 48.8894040308902
12.2248404005023 39.3251622394339
57.6937248215189 58.4371837134953
84.1060861402513 51.3626275874693
22.6920390831652 2.81835852762526
30.9263579263366 65.3290847278795
89.0341468102909 43.5563298282829
87.3143851913884 22.7855330346128
85.3911144204686 47.6679103792174
16.134215194462 54.559580754992
58.9248365537918 58.7888990835076
76.8546065748621 83.9835046521569
28.657798055526 42.8762979019589
77.4452373735153 42.4444119255914
34.0324647373866 21.8933268600879
50.591601823722 22.2720610068502
61.2909974132222 31.4927911531367
4.48899093139548 49.421481695201
40.2663048461475 78.2413616710847
21.6473620701594 75.5790206935841
29.6766662284523 47.3023896420798
79.5375223354285 24.0703146633564
30.6015943742831 54.5572451932448
53.8769158664988 18.0589253661042
42.272363433704 75.3496905292279
6.09578128013663 17.6923191301999
81.3703465749702 30.8641442189275
10.6873804297144 59.6737417302879
9.54527179552603 85.8388385614933
64.927446527961 8.69229499798543
42.4222765949846 42.9339500803873
4.23996573365084 75.3783738067084
5.86280844410769 1.95172352810374
43.6840911476581 49.6685673519659
15.2166972928944 4.40599449615966
61.5896238170769 61.7693081160812
62.0500881654544 63.3116089145189
16.833235030639 69.8408229181909
86.3938952306684 86.6689418203909
45.0127619533965 73.6848761335301
45.9236679511153 33.583788912482
87.0437182710058 31.8277447903492
6.33473474368262 41.6389872586581
28.2502665900848 28.6241402257716
55.8290865607645 23.5532510610431
77.4776925487563 7.75735009778138
35.3009001941916 80.147613523421
39.9099993418395 72.0162707908213
42.4902855168758 73.9191061185507
89.7820206670147 52.8831634281516
11.3501404029923 55.9102037906861
52.039118795279 68.3099029120847
40.7892835724227 1.90374021801688
60.224219025268 18.4954517808317
82.989341957298 48.326559767556
58.0832595566697 7.59838098693997
20.4510284428533 40.379542133238
9.81244677633274 45.9064703053812
3.40954271666124 71.5203827341763
89.3213774917114 37.5903683367149
68.9579272741863 84.0804646867373
62.7929045998829 5.39346226805144
84.8675069817865 71.073215780281
8.54233495054107 84.7239867327167
29.0988879458694 76.6457035123294
24.255008969651 55.723348327294
49.0781053705389 66.5393262452719
82.2644836534496 53.3490249828218
20.9219056083769 55.7668672105456
66.0061441133324 29.3324379895499
33.9978660621376 59.8353651253118
77.179393865666 75.0679415689618
76.8506856613571 76.6902451924209
68.0631760508356 37.6751857922712
77.2423810377495 57.1575439582176
78.1610477281533 27.4372962201492
53.3288226893565 78.8542136870815
86.6282088486865 11.438697327327
8.49787033795398 10.6338387421044
73.449603152595 24.4620370504452
81.0691854172271 14.8387943011076
59.2952168085747 55.8933786159837
73.0431154251676 53.9417951444005
81.2165308087055 3.57894123615552
44.2505189850307 84.9327933761428
9.88217420385549 1.27219195197817
43.6940549649103 34.3300335833015
62.504517845087 12.2809827990216
13.6583089507077 50.7953642727595
45.6199670802009 83.9676759447452
20.5419521218021 38.8536320755547
71.5813920630967 16.0888072591816
19.3966929537499 46.3538972601799
66.9328187463096 2.17260512492729
24.1917801042404 59.6132342236284
51.9826253981558 27.9033617633358
63.8026862337974 41.6995604984312
24.2240900697339 45.0929732753723
4.65089056044643 10.1391281285337
35.7575161103555 53.1943000192144
36.5622375496956 66.1048454695582
83.0420324608366 2.38890018374512
10.4368916058758 24.3019589789435
12.6713561104723 73.6490543293704
62.9864510650365 37.7183244956877
69.9899304139592 75.4981707267001
51.3124257758844 57.1196691886595
5.49181993176209 18.8465326188862
86.4664072992459 8.67232746584378
4.18482304394363 12.6861167076734
9.71785419485624 22.7154094578608
5.2727995637429 53.3767498469985
63.8103743115398 33.2813415743076
46.2436650555865 76.544349392201
43.6262607501077 51.9539299339498
73.5348368158909 54.96232269408
26.3750914804663 32.0427437059691
14.4991414037797 45.3008119660621
7.91839577726368 60.4821219681497
14.007739489613 74.9579183214654
33.7194400073461 20.2780727407708
7.98873314946551 62.3256358861977
17.2792134238265 43.1228162572285
56.4630823463726 31.4449612937362
32.6969632096007 57.7653057402387
73.6526923960653 75.1429964587498
32.8469022784671 62.6371578171651
60.4408009780888 69.0278752971425
61.874721052932 50.8573441544287
46.1297135219317 14.2445247496053
48.4577674384643 33.20911716216
50.8562746692457 51.5923484480752
16.316867027644 78.5092288927717
85.2272665686569 87.2298711901674
19.2251218893126 41.6309902477102
85.5771159321263 42.5355494088969
86.1390269243495 21.349060258523
6.90125352110879 11.6161266107014
41.5576012784716 37.6567136033484
88.4173044175994 89.9082477721034
6.49979385759739 89.624944991717
79.3316677132519 65.0187439084253
62.2388294089814 24.0197812128213
36.9230339893092 34.5569546995684
23.805492185481 43.7979475187736
20.2840142312394 71.762540274884
41.0421901098867 54.0403733120741
32.7600837208671 44.5399779170519
25.4618716021129 4.2665614836816
7.00448328861984 70.7815693819477
50.2793747519953 58.3978776353859
66.8589632087257 8.25629460957039
37.2619290167222 68.7238183558926
26.0982355307108 30.1094568203878
63.6497498133665 55.1261739193365
34.1308832264935 18.3798860167508
83.2621584937319 81.4748385878433
65.551909225762 83.4942311584182
3.30329079844066 42.5915416304454
48.586780696949 19.9193057552277
11.4104218964967 32.5973975412823
47.6860821218781 31.3279857073766
54.6491256812783 51.4901987945592
15.3993320440178 45.8881391339013
34.4075227942819 39.8042777866578
72.336176896932 29.2558337284657
4.98984848252551 37.2689783122237
26.387284263996 77.2248754995398
3.18394183323331 12.2948116136941
50.9225286575618 81.1006425433864
17.0317746285281 14.3345256961561
28.7688272793811 44.3638353193718
86.2041161555166 61.2594280646434
60.659297582933 86.3670119176172
24.5717900929347 72.0398401820568
61.7489121144292 84.6084038141078
63.965539459451 89.1284010104498
62.4436841459708 34.1499043401386
81.3358444515643 24.2504550354302
69.8815338467548 58.5060134445006
29.793449538968 61.0667355845951
70.4090368965397 54.7563098455044
17.9768960988013 7.16793778711711
25.1915611037652 30.6733374888245
9.51972905105865 58.3175497344067
83.6649485789649 39.3450110878273
67.1851453294062 30.6587481326284
49.7276498170613 65.4236188626519
44.1966453588107 16.1362937727081
26.6650594303602 67.6267082980721
64.6116945438058 26.6175678988486
33.6915215222326 10.6329045184217
74.6877852690372 62.299905468439
73.6282874080355 66.8753191730523
14.4058455749176 64.6861697103123
81.989123489533 27.6232488103359
38.0048562893168 14.5158635743115
38.5438356935342 75.0998754281207
88.7326160397383 46.0534800220609
10.0988227084554 8.52082385194365
10.4408759618896 68.3600332972615
76.3791745333434 18.0259458911235
89.5385788113179 22.1135750691283
58.6662440351871 68.5170533887314
2.48361758674466 6.33811940172478
18.9639063636893 21.4108411361457
46.4489824514203 4.98125178175506
53.338961617593 70.1589328758604
7.47305964754862 8.94825276384452
25.3693125184091 82.0302899506827
89.1211802054914 71.1081169690399
83.1375746802263 14.3188943460564
78.3591197343523 52.3910372552455
82.9828696473678 85.3143744834873
10.0876728228358 63.9373733634313
74.2751314461548 17.3380542084185
13.0092052699694 88.809347466732
1.18270530761063 3.5278460791266
19.1425040592768 55.4465167039879
28.7691725982299 85.9549305566355
5.22362051834879 79.0344316305044
41.5604220493793 35.0670483776573
19.6156441712489 48.1012795090742
31.6899480264788 52.3858808014568
86.1469068404119 57.7359669600749
17.3812862692371 32.6841853701067
52.6569029941875 85.2284292137024
78.735531991421 7.55960963589445
80.0052750795892 4.99558531714662
11.0280019818022 77.6287311102813
79.8036833637369 19.3173311890811
15.5480665938238 68.3834479432404
77.3373523981018 63.3073064682323
49.0075171694818 9.21016360683375
0.265305632093451 31.8753194917698
18.6524477177887 10.9068384658264
74.0512033023351 56.6131005791622
84.8699181252007 20.5925555815417
4.05609321943221 66.3782805053378
47.7678683949499 48.5614908300875
36.9294935671457 79.0478332700798
82.0971520908007 8.87525907769181
5.06558387390523 64.025088423063
55.4314827675891 31.600280164243
31.0878006529651 85.3650446847924
51.9931892429493 19.3650814863334
80.9603029462754 41.5450993290052
0.882671985617414 57.5706915612662
69.46237524036 52.2763769300347
19.7011278634761 34.0812434161656
17.2553662372907 15.9299596694323
6.419989399371 13.2982490960008
59.9916193478637 21.6209604176321
3.85443882787659 28.8621942829545
7.89029730879395 37.8032368414868
69.685124838972 28.8282132889199
32.9758253587739 65.2565650844455
52.925458417254 84.2374109381915
23.3442638444328 0.469972677491626
66.5665717439167 16.9453860877429
88.0157969728952 19.732522931126
20.5716858261379 46.7772404593923
23.9894291001609 34.2415211413446
80.9276971557739 56.9121463470267
50.237668466236 10.2410120515906
19.9150591566358 25.9437957565176
28.2519952996763 24.873586442196
33.769716116799 49.4537528451216
46.5810764499085 24.8750339934864
35.7753792523311 41.762888788251
52.1067058023459 7.53771839971897
5.39105419671646 61.5451675699316
66.5230120302118 81.2251618324697
49.0073463349749 13.5339622565704
45.7279743030636 20.7925622657233
48.4518806856965 67.7857177593827
18.0675678561779 27.4033018300802
39.5668000853644 45.611073348085
13.2020576829551 72.4032511704412
31.0914352809538 60.8731480622281
32.979098233148 48.1313078730443
52.4505037943225 42.084885394725
30.9412244919401 88.5977770639872
1.3689494436338 88.4569331344434
17.4847749572971 58.614828226107
39.7112225904612 15.0796526443175
60.9178768444725 61.0134768171387
26.2588199111919 44.5102218901333
13.2487715395946 39.1618145220591
79.7396485884249 2.47832470829842
30.3342280931332 24.7153682292278
45.7804859613499 39.0044715433184
25.1757326363471 25.5739313434554
63.137243607179 29.2415635713796
47.0092888668917 55.170975120511
