2000
33.3465083684954 19.0472132561192
59.6534393901969 72.3968583589386
43.2947751110418 83.0411246103164
48.751063368482 27.8523727776135
87.9899978047769 74.4904129749079
59.9538446814416 17.2921828474617
73.9433828768314 47.2478738244526
16.1108441274379 55.110182735089
23.5820574497425 80.4301177790992
42.9809769347234 77.8435573397389
38.9963273508424 7.37097004858626
40.1873265332403 46.7596443004489
8.91634770714521 86.2298132530196
35.7434986756648 54.3043951207242
49.8638242783473 22.6990784277127
19.224392635754 63.21824681591
74.3627258021448 37.2982790218097
64.3888202281674 12.2265719947939
53.0119405679612 44.8570721169197
46.0709935428593 3.92517026987569
12.7805573223879 69.7209605475553
7.55335669387716 16.9412629752188
52.7724445671585 86.1108097247963
55.8071336719521 1.44817198183027
77.141746463312 71.9879843732943
31.1131316876314 40.5945675631137
56.0767610283408 76.1835037144833
1.10885532187691 48.9803754021019
52.5896202315801 40.8113094906815
54.4851794890435 36.730904572896
30.0677050818634 13.8779302506471
56.8942767879517 35.4045122960246
42.5055049855499 34.2051481320911
87.4290253953812 61.4894230862843
82.4196226574257 52.3866216056568
72.8728153677394 88.8306852070311
46.5630368166871 56.4979299129391
64.1588521858956 72.3634417418683
84.6370179202326 70.0725728632473
13.7623047302233 39.0547327182076
73.720950400826 56.7507238750071
48.5007887327565 5.17019419228127
20.6037014133317 61.7158852829486
82.1437942460409 41.7377956568415
34.638294073186 4.17617360654788
29.8160849187498 37.3879241860059
76.2189457225346 38.7471593135633
58.1913960014347 82.2736980114939
66.0917220060483 81.5836412399548
84.4597651468949 31.3396393558458
1.08408860532666 50.826340868973
43.8446233435746 35.2892719561273
54.6327174930008 60.6203967527756
51.6556808521365 63.8375984210931
29.8924766501729 55.2761151045549
86.3832429299086 66.5137720008209
47.9433044686559 20.6353296228522
85.842710550268 69.849872135423
29.427595657625 75.3418325574903
7.81974037919777 87.3570389136031
80.1320075177489 46.3608005133682
49.783184084243 86.5100839375484
56.8886870596369 73.025343139246
42.042077746893 38.9520896829344
31.5575237525221 48.2898912885841
24.02343585303 60.363701886663
56.640102818494 87.3280040935093
11.2194991725078 1.64632541537024
24.6757730623012 63.620452286043
28.6577199331681 25.129019089707
45.4201043717639 44.138518657859
16.6267191716448 37.9665646879362
64.8766963641706 4.94398639602679
42.7705481281786 19.4482254524844
80.5467643146726 89.7141527924525
76.746906170332 51.9366254997461
19.3103746086536 58.4765501240446
45.4188401059896 64.1137392116648
31.7230826363148 35.7292679640109
67.2814520043246 55.2921945923946
27.2977444193035 63.560492437135
74.6703824511029 70.2029985983835
33.524596231029 81.6162385336556
23.0793893701122 20.4099928197627
46.9761852506441 12.1835494596863
24.0085032918616 65.2682934399719
35.453552226705 2.70922658401723
85.3765890296424 63.6300005900912
57.8039801225001 9.01898581220571
13.5532631559743 49.7074306812969
39.8398601666031 67.6119509905853
8.52201102578992 34.907318152413
33.2447773906194 76.5231548811742
54.5161136209875 1.45450735098692
31.7052701106914 43.6147459778862
46.7631345100816 69.4542114865177
53.5427961477124 2.08594261073138
15.9678654710796 62.8532940734713
9.52553654263109 0.315422330100077
6.74969652541623 57.2790717997805
36.4087547424596 8.73581021020108
87.3678154007998 79.3592369386592
24.7280838346543 52.3292500842563
13.1871559061537 52.1652928927509
32.8761645173999 35.7229734491541
19.9615574874842 0.587278844883912
36.2345802360016 13.6078374789221
39.1713724644592 18.3586694140246
62.4152162487549 81.1325633033967
55.0670361075757 46.4897699279151
75.8154023418084 37.395261805178
28.6231177446335 35.9106471373742
46.1807912265077 77.4289743176881
62.3661202504666 11.5843884135725
75.4375135295601 85.2458143615479
42.8490044979072 3.83147481964592
17.7767561637963 26.0608565759209
6.56296630100623 40.3811023191059
58.8002286875028 13.009453459637
17.429502785357 43.860140620754
89.6734055142804 22.7585336269266
76.2597217628043 16.2645698778381
51.0204505888364 39.5567147760129
69.340068048605 83.818139754878
0.927162633235916 52.4763375061185
72.8405935120348 43.2123314772694
78.9033475900038 71.598894002225
39.5719054051614 43.7578943809035
54.7161572928338 16.2636098976717
13.3624607123592 56.8253545712732
24.1092625948792 19.6008857988095
25.0720575741102 32.6803595900881
57.0817165473185 78.065677564319
19.8051749156553 7.6257165464078
55.9497835062382 26.7464595239138
65.4160110380963 69.009463712444
2.97400316883749 41.0908710430781
37.0521088558163 61.6315592975657
63.0071670482655 24.3836429952682
42.1171300856682 79.914023616478
20.3617514125095 68.265319709359
54.7726061352784 84.7285227840528
69.2377533616826 33.7701494430248
58.6015528250147 9.74557402485402
2.70514362479627 20.9230780172167
22.0131425356933 8.7311753050291
88.7918589466525 1.66006155793347
79.5978840269251 65.4263559029314
1.86223673285593 79.6701809540827
57.1989201441527 70.96580035759
19.6371230511204 70.3058082793856
21.7303200508798 18.5924565959607
48.1418902750336 57.7281096670047
43.562068611371 51.4812905657716
59.0898607272439 6.3654855928575
48.9495442331762 60.4787350157173
13.0149757576462 11.1344138424261
48.8895809832319 74.5827897937589
41.4390539035713 9.93408823128469
67.856975248218 2.06300304653759
38.9235646721058 54.2831151815803
58.9901899456228 74.4582347998976
88.8443260213316 38.4999970122638
39.0189052403211 1.22388485823031
45.7483412593438 66.479881466568
63.061235302531 10.6474844690509
84.8687820986402 60.0223365077005
65.5098299501806 42.8118932516836
46.0633819453547 24.191640578867
40.7306099623977 82.6613590045769
9.04951510019519 36.8622628489956
40.623056330197 10.7962163106175
39.3680185886716 36.0242401242725
17.8423205129781 41.0608971150953
82.949431209545 88.4772979812411
62.7733234004133 52.1889949926778
35.1642761376601 21.9550030415069
79.0395758010547 14.0333527032331
15.3949890970027 14.1849541959295
17.4085034855482 6.85715695541418
34.556880572461 75.8488993161128
25.9910661373295 3.1547007835087
83.0565273061695 4.75130932465824
31.2036095473657 20.4105577397634
60.514590033255 55.1709444893731
49.6826001285857 69.0198497091544
2.10751318822741 84.9644245362288
44.2073111965623 0.236191693924042
38.2881816743298 34.8664231903538
74.2305820377186 44.0612373082718
52.2080563824023 5.59325527631508
25.5379444313475 74.1128947807137
56.4260741228642 21.5408667574825
68.8214101320668 2.51487560781953
24.3765071192824 44.771840694362
85.5679899799775 55.9511672632873
37.7841103296702 11.9625106784482
63.1577739117484 36.3444281656331
14.7465697371485 67.5403934763685
23.0065943221208 89.6725780711536
13.8190795099015 53.5499300238745
82.1826486964742 76.1632241655855
4.17169833046376 83.3530794597708
74.1865470213832 68.1806072692998
8.10580837778449 15.4495872213772
34.3374725027503 49.4781996781595
10.9327915989617 82.4049512020021
43.5561391532209 33.9472025249932
38.6430130564938 12.8678313806168
52.4098690727912 32.9797013457546
84.5572636491413 57.5349841747133
21.5125079223435 65.5918118181395
29.5968942046791 62.5968134421826
35.0077763308612 10.4919038287933
59.4277791006371 53.2645146969229
58.5464181243313 59.5218954183744
12.0333429365017 64.2007387760737
70.2713648203263 80.9810280510421
63.8730017040406 27.7602035566182
86.489788052037 63.8077173900605
33.4656002302583 0.695298668186339
81.9366111465215 24.1302913746134
80.0898273325656 59.7608793644105
49.0398414652536 71.2829613078672
77.1007418007468 85.2563826710055
20.3884993646603 71.7238815545221
81.5635670228921 80.0146156844276
18.5223202327593 28.9320446147822
4.09044299963195 43.6849756041044
73.9813411745345 66.684760767358
67.0631616168576 39.3065420831716
36.6883715619507 75.7823665316003
77.1789011872118 25.1834725655922
64.2669499454884 34.1390853188911
30.1034477027028 84.0844534027195
63.0349212583016 13.7366878169738
52.8177410432037 27.3694476437408
48.671431239884 26.5460036161331
21.1311798871555 27.4682217848266
85.2488761436446 44.2310344744212
32.0460552263247 50.6520209908452
36.027822734583 81.2182972422806
86.4506540596179 25.0716084946291
66.7127764832297 50.9332326474806
58.4303481972869 1.4432565898629
10.9700481116584 10.3343836084948
69.6162216096463 71.8097066559926
78.8091185816496 19.7541468321587
45.1907326317714 48.9517706662618
56.8091333641356 4.71913548029129
86.8504107858584 87.4009314848198
36.030152779022 17.8698147132952
50.330981154139 19.9516603099885
30.9813245621524 16.063831745408
39.3177240911973 34.6571076700894
62.4287359416753 69.107363474503
46.78922749081 31.4291305916136
62.3819235143699 2.47986340412005
22.1716759440065 36.984933561956
21.3486982286018 67.2220710817567
78.2403990669478 60.8258153254427
4.22315792950652 28.8235672603596
5.15377316442315 10.9427680069427
82.0311893522878 85.1693601769877
5.11048305064914 41.5752073331731
25.3123704149946 35.6010918810117
59.9976777042108 24.8093931957937
41.0117911475179 8.73512797808004
89.9867898599996 19.1586396330464
27.6925358494248 21.3241369962901
34.4004044997616 17.4238898200654
35.6115730767115 12.5042115726296
21.6937653483572 6.77181568223631
41.2223219034102 40.1326797579419
88.2347710835619 10.5033514632497
2.32219029547476 27.385962906392
89.2005868460996 74.4152249670242
35.4543738686096 74.3877366477458
86.0099424287923 18.6989215262123
35.5617993771975 71.6656399099296
59.1942052329913 3.05533076415777
82.8924376618697 49.9576859427104
61.1046182185794 56.4461166051259
26.0272945967631 6.83605126049827
65.1505133938754 19.7888907015849
44.4791556017067 56.3278595500124
53.8333030358219 32.9948498156852
76.98535433679 88.3595436966083
89.9401716558162 9.89247575592479
17.0978368495254 79.3242385196451
22.0409669547987 13.0201756826888
21.4580111417794 49.8827148640014
44.9041032035459 6.46125305325455
41.2364131897713 11.7953035985415
89.0677602440239 25.4560418145165
10.1681394384081 24.1192325091171
50.3434099783392 17.9616924466539
69.0816356829972 35.9722295609693
10.1075427300671 15.6131361805637
5.35913699128042 63.1761418619227
15.1413251597318 18.6912849255383
47.6679742159303 2.71575555097343
79.8543470281642 9.93386777328659
77.6041869869859 13.7512317720611
42.9172998100418 7.28572711013435
47.5196039786156 54.68218304575
76.8517609049518 10.6165004674715
33.0979663833432 4.09545645135324
17.1298121709829 87.589792102011
32.2121938877781 16.1007038298472
5.67012556962052 5.30622058847364
0.769923313256733 27.2268126981166
59.6724207662448 35.6572045182236
25.8258383047929 31.3312094394943
40.2518842366046 14.1908844401452
55.5114857259886 10.7191660570123
87.931863094386 77.7411860510429
22.1521550766283 81.6662832268681
63.9882865140237 14.574973634621
79.7757757382994 55.3600415155731
42.10910788412 88.6740492290868
82.7524202653766 70.6740650841127
49.7054823853157 83.8723594858607
38.0621119627857 19.7380599333574
77.595474964408 11.5264898909165
49.7319269255917 36.0599413829323
23.2891832584199 56.4635688287857
88.747919260883 56.8374737162107
69.2648914031107 0.876397207737725
66.2338165041465 8.26201533740488
53.444271388269 69.2745357054975
68.9056002261605 15.8496223590889
35.1614191767714 7.65270926831441
65.2832320745052 79.8601323707004
6.11197408060161 75.5638939184664
28.5117596132473 72.6321001874904
27.4869002703238 2.3754314550694
60.9945078209367 9.62456925683085
63.5020476856208 45.6796710144079
38.465874423947 3.21042369029541
43.6594341384301 71.1044783139155
83.7886035044 63.0546172204924
17.9306291819513 54.2582493634033
72.8397651544335 15.8843073762615
0.529251483347615 80.5398311131733
40.0717224764023 61.1734764535336
24.7122431103291 50.4932525462477
0.451074076749371 84.6848860569098
87.0733344469795 3.39392173610769
37.7731234947385 84.8063297238303
59.8032905171778 51.0767130070574
51.4077114397665 66.5731691766131
78.4858397200154 25.2501033773498
22.4758910497325 67.9646223754649
82.5364329540758 28.93411053258
82.400546617347 34.6838929093455
26.6633537406587 15.6916458063178
75.8988128347434 12.4205840164728
78.3869218487812 56.4050449043341
56.855981140698 39.4644591583717
34.7122825195406 39.9756419307589
4.48159760442532 60.2419371276513
87.6831495403985 1.09221877402717
13.4387230714487 13.7511445249843
76.2596761092319 55.8219654208183
75.9839704451211 5.89577058525386
3.8508528865292 82.3359709965824
81.724047532586 2.49706961116225
49.5165812098759 85.3488374309552
39.1884903907772 25.7258826083982
70.7807342631579 0.235249365696433
71.9154107819392 58.1840463267
80.0161911281854 31.5031653630758
71.3182171323085 2.90275099550897
56.7347009175819 6.55854757892904
47.7686431917903 86.4485294178661
67.4416017561232 69.2245503451884
31.4548096971324 60.712548206139
35.8665424308245 88.2441591898757
47.1956581226003 70.9478766977473
28.8618870953297 52.0405820747603
29.8336953918801 15.3018124222035
21.8185731477787 87.2758082101658
20.1508760396493 53.1334416179225
85.4452260134676 35.9343991652943
58.0217162528815 45.8442136880178
13.7843903554067 76.0012369590565
25.7592354288783 64.5491221340361
29.8001183583547 41.1405050519452
21.651250898744 74.6892119942113
0.482387285306025 69.7738900645697
83.4451611562136 42.5074690651545
82.71934243333 13.8377913460943
35.2627426544915 82.9006204977235
59.7775534364603 83.6807504288495
15.895782861831 26.5643542245573
76.9312948407948 81.0390148558623
36.8316426117983 31.7769198483316
13.8915513863132 23.9555728243381
52.3805723081744 68.0873492106029
18.5785066773564 20.8854705147106
41.6181687248975 29.7843550228956
12.1298688143095 8.62974069820055
53.7513576665529 80.4319488293822
69.931915560251 53.4859956063403
28.9543650777408 82.9733354463861
73.6362231534371 54.6867015282201
33.7750761380738 10.8915421856568
7.77018423011075 69.6311904633583
59.9071697516005 46.015693583691
76.8813401053426 46.4121883089358
7.52646292132678 26.1177693898647
61.8029662598883 88.6774289417764
13.486507547263 40.1328400110774
0.243771778330277 28.274164812193
2.86758633995451 75.6545798903139
85.264602602932 34.1190506971464
47.7988526317664 72.8327437721735
36.8356808303559 24.7032773494757
83.5927433043549 37.7547190177385
55.6084070135059 62.9799234919257
88.9173721726692 15.9829666826379
61.3274458602379 30.9189889330347
27.2551620836127 10.554927355276
64.1994396734406 51.0418939707101
33.1569358610249 7.87555114511598
57.5187001915777 31.3604892844563
67.6742156468761 74.3177772269562
82.7115325177722 43.4483342812798
76.1684478216139 69.0225125535039
36.5261165954488 85.3800598544601
37.9193543409563 51.890227728984
40.7213185892561 71.6390885046305
25.7178084532319 24.0535475594015
83.2992385688057 31.6952045038764
64.9100789766784 61.8289475827591
61.2297290865726 81.8692816909154
0.240188289124426 82.2610070628691
44.0202606116941 75.1668759793807
51.1404797602308 13.5038079204569
75.2168590457498 27.1126149130611
61.4571533338713 35.9020442224491
62.9388318133497 21.8363026230998
3.99717317980606 48.4192100180165
51.3302429841263 41.0085632665746
80.8934196859724 69.3510159044183
46.2467520654765 74.3103353791245
14.6695658805972 13.3598257418068
47.5206774018519 78.4497138592808
77.9094898399737 77.4247788572316
0.0682416069723146 62.9485906218537
74.1028076741099 32.6118415390939
74.6821392453546 7.63251663888411
54.3666848240475 54.1802064629949
65.1930775961105 39.4513724643866
69.0375791412883 89.8674316183179
83.4535270773061 69.0325418864437
42.9553482628858 59.9393593356378
63.207087594384 75.7952130126549
18.8967355312385 65.1393992692925
33.2002252682109 70.6928668962525
46.2770685901073 9.97489262514975
5.54282866149943 48.1019674583634
71.2946531846501 46.7909112973285
1.0088187604283 33.8667519295073
13.3999037619852 5.50312752114181
68.5890308617516 49.2136553893089
10.4548405821759 87.118318009715
47.3229715210051 29.0711527056775
21.0604705321756 45.6181498663152
10.4454134071782 75.3412138841614
9.27584165626893 52.127224155758
77.3604943173966 34.7803244544325
80.6002795179347 88.0662258578783
89.2217207675515 53.2144532118849
63.3701897620137 31.2336621804841
16.9433705114428 66.1606550345557
12.1050703230676 84.6780578724951
53.1294527053095 77.174675221863
14.9554328076418 1.83696339766136
71.0771603895317 25.24132620587
88.665384980016 34.9182342037968
61.8659263114331 48.9876490234705
6.52671762896848 47.8302023319715
31.3305069048485 36.6592242656343
9.72466460018584 48.7371620006482
23.6077939671058 62.9049810327644
1.86205219945169 87.612863388287
8.90295749312028 56.1629467497513
21.0166051686197 58.2719843036757
80.1158528994486 18.1017149959813
16.5875162237981 4.74876756997759
11.1504490780144 83.5353268108327
10.3412834715856 4.49123006436125
52.0105648484599 12.8136889695011
48.291922616732 48.0973617834672
11.314456567534 43.438403627412
23.0571477108676 39.6027608184728
75.7247074497658 58.7789788646699
72.0251530864809 12.8323828888793
59.2463003693676 11.3251799793984
53.2615991781215 52.1003318444791
32.3555501146233 31.9060609799882
60.344539218894 30.0498802567489
31.2789682949899 81.0596843977439
31.4573654140812 58.0153638717941
77.081534796936 19.6341821337045
80.2377075028156 13.845432136911
11.5555833881602 57.3402524972608
14.9505367481128 51.2412498668378
39.3046539062521 17.0859445146041
66.934717470287 14.8277730088307
89.4033593837902 29.2915550228317
6.91606341052985 60.3895264980186
30.6654909028339 72.5947802224738
85.4084241307596 79.4877077510532
35.3834997372606 32.2207666207346
21.1147685736083 73.2246548054522
74.9692865097982 40.6063055893549
69.9246643508274 14.5871509841753
28.7517006714841 11.8169017225718
31.28078653758 83.266609421147
58.5884762740194 32.83313431194
9.52193886338154 3.71378931986797
58.4516568459238 29.4249695294337
5.32227119596858 6.56430498325705
14.7106954471216 71.4208912309068
33.8222076423169 21.8445603624018
47.9216371191899 25.7144362167077
54.1088357108044 28.6722243269421
3.23006839859229 85.8425832743
38.5456859017794 48.2283597251441
84.0214267752252 76.5535321193352
66.0112093501947 40.1312967830073
88.1399254342506 86.1721201720913
73.4606404207574 10.6848357211447
77.5939349234058 55.6266746840632
50.8710902737643 26.0004712803551
50.8725361787057 10.1704156014585
76.7335091263439 65.0050479699351
51.8895977647461 59.8521236519793
3.06150041037473 49.45480509197
77.9852254764284 73.7234738294872
47.9849781189273 38.1002071223844
38.7218093578003 9.32684464413434
20.6334407672871 54.2561890607222
78.6958485770085 46.0515190353305
87.7547318911948 18.5736832380653
42.6088979874713 63.3424712262639
5.2314297293054 12.9729006566017
20.9983067393302 21.9037539241583
19.2634670067811 24.2840950894712
72.3076693389455 23.7168340343011
40.3381033421268 45.7450956748556
55.4552839721848 8.58969514098277
6.20229727837266 58.8372627891381
37.3954059729242 14.4920121561135
50.3987078090926 7.2287184846865
74.4118331723292 18.1130823499342
64.2991378758991 16.7305349990941
82.1627954699996 68.1627962276055
83.1219602203387 58.5364646159768
2.72631888788997 45.2478103046107
85.4015398304567 68.8132298630763
5.90401441294251 86.9285188001673
53.3472183087184 53.5574302038255
10.8948872590799 74.246480410909
66.4942158322186 75.65273765051
65.6170295742222 32.9593211342298
69.1514141031572 25.7882647256888
75.3152369224248 5.03305954864182
57.5427820690861 88.8770342345917
53.1498218868171 71.7561301502641
65.8177053358845 31.7459890480573
86.8983126249732 38.128571253546
3.32566568397542 61.5043734292735
64.4183707791477 85.8886200036125
24.814142908666 54.7199098750842
57.1475336145312 83.9309895953001
49.5859855545019 66.5156310778131
75.3489896951303 75.732729822561
47.9960220649506 15.9420618986696
33.8203720466543 43.5798940244062
8.44552708012539 83.7833838357388
9.28555039128359 12.6773683545429
70.2147043603288 16.2520618890628
77.8253941909034 86.2785354008405
11.6772765215436 22.9614140864257
17.6741335097129 83.6413583496483
43.6075027514135 57.2052233859088
26.210598970028 56.2746953901296
64.2467612211398 29.4823413743974
33.6243465148865 84.7773710550637
79.2883769323962 15.2489562632812
73.1701221677785 65.6868458263518
42.2527291785018 86.9452847280824
79.2178791041465 79.5770477969751
79.2431659087488 57.9902666439839
68.6267681918482 21.6850754796712
72.8012325965747 1.80090664609992
3.17652984288191 37.7505225582648
3.18809695931972 47.3264724234118
66.8786935842997 52.6006569280082
10.8076622532282 72.5355728073706
2.40831934248281 32.1565525017947
84.7184245214552 88.1095191104708
3.5957968132627 31.4738126003127
38.5478849466737 23.9483087948015
15.9486442231071 22.0626979935895
58.147801562762 79.8253335405591
87.6751350800903 84.4742624270869
48.4386522004402 23.0801514164067
34.5072960628434 0.0698447997703511
15.3115059880905 84.2709058471883
45.4072506391934 72.3991289312595
37.1254310037074 15.6952644420039
7.03540608919536 66.1376119606101
46.6144119361379 67.1741511760537
70.2265465326851 44.3853364861075
80.9151448781163 21.8361353767685
33.8218630314945 13.0680257001456
7.92854494157265 33.3706505330959
71.9709816471166 34.2149864659961
61.5468265358246 67.0828904861341
29.7827031885742 88.4268084490348
59.3772105603801 19.4622937117165
15.3640781589803 61.9675494014916
40.5621541113693 44.7231268461466
45.8722762234137 17.4600553499629
4.81705206849686 50.3343397833751
53.4344531263484 48.3146673285564
31.3682457491739 30.2628921842965
31.1662306739357 68.3455947200713
6.82008583548008 77.3228521911413
49.0225100965998 45.9265853168924
15.2519724621242 87.191101022414
49.6503814005559 47.4200324459207
44.9128677354282 35.751809096519
57.6527293514814 20.4082677246483
19.4179541430205 30.9729602420048
37.2125199810043 60.4664123342539
20.1062538026763 75.2987657689907
43.7892517694456 13.8928344312907
29.783480863905 77.1728611665327
24.1025162943306 79.4727566682341
40.7944762401987 80.9506525041285
50.0559007957637 74.0651245025319
1.98395832041211 34.5239767659167
15.3289174673511 40.8801802025094
75.9206745039722 71.4906793420291
30.3208111274859 5.06113793559621
9.68234586944408 89.194416497519
37.8219853130835 49.585486218711
2.52436862120451 4.76146604270212
30.7922989947694 76.6458355916797
32.3831703252329 18.5925859528724
80.2424698647451 12.3145236574802
76.9865144339872 27.7209673019269
41.8210656198569 41.2449220485617
58.6374764541747 17.36551876676
52.71277465733 83.0476932781059
56.6000454872033 67.6616389483004
48.1386189163431 42.6691710024602
5.07623377530887 64.6433629563334
5.70316013507995 79.3056218408846
25.8414393250356 47.7583794976004
30.2163187847241 22.2600792255155
66.1799595588206 66.607648241073
55.9888738791051 2.66670081930727
54.2178932500878 13.1279248656197
56.1952579990994 58.3171416039927
88.7597924366881 3.95253597948447
51.1862961826379 52.3173658290156
59.1677590590085 77.1044869900073
12.6103117833405 30.3446887184326
22.9477071501271 15.9078571008729
63.8760634513507 52.0021220613527
57.1141468985799 59.1163524575678
51.0799629378206 31.0679206017647
44.4809541752145 4.51287003606382
19.2574532557198 9.09293654163953
50.8190527889535 16.4138959999859
3.27502314822137 28.3527465033554
55.1646170025618 37.6993754470362
87.9275095189639 71.7778516590349
6.23799735425823 72.1215667167914
57.40010188249 2.99578291657561
47.6439493888119 85.301794002463
9.83063733640218 60.2538693385033
87.8343111471708 11.793444058394
72.91964782003 3.53569168642515
43.3459281154878 5.2130736057201
70.4810051755495 55.0612100043991
74.6828279301426 78.3889504254833
3.03771277201388 53.773786721734
51.7731804020541 45.3016111011236
30.1320890472027 33.7039141424756
89.3389052949465 82.0387142495662
27.0297153367046 18.8679190431331
6.33460558050007 34.4013872122487
9.89656913989993 80.524094804874
18.2963298032528 22.7634792818925
9.53848794818999 27.0730387661773
70.3766189615447 38.6702974611139
63.7964937900466 67.513366626564
53.3515566381063 22.2334194621023
13.2663549251569 16.650516273334
60.5629391028126 58.5415200330468
88.4048580509709 21.2539086266265
11.0842009608944 45.6702867538233
39.4928275103825 64.9491680029742
14.0864048130414 26.8042954282208
45.4704895273592 71.3162210457015
20.8961405351154 39.0644903344158
69.414465496316 39.5187096843958
45.8571750680833 86.7690739538103
62.3938026471136 33.2299283363533
59.9429533933795 85.272944862593
63.4761160906477 60.0187066582638
70.7301124069035 28.6819279853661
65.3199910340569 73.0466867155661
28.1983535522145 86.6833395046504
34.4503408008181 80.5326110696803
38.0374995587272 26.2365606219765
35.6841346034839 68.1419130386744
70.7442175919887 85.3370912243686
38.7182991218904 68.1316390730819
5.48231987320978 55.2442805999621
81.831718636689 37.0912913054611
14.6590886060664 22.7526046097454
6.22057422079873 16.0071538936918
14.0706396382194 58.4348170256033
88.0617218389876 75.6536337694062
37.4831111419191 33.7223382793356
3.12070456974173 29.3804395400539
81.6878200852822 49.5738964105539
43.4284830253835 76.10952104345
59.4820941855596 80.8292276154221
70.4722440512985 88.8663958201639
75.5239150264727 8.18200435099769
49.7011742171415 37.3014978754324
69.2076855918547 56.5620319222877
50.7701289467831 56.8358152913662
49.0444605430811 44.8867030934165
71.4037255341704 59.9464504562879
60.4992756077283 36.9698044109264
51.7923281330977 3.79461356866187
73.2425682393273 68.9542141036469
25.7029821158421 51.3285621964915
26.3125204754343 22.1711468397015
52.772053049599 18.4663848090748
69.4732355631316 37.471103805889
39.7427969030606 33.5178529402325
72.0988189370589 27.1195480002349
18.392857448633 76.3589107746605
71.5581069788845 54.9802437670697
39.901195313654 87.2357525648084
28.8306760861299 43.9141060642189
81.7419705693304 31.9067020969806
47.3694103189706 87.7913170052195
53.4981653208951 62.1511730081488
19.3162719931128 80.976250688548
20.6437915577762 1.90238263020447
23.9754800964098 34.9194583219656
22.0477492630957 55.0660645260203
70.9236104794131 65.1347142087622
43.4032020809525 81.3507603935098
7.23983815220894 12.5792294891272
68.2357210803088 87.1988939921798
21.483048310267 77.650574183444
75.4206596559859 32.4433007383197
37.0658430516474 79.8919372300801
49.4659930640033 67.8307362505678
47.4358068901653 10.8843219635035
41.4344963975571 63.6853890096963
36.2605572123841 27.1451901639182
31.8905642966343 8.54569561784423
27.8702391487106 48.5497216635214
82.7857611657154 9.22353522363828
49.1043245018497 33.3300510438349
13.9171921381665 78.2951573007271
4.23592539129 80.9580544765728
68.3847973308145 0.00639930351077567
63.1599292134327 71.2268476967809
18.0728018031849 18.2914646711876
73.7613383245297 42.3456868331697
87.7447637868619 25.5825074039878
67.4943135545431 31.6747673282043
14.0028632413886 74.5040842404209
86.2864241988531 85.585457879089
48.9296181046057 83.1353432550911
53.9361302814279 20.9990264324241
25.811399969527 44.8791986576826
5.42089201181131 2.25504372078106
88.1286116908134 22.4629847078892
72.9271843586603 80.965227422247
20.0116170923194 16.6287100998419
45.3675552346614 1.17693813342761
20.6305596252038 63.45428188067
13.329071857282 4.1542534495732
37.8541483907995 43.8699568624966
80.7871007399983 52.0556944559525
59.5523604989642 61.9277175559027
51.2010877445095 33.6936579798722
70.916681312927 57.9645311325314
0.735297626934717 13.5569921891177
32.121410768706 21.4121373334546
50.6662031842146 9.17064350526488
14.3620837173079 59.8286283219873
74.8156729110866 48.7476117471058
66.4927214637209 17.5654979493834
7.96222219841763 18.9049942708952
42.0569049641781 58.1499169601683
42.1730648315676 43.3883017253225
75.8116051864349 9.49477687637028
61.0300260458784 78.8311350173587
20.0094146179469 56.9469384098996
50.5906056472527 78.3139198062904
59.2564063829532 42.8713840927453
46.6487113940671 83.265036075892
39.1543931893635 38.2408185343
79.8077335014949 43.73519847028
19.03549790706 78.7720900431157
48.4339526044574 11.9258578557666
66.8046556267435 76.611577047476
71.9503479166221 82.3480910849585
65.5935094129124 25.4209848642285
26.6534165136552 1.59685583962052
85.3316929480418 9.82185009318144
1.59618303085598 6.97926748598192
30.0762945589105 12.317010671027
44.6089403115224 54.225261020606
88.8259650095723 51.1697176519287
23.8102280661152 28.9520495639118
54.2567031901681 23.2750310829491
25.1174164933554 13.2285450576419
0.145973775806461 31.3616016357874
82.2596544830631 16.0556696984267
58.9175505374588 47.0150265477549
36.8436538630623 68.3216033790244
73.217373385242 33.9912736821009
50.6245440907015 18.9691238162428
86.2392651317556 59.9070940362232
60.0513320076865 31.6819102515176
67.858336668509 13.8927774018516
57.956357401403 65.6889013572327
85.4973470466901 80.6946345630497
8.12004765962261 8.84475025471346
72.4611812501392 74.5814642514097
8.46696247257331 44.7806901064892
84.6913170763736 34.9424044119837
27.1262891800883 80.6828282305768
84.392283441816 1.61973156072285
4.95923041379999 76.2309790600492
57.9783165289158 76.0260475849015
12.5617108639658 58.0328823425309
63.482087981655 7.97072089529443
15.571355528818 16.5924966627231
51.2984273776998 1.9027839907902
62.5806498457376 63.6945492420718
89.125675300436 68.2336873338355
15.282872599196 34.4785796863472
15.8730770888732 73.0716905600291
33.890321454455 20.3268299900392
46.0335922144774 42.407656452071
34.1148988131652 42.1368954711856
86.6179696033987 75.3240639962356
5.38658801377618 77.8303382606007
83.678541223725 80.9501568740392
4.97607959305501 22.2265801328419
41.6635468948788 45.792253021974
2.0274352796724 64.8754885497694
38.9229267000645 70.5606274539927
53.327611496895 37.3118545805419
23.4408212274193 4.95091546275518
54.5613694846297 14.8726395546993
63.9177076456535 20.0503725626656
67.6665398583657 84.5408968350565
27.5193435407364 28.5820221288677
52.9677179945744 65.9441719134266
71.8891538246217 42.2701555407875
17.601248900829 73.6057869635068
37.9152896431293 6.7317406842551
57.6522028880664 25.9846726401216
5.36598145624129 29.5279505637724
21.4472266392417 84.6015293605017
16.3051962378924 6.28771538907728
14.9720767282247 0.136447254833101
6.57985416861106 89.3997136454093
76.3094753283265 60.4356032115295
34.653598716915 65.2863627385522
23.0026996325208 85.6234036018552
17.2895620554639 5.53189639270393
80.8284379202108 39.3155997530299
83.6048795975893 25.5680759916072
63.5281869010523 41.2510402348597
88.2895540122533 13.7476696898153
58.3922845396915 52.4445474630322
30.9028798201632 4.01261082706547
20.7697937426247 56.1890868344318
54.1676522073199 27.0430848447572
60.1278296264425 48.4932329776267
35.5538668849127 30.8822019224667
40.3895985139694 15.9432341272635
45.1836426495253 37.843119915692
23.7393830222647 15.2646868286627
7.82444768036168 73.9132675042757
11.8310950419438 15.5081115187433
19.2326792329058 14.2003525545868
51.431304451057 79.3769218747539
59.6525368363489 23.8401494267559
22.5730110895438 80.221439621209
32.2018317467257 65.0897519187987
3.76256510961849 0.48668030585084
40.3250920660274 49.0606761273794
34.9278141782889 66.3850498525473
67.2361910124659 64.3859491510329
30.0434721368278 53.1798820692042
72.3746171364675 5.68931278164932
73.0476178847593 79.9371849119055
39.159040382181 88.6164435098892
30.2593480625603 58.5176934742056
76.5532100773067 57.2037237490582
57.113857222891 44.4542547054207
9.0279610729154 39.9779373253814
1.41556949650667 2.25175315255996
86.6011472714181 10.7749987989735
30.9550398058679 61.8688418539352
0.16281416850024 5.05981072425826
70.3780993741551 10.3995411830959
62.6470500258049 84.1624232098198
46.3867241255086 79.0862733664453
74.0841206853145 85.6375514280234
34.7550981410343 62.0848999573148
20.2490962692226 4.52989169725541
10.711170105566 40.4899189430261
76.185429434265 40.3759119160123
23.5054988698061 43.3117459048741
10.0315679114164 53.2244238229737
83.9670721556935 27.6167885908425
14.1951930360473 87.2010823694372
23.7606745107902 72.6859452008107
87.9264783985768 30.2889086123657
71.5946235090637 14.8306185264839
14.9717339143706 31.7437996591465
59.5987914228858 27.3895987372348
64.5601630723395 64.8934215982077
5.13834636213378 73.4697760815865
0.709127949101962 61.4652376122525
8.52042551950365 6.23943980578574
8.79247067170294 10.0299974686086
24.8764117978386 22.2256984208745
0.567915246251864 17.2401553010697
26.9183689374492 50.1399046438419
87.8517346578217 38.752718680917
11.8534697036148 59.7165469281887
89.2986350324248 61.8405638104917
24.6567299107444 66.8395675934151
81.7875237084248 77.290315572446
81.2754235736 71.8015259099818
24.1761364930742 87.1440891959151
59.4777590140437 87.5934064024942
1.62378311671372 59.9831793682554
26.735757724527 62.1380908584979
82.8403320467659 61.5770807418134
44.1749931049994 46.696871089563
77.8651703941497 69.3178943687263
56.1883089920375 82.931926407405
54.4321000522386 17.7263369231907
5.16407896270831 24.4910491693425
51.4945913051656 24.9354646891339
82.2584979088533 78.481571722924
28.6717864859425 41.7795113073971
55.2340267909906 33.8319372072316
79.7014913412805 1.99619691639995
86.4364881164596 29.4402231572908
76.1255969664905 24.323862105158
28.741548717447 76.2016583524331
2.6600573297603 33.6175285382038
37.8135597282009 46.326512156424
43.9647568690809 48.1415618589044
66.5862529118453 35.2410615999516
25.8587741804229 60.7639828683222
86.2374957370692 12.8970492469882
30.197348472216 25.0938879386442
46.8780049689552 62.8529357652588
42.373662451257 69.8366041193491
58.9529900354369 63.4010533054541
43.6192723472158 44.5015865798655
5.36494188574249 39.2856546497823
10.704308635617 54.9961105688398
42.0033227881501 17.9407944084829
34.5461282654182 26.878431490484
43.0693801779887 42.7286673220336
53.2956342590997 38.7725887049278
28.114265220918 22.5030432020878
36.2248225775725 83.8633064953422
81.9763158226111 56.7865690719144
54.4050969437393 11.4557837394241
23.5087281655962 6.37956638187802
67.0167156374284 70.6680975403607
0.0970996399653146 72.1006999911052
39.1954770588488 29.8513652900196
5.91844808075738 14.0503720935743
77.5743694245655 82.2808556772768
41.0789382558535 83.7224864779871
34.7772816173292 55.4068927183766
43.3921033804089 73.5410791840783
39.0241438890551 15.7067915157155
35.931856196902 34.3448804874883
2.8644468304778 25.8528111567797
29.6341702254695 35.2345062185632
53.7252501092464 41.4427003646266
44.2398678639038 19.1111640047473
10.8270708726144 25.5205310733859
86.2375406633425 84.5606888910027
51.9612444641508 11.310623496012
63.3055488872585 85.1683448081145
54.1259967237486 71.1768324625623
29.9160280901053 80.2772609010021
58.7086575154574 78.3181928897538
11.7680114674779 66.6090031221277
37.4297445280084 1.58847857566087
48.428114679661 39.1104304751275
22.8482358643863 73.454090402768
36.4266639278039 66.4246468381488
81.0571755308169 12.952293832216
84.0770884742601 9.57514703785883
15.752395637428 60.3173942857649
79.3658517147828 89.1183317007003
61.0548393043817 27.8584658068268
14.1676408468235 33.2178746172335
20.4949139915594 44.3483317849098
55.7385067141364 24.0090450389833
56.889846036708 28.5154889535888
61.0168305653525 15.2331417421453
79.4251798066224 34.4328807616164
41.476588244456 18.9287599856852
19.8975614896392 83.8527572142897
23.8428994896146 23.3212519900642
3.61378901360542 84.3708609077937
84.5905766456044 22.5400172417334
67.8316297195514 72.0100554358348
72.4173396416925 30.0323152365196
83.8956117212091 78.2264514333484
26.9627416319139 7.60566927449872
74.6822433264619 2.75147085796689
83.5344263523675 56.6592173907841
51.0374219418672 65.5686812552933
56.6187693062266 65.2918412543583
82.6620869041483 46.8020228792519
32.4559495536553 30.4172853735769
88.5107782701571 80.9030243918085
84.1594206807314 5.02482834777979
28.6852241091941 20.9404937354807
34.6855568800817 58.8983122036109
17.5170123519184 56.52508342983
19.570909477072 12.6762698602911
29.072297076372 87.200777636438
38.6418268214937 81.3161191685793
49.0501927119096 1.13482345175022
26.9040448376031 48.8231675562746
10.659644374716 17.8542599750745
0.643007630881023 10.562793535813
80.63421743334 34.154584601604
14.4929481287381 80.195049260667
71.7725737109631 7.73383134650786
87.321852987769 80.995040364958
15.9529692441224 31.4011795462972
30.3502757924939 52.1849802232047
8.6528995323658 22.0579012450238
63.9494248461279 62.5268980444099
7.85093556043147 54.8381500491846
76.2190089460883 44.5803154206574
61.5550754277973 45.5958349605444
15.5156696438172 76.7653283273955
52.2928345331822 41.7689392382864
48.4036391425306 82.0486491483341
74.0108638261897 11.5453108687647
7.79882469659238 20.1036280703462
86.8829348022985 46.9317146579436
80.1095028089101 25.3087248716972
85.4466202261611 75.0397335040929
72.9880400761502 40.2731645670607
61.9656216029305 55.0725486811576
89.6935700214043 42.4211899599923
66.0121032825628 48.9019647303441
66.1748868691565 54.1250788438814
34.0093182112124 78.399939859135
26.6679727416804 32.6454847779863
22.1410743960114 34.5761984171229
22.9453612744669 46.5365564931886
83.7940495471112 46.7453803008048
12.9089134485733 68.6436576748326
32.3428248772635 54.5565452674609
42.4870650523426 40.1481502320929
6.93704211979306 28.763895981298
37.0109380456785 89.8233245741869
16.4805052529961 27.9112336565665
87.8275995543456 63.5764093978483
14.6005774600728 88.4506319085171
41.1932623838713 67.0864516904639
81.1788050339108 66.9370635087746
29.9187418488149 65.3934780733309
17.4841289496747 48.4854619813041
49.9403650904127 64.657010422769
49.3858573597453 14.6452642274539
84.3282233756248 17.6929579247761
40.7540373537622 4.94192242712316
50.5562958997175 80.797226327434
25.8666631146104 58.3094697489317
2.7071868184176 71.7688108855323
76.0407232085097 1.76431138866626
31.9038294851577 52.6017459458761
41.7102412270077 3.89079458629475
69.0034657399385 42.5498275313022
27.0593267372803 89.2324352759024
21.8015712430012 11.9054852513836
32.5166013432824 28.2598217636585
32.0386971306405 24.9650627686285
3.8759236560082 5.87423451796916
76.5171000590812 67.2069786030806
48.5532844320768 9.58808332389289
17.0134136907538 2.52836153626326
44.3166538534533 87.7726600101826
63.1703377697459 18.5780165088379
78.7864811173779 43.2173730337544
52.1193870948919 0.62790646959094
19.5982284481075 2.44623489316112
3.21088952824187 22.7202468018844
72.4640830344157 86.3024210729975
70.1081032700314 76.9548918234401
15.5981336154966 79.2749535307544
72.6128728731957 24.9657942448489
5.45535609031436 20.297375057401
59.6788913050727 70.4949467140406
42.1634535228152 36.679978558934
11.1401186927204 30.9198028633939
49.4206934746993 16.0513243157286
81.7011630882983 88.5884756047927
13.320484706834 80.6872621646543
29.7085465987217 50.4849074310965
73.7365272254178 2.16466574743009
83.8707676257722 88.8801271485915
69.9004745080169 32.3548444351159
20.9290364085583 47.1914860990951
29.1241194435113 45.3692297003919
63.6851235688951 1.96316978238286
15.5416924855886 81.6775864496879
81.3421142767935 54.9821051058233
88.7780468886905 47.252212914849
3.54395337151129 38.9852781881738
56.5433077763154 89.1516036150977
62.8868917947436 73.2365708950469
19.1668818583093 25.7598364851579
0.888644038424253 35.282403650603
60.764356311375 49.672169208993
83.7236043350852 44.0984925322898
31.8377630980465 59.4514997910688
9.70544787121806 14.215636111435
17.9051171030813 66.8294979205806
88.7913081241244 44.5394760974126
32.2224553553098 33.959718571742
8.49249980142329 48.029724550073
10.2185507328896 70.8023638839016
59.0502928014888 40.2561634578037
65.5669971658887 64.0948993093718
19.0163410157649 85.4192385035927
11.3962967214722 21.5433809377641
53.0510966683726 74.4932321568812
4.84924264850068 62.1633647406696
23.4104805265754 38.3976914225853
55.1022212716233 7.253992376762
84.7042833454784 84.5821099855629
33.0946393103389 57.9671869567684
53.6919459120621 9.40577754727663
29.2561018046557 70.3643046220155
10.6400862490869 19.3194409919831
33.0053990553069 11.8054055639618
87.160957618938 45.2309314417951
49.2790871802304 76.9752370522922
81.8450703140195 8.10967902530443
40.761424484499 86.6945015993844
71.4135301147169 76.3725914600092
1.01959711967407 76.6315544801876
18.2820054811269 86.6830794069573
76.9762206942898 50.3036311357107
19.0028879123573 15.6111622270344
57.3721004879551 50.2559899174904
43.2400210575694 65.669873241115
86.2844325234589 1.88663961630525
31.1425163985814 53.8257892312364
72.3187437749096 22.4867013655324
32.1731681896433 7.33697285230825
52.5899560719775 34.1634965689543
17.8238280315989 29.8985825915904
32.1310526812794 40.5243874055314
65.7598695870211 11.1884101590115
83.4608618909164 19.4639094845024
10.9139597971024 77.9374795724974
3.67276724036987 15.4315634868557
0.152178076675362 1.64311682699285
17.0306751653388 35.6562664878905
18.3201662548545 89.6213842796724
7.35591082213002 22.0289486383705
29.0407021913316 6.63864987894698
36.2517398106511 59.6522161029305
71.5126228136215 18.1293368154569
70.6756572238367 29.8701032467502
57.6757922050053 36.0651594317017
44.4782796441065 39.6030759420161
55.5899850686486 43.4400416523788
45.210313805703 78.2187343500087
24.8161637269633 33.9210316528665
75.9311610403142 47.7763471522004
78.1058856504189 67.502461719607
80.8621310601855 16.4390152600147
54.1621925244502 88.067775409979
78.6248580770206 49.836112210935
20.0128854296586 60.7698550164403
44.2266197758686 62.218621083279
12.1946942608384 14.2307834364811
74.5071932809828 15.3302855318393
89.2022293863263 8.411568651237
64.1594024569787 74.8521010188722
16.4400809149835 39.0134265757562
60.6265235853609 26.6089016381603
12.6618186777202 23.1915084911444
84.4947184461323 33.1921350142756
85.0512087458826 52.1401207259218
14.8992963592445 29.2582178895915
8.89215321549987 64.0717480400414
80.9242841263903 18.9389174581503
21.5461969333541 61.2834130660076
15.2039391868847 57.2078268197587
80.5911377478027 42.5582359067688
65.9912550650169 16.6405668119462
77.6413831221435 57.8327978391614
85.7406638147097 87.7030208271398
7.36442395666653 61.3996471125265
40.0627664234522 66.5601371989369
84.6019407917866 6.62192614456565
18.5431863619857 82.4952041274412
36.7312783272383 39.898758664505
63.0639924102731 77.4536782473548
85.2846389674036 39.1155570078893
86.4321714315831 65.0411073023115
65.558554186049 18.6626293377566
30.1715316399735 0.656204953988961
4.69106739043799 68.0657481429522
13.2602429337754 41.22477008287
65.0625827085709 8.47961525773179
56.8343778556472 12.6176548784578
88.1793533880906 23.8931703882377
61.9229967022725 70.5080268663394
72.0034536710868 38.6141085445531
21.5145322434005 76.5417672736469
62.3804854092111 39.0782424646235
0.710108461962626 59.0362723101663
34.5328994557277 81.5946894331132
53.4056838053518 43.6298029843567
68.4530994756038 28.19397292772
74.9225035392473 43.2126152369636
52.3266516366946 47.5840375933367
47.3624659854675 55.7426971786849
24.9665417419009 1.80219697079757
88.1691101071158 28.3189814403698
45.647427772158 13.161790212948
85.1949349030427 45.290677670289
12.1541806375534 55.7708403890966
48.4769370814969 80.3999709286394
45.6741015890138 2.27949193780951
83.3809887229756 24.2905010774174
22.86407983451 17.7876506607396
70.8129040555328 13.9989431157683
56.6013250355273 15.7068395914656
68.53579859168 64.0743735502404
17.881004292363 61.3971386231071
76.4989523568308 78.6491099169076
79.1874497395159 64.1609488523383
0.747094342519254 3.55728841684389
35.7757047010563 0.0999546984189692
86.6870202173562 41.673735882894
18.2284743651102 69.7518559098769
69.9734350965132 31.0157675137309
30.7340818592308 17.7178354593237
74.0632386916468 61.7118033053549
19.3273132690997 54.1080345118403
83.7732052385555 29.2975861629425
78.6240523016184 0.489905896212051
34.6894242675294 51.8025567250618
52.6179844917732 36.2564142664851
34.3689820304445 22.7585141390989
16.5234391651355 47.2875755262219
21.5662856537117 4.91556923036939
21.1256918547148 36.7837888319236
40.1709155859787 58.3713263434451
87.8199836809654 88.0491144619915
46.0506541877306 38.6195202005769
8.18603891724774 29.2243639396518
19.3087374442073 44.2680039248649
52.8476875673231 15.687058025229
67.6340936172932 33.4309100943619
27.2015735337744 85.3320202685885
76.4953875993688 41.7569758329289
71.75135475655 0.989368229480192
45.2109934623782 25.9819584071802
3.29041212591992 42.4025256891863
19.5550600839589 38.1856038001546
73.5271186134508 72.0246146737249
36.9226770969823 38.8256706842787
64.983360756744 45.0497618522401
19.4541854487463 73.6376943031169
66.4259508611251 28.6330407650603
61.7302545275802 84.8895164390841
57.4553892614606 61.5637648465827
65.366098105694 14.2713602879472
65.4781884161553 12.5793260393018
71.6108075324127 68.565736050557
73.1779812941944 53.135181710525
3.22367076775567 79.0008622596169
56.3907946929472 55.9383227140557
38.2803429295022 67.2076665292031
69.6332796692063 24.6273631079286
32.2046861877632 81.5859585502096
49.8785273193758 49.521054653172
78.238488221567 48.1485517555269
28.3116293671479 46.3507446386573
22.6079821667714 62.3906805759581
35.154068227367 84.7224559767908
7.04341971291772 38.3239791976067
84.7587203657319 29.8008723169932
65.7692347114942 74.9467400031158
46.4159054434697 27.646220774613
84.0853586295528 10.6604791029811
30.85477685141 88.7782538760052
22.5031048270492 88.2250015659289
21.1920285885661 17.0123091074684
71.4227406254339 9.12817155820029
7.91256481952718 81.4123798845152
62.3547782276884 47.0063577883166
2.13928738219966 3.01492425397711
71.0658276097285 21.3904672295174
57.263715501269 74.920184604508
62.3301849637894 0.788547569308022
14.0856827190229 35.5087946628336
21.8322054217252 15.0066366330055
38.5660480422267 73.1530227929782
13.0575154190768 76.7671514930876
49.9857423220016 89.1906106155977
20.8570860401143 40.0830997878681
86.6159784532899 6.64651811898025
6.25775659826946 21.3371873139231
7.98073056328651 30.7345529567768
47.074076069322 89.5042566373558
73.4358743758779 28.6434457322841
21.346745106491 10.8610212147779
21.1224606188465 24.8311158754801
2.12391266116864 9.4670029930446
1.57105927153854 89.7562337144814
52.4437112641739 17.0349343862089
74.3220767670661 13.46899604479
77.8326071680917 3.03781785323537
66.6769924945269 84.0264615622761
9.65515337835772 39.1877821952158
22.690883987138 77.4789181726042
65.3193072078894 21.936455520276
43.3046291592361 21.456011836318
62.4345153939872 43.8454863552441
6.35698366955932 9.87632129713269
80.6216061682064 65.5383289185603
8.35256634640405 24.9459443546725
32.3364431739659 79.0795298499468
17.9418555192242 9.93466206582745
83.0972056944619 7.04166929079847
73.7582886736964 19.6035163871026
22.7442723127365 7.73472301588811
40.2270953197212 36.7710132704688
55.6019913836277 82.0332280832891
7.24734966474092 49.3443685372107
30.8048821287269 10.3594417542049
68.3743658159575 35.177574437868
5.98135777770803 8.10872196526297
13.7732690416462 28.1001930977268
31.0613522696206 70.5723868084333
0.192133848326002 64.7435805034155
16.17634730543 64.4391061532563
41.7204732045737 15.0989390986781
1.80363525045006 41.4125977995217
78.3057938490313 87.735174566462
16.4745641982612 13.6053350204026
58.047303410895 86.6635526465681
39.0869465257117 44.7368396079795
55.4428007694969 12.238850455031
68.1372912211732 46.5296555768223
4.15326469999723 72.297985247011
5.58656034125018 71.14612325502
24.183465794654 12.2557085706013
72.4662606418778 59.2264636365797
0.0510473710435022 26.0773562494651
89.6429897873047 79.4990149277982
30.5810192954111 27.7147200091535
13.9999428485465 19.5902855944581
60.8508077388394 46.675857764694
10.3179925274874 66.9197978731616
26.8299551487589 43.3763223969503
61.0267105790397 11.0540345458481
69.4312700230813 67.2767253307668
0.428943165155822 75.2579079996443
19.9271627293521 89.0362651202877
79.9772245693047 3.35014147336842
79.3416323586398 51.0408045718593
25.8065037570406 17.4791863520894
65.2719468263081 50.8918956377607
50.1284986797618 43.6557935267329
41.4112102691716 53.8451806070669
27.736450731308 38.5367790838622
50.2417324444338 0.0194680025572325
53.9365269398332 24.5770825132028
80.5886829609496 57.9193457295084
45.0576871568623 32.5269191486353
16.3787554812181 48.9511309800896
23.6487581793585 68.8924861312781
22.549578061336 45.4783659620352
41.8211717068764 35.2481808505218
34.9470232228781 20.0391841406905
41.946485829605 59.292171930631
51.1039679729732 35.9652448718843
63.3299071865944 42.5060537664519
53.6017830748683 72.6810289366163
78.1140790540283 52.265172497556
61.3042403573414 65.0373056454086
80.1954531776408 74.4852937529176
23.7630411960437 53.9555915608936
82.5833289853479 1.54725737413607
61.6840259776635 50.5168393279652
49.2189677344912 29.1197041509768
38.3471818464914 87.0084267399172
36.3464071738457 16.6798646424149
69.075496381175 20.4100926977029
11.8898857390525 4.31612710256637
34.7706096586694 28.8619887466535
64.0272592971006 25.2371018842108
33.9143018485396 63.0604580854074
55.5527646607249 53.8910187627937
77.68158931018 36.0421510248649
83.9720680455943 71.4456685266662
25.7194525080442 78.1796882644554
41.3067460946916 51.5628903207362
80.1715582529255 83.6834383673177
44.1484918706858 29.7979196739173
67.6741178751641 49.9937318879119
19.2419655813659 48.362120784585
46.96322744008 33.8360783069834
86.4934649422584 77.4540153174156
83.0447851498988 72.6079412864718
29.5630786132282 23.2675575148557
20.3580305467135 14.7322546059961
40.9717414789054 62.7626162624559
20.0807548977259 76.985810058703
52.6088704266859 80.7875028874237
40.7486352823096 42.3127302854356
26.9682529466523 79.1893168970604
47.286360065321 81.7355390540513
13.2863803904909 60.9398508930772
56.3135534560904 20.1629797413538
47.8687242349276 33.0696059946693
12.931948256546 48.4227147081047
84.7027662145021 2.78350416904964
5.15548129675697 3.61749730261664
85.4852821504509 1.25510679917461
26.7612645495528 54.3931755247938
58.1918252246043 43.2552916391031
55.1092559874226 40.2172766243972
22.0414970027933 32.2758105181664
48.8625583050235 89.9787750742892
36.7635331257862 36.1465122409633
62.6921673082992 37.2531339043638
14.7522126560845 46.3220930604843
74.444250139067 9.68797821685527
87.9946438712045 73.0539100861525
47.0324468674706 64.6785541188122
16.3335354479309 74.4917110667301
30.5258785614163 48.122517287845
57.3149386331312 23.1534141565705
75.0845329463752 35.6704569588833
23.72695631342 75.7421204036635
28.219843639677 17.2184588316083
67.8237824382409 47.7556760289137
0.439353428986315 57.4944271337321
5.32909619724439 57.9673625030723
56.8775992058434 54.9761895309268
62.2122704750915 57.84794882215
6.7043015111464 24.1544909570684
88.2022822602387 42.033759196034
7.63795390314758 0.341427569437371
82.3235560390957 81.5635061268823
38.4219761600424 56.733319559717
41.7959031743723 76.032274787247
9.61288855318909 33.4919803023521
75.5654285044393 46.3696869045143
58.70184607671 4.76511778295119
30.3024099319739 8.26888128057696
60.8280384061564 70.8202173326217
73.1133537438891 21.7969495521027
24.1064172778936 25.1970244003646
9.49822004049626 73.6369667212387
76.9404268583223 5.56200043524719
1.0699558989602 37.7086868152746
25.3258980005743 46.2224493546839
26.7525466428945 5.64593026606879
31.0067404826508 69.3942608659641
6.51870348074279 80.3429975884389
80.2086039361633 87.0650701902404
35.149760305371 35.5091834520322
54.1187563276285 78.6875873621491
27.1341754352674 27.2895431342665
69.356341279909 47.5657783276431
68.8410421916512 68.6282329807576
63.2934423318421 53.577755009772
49.9657911380013 51.593953324435
83.8117610329501 50.4009538598253
55.6274124892539 17.8641188110154
61.6263564802089 23.2582099289414
19.6738102847791 51.9903695924494
12.9289284802661 9.67386403457475
56.4599430066552 32.1062861106422
59.8076339357166 2.20267460129598
22.0944676756787 59.5012858976079
32.9220240374041 26.3082523692724
89.1006540192923 48.3162782402913
10.3551846768822 50.3763386326055
31.403451680938 27.0034014723662
57.8909518411814 69.0639033432672
79.421269908445 37.5649074931893
11.7610583639245 28.5850748277908
73.0008360883002 77.157028281222
69.7989274394358 5.0294441104613
36.9915058249922 22.3236691883545
84.7139508350706 85.7684780222935
9.45733337960089 87.6733190760012
5.85256598962506 56.2978038782293
27.662551172517 24.1116309958205
61.7723471018927 21.7981628113488
66.9428891947297 21.4871124584181
32.7859519643063 37.3596815889474
65.0231929447343 28.0268930260287
27.0202164068744 75.8843574426706
52.5312260090034 9.23132412792462
52.3031794550396 62.4316856907747
66.4122922475557 59.8399972674153
21.4193222549396 35.5609265789827
78.2918698277041 17.8290861162102
68.1583266980414 44.6101197742269
42.9919975293491 32.4382081990078
42.9907551771388 0.826268691949466
7.13104414790497 67.3088487050192
25.5791519634068 65.6434907214344
47.4502175434868 39.7676295893266
71.7164625690721 36.2806838504589
82.3754649595301 62.7513802124314
69.8636515247943 18.459522206962
77.604929184247 26.3770748554445
77.8540051820528 39.0802428731509
37.4813882588394 72.4069170173286
10.523477482906 34.1869780924684
88.9347266456933 45.8154354123167
27.0860060849599 37.540809364633
45.633986370338 67.7591845978306
31.493626191358 3.00583097888229
55.5961815692726 71.2951186479862
55.6132750742636 77.2474771388686
17.2795694155753 10.8620226335421
65.3353587628495 67.9734668409283
41.413498600472 27.7162525937919
28.1498460467941 58.2545170571088
40.5374167456877 55.9011139454211
57.0625832357134 14.3275592314582
36.3447672263905 29.1661974839729
53.4005504933377 4.41625876004714
75.6623296353359 81.3763903701712
76.1500009345707 54.6612626048108
60.1020877705885 6.49058749960048
17.307373022019 15.8866539150539
40.7170016195144 34.3900296192552
52.3050856192024 28.6475390536044
5.1394567951478 85.2245530308743
51.3127961074105 70.9673387053112
57.1424632405839 52.0275082413269
37.0225689387285 10.5468237779398
10.2831684423915 7.22910030060426
12.23084789427 47.4603418590036
32.7497955111922 6.10914003181236
77.6469551571452 15.0233198736952
49.5817729831075 13.5615006633938
67.8068069443439 10.2000931909209
43.7360529627648 54.9367661012629
14.0475402156182 7.00580157296713
65.774562770367 57.4890144113504
39.7074873148601 39.6932823246261
75.8010710082242 68.0676616874648
36.8937100665114 88.7405282845518
66.2354704986955 41.8943523763856
18.6287723700424 12.2829014694211
53.4305693524961 63.7940672869276
4.51158698340546 89.7564926146998
46.5743523359069 76.3977495768771
35.9824959553161 57.136321206611
64.6773516136291 53.6817519024599
26.7571006007843 36.2799496277258
4.18502121150535 78.7143576479971
53.7349985499251 16.496489627229
8.36628753439914 11.869188637841
47.0850442549643 26.6182630088163
24.7379568467582 83.8996355326707
37.611541628917 63.3886112924822
67.5656821188226 82.676130706917
89.8068110027579 76.7193259185514
55.173120975995 20.732204196045
70.8979232473443 86.6268409066794
75.1674343691916 16.5697895773648
37.504176174754 82.6616558836199
40.9827462867985 26.4125731891589
1.49924470807012 72.0586755830109
41.8947649267299 82.7962937864567
79.0650232062125 60.0243948355543
45.0090729873991 40.5095557957997
14.5531509322683 36.7431384080057
36.454023599314 44.7528055703755
3.20061689603076 8.54236814686196
80.2900368578939 24.1826133863817
59.571931756971 82.1055847864743
30.0459717361502 29.9253297152071
47.3440383789848 18.862126144546
56.8322494923089 85.5401460568043
18.4665784541668 47.5571835638956
58.6826140517416 23.0574902023066
68.3307839102457 60.1343280386723
44.9989825160562 45.119506472554
39.4783833205786 56.8846539292808
38.6119297010759 22.5877405696993
87.4597208464031 9.69629326325709
70.4695029835424 8.76550345843697
61.0832164017915 72.4899697066836
0.267175390472936 29.7620309451374
46.4208803131686 59.1038991833352
37.1339139690194 20.9674683597775
12.7790181345688 26.7516443847156
16.9882012438024 65.1384977723942
49.925164107734 26.9701611562653
51.2356624804612 88.6712543632255
52.2668517775066 13.9087395179547
41.8086620131795 50.6490631144099
15.9132910706696 10.1875063829813
25.4993838225858 69.2045461287847
25.3472190109542 14.3658826790192
59.0867062083936 36.6509417564432
40.7300123776544 20.777054110505
84.6939780037311 62.5917886729649
11.4128791382636 87.6496682191493
6.05902697216383 43.6223542470913
42.7819443216363 52.5040119816022
51.5946362593779 72.7769634507371
21.3578015059459 80.7832489352431
35.2475291876794 78.9894256456474
40.1819525894173 29.6058475182893
15.0163946150231 27.5639181682739
59.8791869947375 60.3817379260182
3.8098021354671 58.584392101277
13.9473743066807 17.3881708262393
36.0068940826099 52.6054797699433
31.4474661178479 34.6467845498812
64.9057008012051 47.9363349543229
6.38020029311928 32.2178883498541
51.8562427951931 57.4165568950185
42.8564564432017 68.4253780149418
61.1620146222547 40.3001089564978
77.9526149515016 51.0106779038728
13.6161370107432 66.597973698377
28.1068989322056 50.3938093351427
87.3824394435036 51.0147567561444
35.3071240295766 41.3752699759338
24.5648252342116 88.542969373548
10.7891369743595 85.8261860662159
30.1478872681191 36.17106314177
35.4708430375918 37.8659756467341
1.12077902009705 53.9366171917854
68.8789101165967 57.6655876816711
27.4964471663271 77.8053142022706
40.6365136881725 79.1250487003599
17.520184991929 19.5542548057548
15.6422884010806 75.2512135987189
19.3406374704439 40.7721918250238
68.6827696019341 76.2164301035181
87.1457636763737 43.3525312835855
26.4409008635056 52.2166736176109
83.4082104268977 23.1417095913393
60.8099619173342 42.0098546190007
45.240717889495 19.7200408206416
82.2273739712277 21.7342328552051
33.7020672966252 28.6733070208114
2.40115046288341 81.8653740297742
41.4462329122235 33.3183010433909
46.7743796937944 36.3026030109117
54.5126341850181 67.8001130348721
21.1671348056712 53.1869359951308
16.8507163802453 50.5027934101783
88.9134643796539 0.575695453646361
76.1345433993529 89.3484986474183
42.357488822071 23.9220810697383
89.3253912344742 5.70177270158418
67.0185041284911 40.9722202812564
58.0395035060456 85.3251028235538
24.5345498976475 16.0232150297046
85.4321954957608 53.969504942071
2.37793548068762 46.3635097707748
51.9693320228753 77.4715650156683
29.5698007536604 68.3803365635649
38.5125316870982 10.5992837240613
76.8000984664428 7.49562037282089
46.2504763785616 20.9087000035858
75.4688566791712 21.1455899007746
36.3177072852425 63.1201526833256
36.424366041208 86.697285470752
42.0135612198449 49.3852745038496
21.1604023995929 0.790240118185395
59.8438181183479 20.5661478655227
76.0013720623774 53.0133549689016
84.1795392661683 53.7637607587001
57.1987954044429 1.16953076112232
29.6751055346208 72.2985101514989
2.29394226880114 88.9657079394768
44.7415409289961 3.16052477311544
41.4040611553062 74.6379012807585
20.8567805889485 48.2860990313188
26.2006047077449 13.0864436536228
1.33425865031551 8.13173251240109
64.1804492135831 0.396681319350094
43.0814127427054 15.936901434939
13.82152761765 15.2073390426956
24.8128772466262 57.9946241813945
6.38672245507028 69.1433903155482
39.9441782878956 62.8055601331656
14.3122751040369 61.9617819045885
76.2928044761194 33.8173010513137
60.2587073383994 10.3639518668818
46.4658143533917 85.930836547133
64.8364116284185 83.6345980069032
20.9843444029813 82.4105659944775
16.3382855354523 84.9411847568972
43.8870036820152 27.0373655584052
77.8211746383407 43.8369091413143
26.498538654257 68.0010194254724
21.3380006110861 29.423879356789
16.8347889870592 81.6669081171472
42.3329922837832 84.6970059274307
39.6738836264017 83.9579495400351
72.7980426567406 55.3805283005827
40.7060327016668 84.7888193574146
33.0794327038408 56.2122483412563
46.4910058722824 84.2843965553575
75.6644978460764 86.8711565896581
32.6533105909813 53.5530120795649
3.68329048044568 2.83870257698432
7.59986682144405 84.7078071042419
29.0047580244375 2.02737145105928
12.5286400798623 54.4029021842902
2.82677714002862 80.593655163361
63.9787187840509 32.6077126596079
36.7120157558783 53.8605110529947
62.0752264007596 41.1753288766369
85.2756150536088 19.8253066090744
84.0040323797313 55.4806750512874
88.9309852484507 63.828498381151
12.3907310316561 44.5994435177847
62.6109329474471 3.60761896609795
79.3065683791477 67.2000029104376
50.7944698113038 46.9836583176154
81.5538414803122 38.3213727474994
25.7395703315339 84.4905289787362
65.3376191029642 26.7868601658554
70.1597030130646 69.6801916442434
66.6805649419298 72.0381070980816
10.7436252649657 56.3632718148084
88.1490871466409 53.8096707546433
13.7347831228213 72.7717067594961
70.6787024419215 61.2830381571977
14.0026843107225 54.9499694979902
68.7760899304733 53.8368357905945
65.1472030973073 89.88848769691
72.0213149292047 45.8955818632691
75.4173703148121 10.7946945659614
84.0796206149652 74.158915157432
13.8557628551973 0.537279589744557
11.9741840601523 61.2143622547461
49.9721099383074 4.18129236208827
48.9417361904 62.0976263495901
6.57724049372622 18.3081580826523
21.3242814929566 33.9618251376
8.39703279258938 73.0393660583643
33.660179037467 8.74748941595271
80.6114885317951 5.5618311153291
2.44422349968726 6.2877752603513
61.4475875370063 17.0610583098546
17.0401952208309 40.1738073744613
57.0392398710679 37.6936150816253
28.2925737162833 60.7239287156415
87.6570711445289 54.9295940719859
71.2945980059348 30.7849242293576
46.3802344964173 5.08988822165591
40.9953015531617 1.41320005483756
86.3897565163001 51.5313914368471
84.1299336831812 64.9947996667665
76.5454430807977 36.5058401986168
3.82797033979113 44.9591622640046
65.6882781615555 46.7915605810158
86.7988404380551 52.5739391146532
58.0113747927459 12.1637698506413
22.4218625170671 48.0304580051476
34.2730453095404 33.04943069143
75.9584262779319 14.5814886923623
84.7362730057368 24.333801229754
33.6235978925736 65.0864544597543
36.620189408787 4.90503102351184
33.1434406012116 48.3476015122662
16.2061926386217 33.2390733816861
69.3272099616803 27.4530233894645
24.1484405061182 17.1619503325782
24.2851640154637 8.50344662557795
25.391274197887 89.9207013685697
37.736337560505 57.6128124827612
15.0450835757399 15.5171367519971
85.3359592166212 72.1348188745299
4.0985012007879 21.5760408493271
25.050977867364 62.4758616392017
29.1006728454249 27.4395599739633
48.2446680669011 24.4705875291351
64.2867329247636 55.7557653094224
28.9041428671361 18.0778833452005
41.9663403072337 25.0220170963305
83.5045542035681 14.8887688843888
88.6856718954973 19.5506209115651
7.52751849622467 5.74526812595487
33.3545866536479 72.9814514668003
19.3228928462905 17.7007191618794
8.5892572717977 16.7725324780689
69.2687757846619 8.46514174876255
10.9969693269679 47.6919310857389
25.1513731308694 75.4879746279738
32.9927120133887 38.8481575014141
40.6402206545831 30.9926965108979
7.7977810692958 68.0951565679562
64.9628816913124 77.8816184872999
79.1578437614941 12.9726584932026
1.77008649497974 25.6935342888833
6.40538534692748 4.13615198829227
87.9161509277884 26.6560062762244
35.9469247360608 61.4047535662159
20.7271633648176 25.8394373273259
57.8664723262652 72.5158576904614
86.1950715356533 30.4404486390509
53.378916602231 88.8099103200882
27.2186778261083 23.0980875636647
74.2585307513763 53.5426431861116
2.08195595207091 50.8941604065876
78.4923990397364 1.77544428423552
46.9854474011767 7.92837064119468
84.6892140978188 12.7431933553664
40.8404277287547 19.7333107960238
19.367771009267 55.1257655329673
54.4400499027016 73.3066430231814
87.3376095404722 83.4699622928579
70.0238980759838 19.7327187551684
52.5540514083545 70.736259180316
69.6777647918882 28.7857737257096
58.0437673367562 57.010849129367
23.5720779871652 70.4011310020026
83.1523041734048 39.559261481979
15.580409147194 54.0434681203443
15.9330572843031 17.7602452780353
89.4080225596703 71.0537648830067
16.1228633078862 45.2763692335374
34.2603393881106 25.0183148437332
9.98734866644416 29.9674693745217
63.2147571962483 39.885732838255
25.7321215155967 86.3390904320034
19.6598474343608 20.2859725173439
36.3218221011411 50.6388621752892
64.8856116564382 22.8642637115858
79.9624508899081 26.8632961795851
13.2590809181729 59.458672644007
60.9920146039784 43.5760925247357
59.5115308370439 89.6455868601357
84.8231357825756 16.2893770405071
47.4797295621576 74.9478561861434
17.7434417691147 85.1106663043794
6.77730296676419 73.3580777727609
1.08099420254529 32.0135548575454
24.6159081222227 81.545958124686
33.6628816153373 40.0751865900053
32.4646817629546 88.8828921431685
17.5454298209428 77.5379709749054
15.3832703205702 12.4160352164647
49.6942549904395 10.8307345027487
85.43936323687 7.33811500985055
75.2772355961011 63.060385296444
39.4042171693875 40.7086143021525
75.6524135265596 31.3505135381799
43.0198111567746 85.5561904108007
22.8966580474016 65.6353116169329
48.878760720539 40.4252622708671
89.4393647501606 32.8151574421015
19.2570483448885 1.38765562116397
5.67311106719767 69.858671847793
68.0370088474389 18.2498256047112
54.7994584673099 56.8507800661065
52.2283890196166 49.3291393374879
29.8323197917797 30.9423034465321
84.9636185094836 47.2728597862091
46.1549696713391 34.8647272070914
20.3724353534581 42.7387039183314
59.4304384676581 67.1789731163356
62.640297857369 55.8199280735725
18.9821683706372 31.9346227200614
71.7352931980879 77.6099192920194
74.394515739569 24.9778286735939
89.9578645024408 7.54957997996819
32.4417571787071 9.74380158477643
26.4501325365105 70.0288718076404
9.52542371459042 42.1107757026545
32.7719220728209 41.589921302597
30.5760535593015 78.8322697322459
17.607093214142 32.2533479488021
48.5373493563762 6.88813240874737
63.7494299903016 8.97236813025742
7.73023478942211 71.129124051289
40.335960982866 12.8264955352871
64.0946378647149 3.69564873381641
44.1635460152836 69.3836589553021
71.4794012540804 6.32785600493634
18.0814214527844 44.7416668844799
38.6804185108687 60.9020814135493
27.9567059569226 59.6251958588985
72.6864268232266 67.7103687993858
20.2039414939648 35.0111085205332
64.599938290413 46.8926833298131
21.518855542641 51.496046805931
37.7701158216244 36.2209628687879
66.8636041967433 25.1992750083654
3.99232803922036 74.0864060640241
40.2149965411214 76.864545864974
9.15847474916834 66.5504088187325
70.7688168001478 75.5027888949185
88.6868675295287 66.7738096172647
5.929353349872 36.9644444534233
14.003588813746 21.7806613990198
24.036327832661 78.0601859168673
89.4202392606133 11.5149521392044
70.1400220342474 49.8114692965929
78.5683056534612 83.5117510691634
55.4728750663552 47.8922783789705
66.4017890552391 44.7571735360562
2.32374993300812 7.93502062161892
38.6779862601958 63.8836559873755
72.535092094897 83.5730972291336
88.7018020791213 69.7929890116706
79.511664552246 85.6172614621418
61.1405353813177 3.86576854502152
79.7375747637769 63.2380998836227
39.1954965053278 50.9505491342224
43.3730666086806 23.5229672899005
77.5744435500859 30.1565914104991
59.9620476136311 54.2882169351221
0.696722536671537 78.9813101456947
82.4696576726998 55.0073713167381
58.2926458834013 67.6686239242625
45.8858305682001 28.9070085558212
52.9279513163833 46.2591198586817
1.64604377503903 30.7849921019336
70.4540244097411 17.5948820771678
37.6036552882377 30.9013863674056
86.2246039271955 45.6152848468341
79.0356031025096 61.9257018373935
31.0778874784227 41.766937474658
20.8475660376837 23.5075736882067
10.7923432598673 76.8362161316985
65.6566927689162 6.21124077837756
62.1424175893707 6.07228447724637
7.28346692589586 59.1114293018518
62.7311632499085 68.0838753433003
8.32261369823431 59.2862478919928
66.0411927074094 61.4077057024115
35.3435789206632 77.4294633741449
83.5262114532788 45.4508908663556
66.8291700825867 5.27548265837225
42.1794532722509 71.398125829261
26.8789709594831 41.200156397737
24.3124670533532 5.52786140142203
1.44191418658668 81.3423246145717
50.6079309321944 63.4543844764649
