2000
79.0803437187518 21.6607139457412
5.48578063603809 27.4396727641079
40.9031405904328 61.3065534491021
41.5343237581788 0.0493297041045793
9.25100665926667 68.9362861362201
49.609824709188 71.3888843069552
31.7053521335119 41.1535524370983
64.6544209933606 56.8540369984208
58.7427254461304 6.88864362068927
74.1348201210535 66.4409017396344
13.7198642329263 7.52133483264444
22.7148750992353 13.8733953780078
29.017846396182 47.9945990098423
8.11738777128038 79.8656636156543
56.1659594064095 78.7384064789781
55.1225167340661 42.7003550005121
49.7042681164172 50.2660050489371
70.3852205765439 4.4049108516959
58.4628143037877 17.4201648231791
64.7637573328819 62.5213340135169
3.49312804506841 36.1780014139265
51.2467154500133 73.9248984170846
70.773724982496 61.8205513595787
87.7399483589769 4.14498023943615
85.2462076969093 46.1939049554658
53.1009520367995 89.1238956127399
43.9744368736472 73.19529503081
73.0391918666885 43.8792360665769
60.0984698655391 48.2874558966339
19.9992537550573 35.4709970747815
30.8044986621999 88.7254501768052
20.7126201696 25.7790144747511
85.8021237012734 82.15670283779
72.3955531726368 16.1021984308546
76.4668962177558 41.9220259216311
79.9105724226951 40.7265983842717
65.658625009777 43.8596444058525
27.3567888765514 39.8989614435062
36.0974111323932 5.74065067077122
24.5578324961443 30.0589815195374
8.01520556849294 74.5527934282592
67.5060139635598 40.8203882267587
12.3584984163983 47.8797424731928
62.2594783882528 82.3326032451683
73.4021673842308 72.9301376720478
64.2664115419344 20.2548886776567
56.645812514412 31.2953048828864
75.2025494031378 63.5653675636749
6.85091120278326 32.0787686323263
49.7822728603716 34.1459017520741
37.8699208507527 16.1231269829945
17.797644434973 26.774707416472
66.0433159672972 5.47216424113017
78.1405308787666 81.4700725365258
9.51900848770695 52.6381713390188
17.1171910919741 73.0545119114986
1.76833073186341 77.4141189081885
89.1848676841608 36.4721501458661
24.4104103843149 5.03908110689032
10.2094720638168 2.43658849788815
19.5171216988924 3.96882202687259
71.2654761434127 25.4060019463915
43.377690388895 37.3620815059895
82.647386211322 9.6747286609785
19.6189988715156 12.9963992833134
5.7145412303743 23.6229744170055
48.5422706606063 20.1952246671662
34.822988307018 64.2726716490905
80.7079144362339 31.0946378824661
40.2903968064661 32.8459638806069
80.7558596582434 17.3441984210292
13.6334372498418 53.2096530268738
89.5320362087238 6.33635179512417
58.3664972352972 89.8652913690722
64.3655229237579 80.0163837728028
67.0204873013491 24.0358124592917
88.072892133139 89.4061260783121
85.8265080222569 72.8373164695572
82.0052375928513 64.5017552972434
37.8382588171631 51.3467461641856
70.5293695940344 80.1576029589832
57.797472091923 73.3268503803936
27.8590216888939 17.0786751035022
74.4678065400696 27.5994232716995
10.5172165135681 13.9055797005556
29.6952338321941 31.6229702273623
33.0910117353248 82.5340457019656
36.3489566461628 56.1945759538462
2.789769331639 7.87070389681467
37.339506159052 28.7269773161228
41.8741903466896 33.9470527301044
4.91433686045031 52.0260638124962
61.8032110916138 37.1105674627164
80.2482935834722 70.4579941193629
24.2874770833213 12.2856036390714
51.5297409793021 70.9995162166208
5.57659056610138 68.6949434399821
42.8987559808764 6.62845791011968
31.546311094286 38.2116462842227
87.0646147878344 45.8605075734868
30.3204664434734 40.8034157544901
24.8723792867149 31.6963765467501
73.3553630243914 26.6840730007759
8.77809390609965 86.7058644935613
35.5698735882266 86.9688274900687
76.2317390685594 79.5392511098235
34.3343554137205 39.0917742482243
24.0309185533991 81.2097894560917
85.1529407736726 8.14671845841161
37.6991714753113 10.4811045674649
12.6579287953802 3.73806457205077
19.8019991079712 2.01401785259485
20.3017390917563 86.6389334187227
64.4525105633467 4.21348875291336
60.0706158723849 77.1992777961601
11.9695975020462 79.259005819212
58.375699771602 8.5841953051218
23.4085747223927 59.0481354003072
76.7531664788423 59.5147773917033
83.4423487810841 63.8365631526832
66.4090695499397 59.0998262964575
66.5667288612924 6.47860719572897
16.2907726418469 57.8620075105739
3.85405104985377 23.2758575794696
72.1011169723173 65.3581250293084
39.2836771388123 51.6005704255395
2.3706961854872 3.45810079685961
38.1162301530099 36.4032322725577
0.776006129005431 1.87504887995374
67.7119691496513 49.3250764290341
26.7762544433744 16.829949714528
19.7650635628221 79.957294135475
9.3099574545008 56.5954908660959
54.0585306008056 3.51650468745056
37.7460727710973 67.3075387546298
57.7443260717143 20.1942459980486
87.0565183445342 55.9785813441141
71.805857638446 51.1965860063615
18.8319656750101 13.6207255102995
42.0335980122698 45.1844514934384
59.3964694694901 2.21808530263246
55.5873421104648 46.7781898734814
61.0157614987599 43.8175492328354
84.3610548523583 48.9797370109763
31.6970957881432 45.9771066781821
15.0348387339593 84.3725361071394
15.1327351380413 57.1219507443418
70.1862543906188 33.5729517437395
8.46788878902469 45.0990732699137
46.618095146411 50.3163611097993
66.6652618819125 74.066814479606
41.5298744244831 68.4171442459223
76.4591787403658 71.0529233770647
14.6485240342902 60.4936169380933
75.826570619528 57.0131193926749
84.7472274828695 82.6972255916232
85.2519690029611 24.725275194121
11.1455250596918 34.6433311231986
16.2692754815845 77.3558327506637
67.5065099585476 16.7811140098638
68.9386453308579 65.7216026183281
82.3995302199468 71.8972630658858
81.5838827545005 0.522698036732478
53.8139819928401 70.6314372396494
87.3757021229021 9.38806740338187
22.5934786501175 23.5039033579794
85.9041395270571 77.3074266429156
51.6431107732956 3.63639391960589
87.225630719342 37.9321225420163
24.8101270730736 56.1114883778664
47.7643831457547 54.9785949004751
67.1458690590217 46.6953394801803
54.4424894153518 30.383914980256
69.451135838559 75.7812337733343
86.3388353265412 84.4218758423099
56.7465429375858 63.1414329641859
3.64457560162929 73.3250623703649
36.7833236176536 37.0523810700185
66.5853628955696 40.3642507169518
39.6391059423897 23.1403218264737
32.9914485672263 25.2586441945227
58.5794369440366 5.84354226874254
41.2713052566391 85.3323608986803
80.9924197844237 59.5729823885102
65.4188796247656 6.25401321625965
33.6352339184585 79.7502179200303
60.5132250773071 82.0924742486451
58.3841343432026 81.072298841682
53.3216345178265 44.3862547890727
71.9490906560219 67.1136733240134
11.925088559521 30.0385075738473
74.6353197982866 58.3632395975182
86.2701430753113 19.8173998494293
88.1309680988485 64.6572264472211
26.39217644274 4.20036282369239
75.9423578758792 60.7212475580179
75.7917016228798 26.8479979687474
85.7773964769183 25.9079422922772
16.9499266401681 42.0378430823831
10.2134737882848 50.3983731777348
79.6935859126616 78.9472712747779
22.8596761137831 12.7801692452351
89.9699170887503 13.2941046122244
79.785909058554 31.9395088149712
35.6723951944167 16.4689404408127
69.8882598244183 19.0381533658399
6.76296059428989 39.476701233688
67.5587508644732 80.2328857479326
27.758089553823 9.12811899220905
81.494150973517 74.7221305733993
41.7910507519916 1.93802667359428
3.26288403065679 15.3245219300202
35.6652151905849 9.72626163815619
57.7113111089609 36.5436123493098
1.69180770897039 27.728389522665
7.1484796451276 24.5227200835595
20.4384286710591 75.2119480567695
11.8374627668026 55.991696772595
47.7008210270509 49.1024094122304
12.585281060591 81.2417618362182
88.0394685714204 72.1068215865456
35.0096921995211 54.6683338635631
42.2200295444063 35.1060011160828
82.1234905081 50.4033169430551
77.2336495770815 65.3566474582355
76.6511176343886 1.7715749650332
35.0746663323912 42.0795092007262
10.828418838425 83.9195193808118
57.990103940419 4.50918454139085
35.19203172521 5.18573157866165
35.3061151525108 73.0988470249312
57.1219457361768 59.7848950782953
37.1419948600407 81.6331375987987
86.949248409432 89.1924682117374
69.0344323858068 32.751952880941
77.0377007007893 37.0052614179273
16.503710788568 7.6975290267707
18.3416023221693 57.3222864644406
73.6203024490598 83.5237113664076
15.2072472263027 43.2881834473114
45.4267045539784 44.5125026809983
6.57620717184951 86.471720934098
70.9186088878721 74.9980382237362
55.002045866034 50.4740707310587
23.5060607066551 75.4774339920807
22.0254356276987 52.4917970975866
46.3048345255359 3.97313694761777
13.2648509672911 83.5700364249033
84.1277935335505 37.6903624840075
71.1511270667239 63.700693066419
56.0637071715945 22.5800760865309
0.425523986288106 48.6334057791399
27.4863313058713 68.3731534338757
57.4751076528488 55.8145627340405
58.2002105190017 45.8014767889952
21.220074418416 81.9490269034129
21.2035954516891 29.2796860361243
10.8001853458597 51.6439934598687
40.7662829837864 29.4062407703569
4.71806750402674 67.9543022498897
67.7455364698854 83.7797560595659
1.65336056281628 51.5695870596084
67.392230366128 64.2478895008875
44.912365994886 86.1881248968496
68.7530713395853 26.2886684963714
64.736501391451 48.1746693397182
84.2407818022322 36.2477112401758
72.194869965152 11.6161422921339
22.3568178775347 11.9046715742061
37.0487981861303 83.6002521215796
64.0050061863667 16.2260323040615
11.048615930273 7.66876931406784
5.85870277268054 11.4012432601974
20.2206577690125 54.1889837521656
30.7289702057815 67.1362561352338
87.0229346324439 72.444989085138
68.8913341900205 55.3048533906814
9.80212682023474 74.4677010743001
38.3534956439411 73.0531065044579
25.3470830369055 81.7936998083145
52.5921501728382 86.5496840835959
24.5738971936462 84.0240713139204
55.6585188811668 11.1509989622329
51.2697553619391 49.3909728754731
62.2080467160242 58.797393980254
62.0988105997572 62.8584200394386
38.8705441854672 18.0589131399584
49.4989105064947 67.4464468776678
13.4381321083086 54.952929579839
83.7308916588709 83.1667254207412
75.51151005027 45.1374662053807
25.5094058924254 87.2600631970376
14.6518902950772 12.7953425361295
3.608704183962 53.477649328294
29.9526085409049 72.4312697945449
85.7533459274904 62.9338745229364
25.0321252654332 16.205935793027
6.24688719540178 42.3933791809149
13.7182226728487 37.8899155234168
56.2007463058569 35.87557864291
67.7529000342095 30.6973804042648
7.13532988975278 16.214425656611
70.7856115462633 85.1135826282006
61.7185545794704 87.4653967585047
37.9795114841157 56.5746631972525
19.928859704101 84.2788881050753
51.0685120602119 32.399707544912
23.8550848512444 36.0106581819836
66.6456808084094 57.0939600120109
43.8938417161713 21.2668381388317
59.0321041264164 35.9299885866656
21.6801211711804 0.230115445879804
67.6768667243373 47.7794077377204
3.6451921822891 45.4192286335757
69.866449174237 30.3498842873555
27.7375028725756 19.505166835565
53.8265778673192 45.3729823890273
87.0561169928093 60.7964252360929
5.15761280386283 0.490111462296525
40.427252254202 78.025696233385
61.8313626400521 76.097127402094
63.5070339064515 4.83691284026804
52.2622397683723 76.7236142504854
80.9619799881695 81.7709947940286
58.9371714590797 70.4486107186556
17.0376620946306 56.4231233930869
23.7207646611584 78.8778936740045
15.3658686777651 41.0868283589802
35.9572192328141 47.9128090746868
81.7938330617756 55.809522133963
81.5622083095429 13.4640188246474
0.16338309652685 10.5864623004125
45.8434233386143 39.5136922394908
4.66892680494116 32.0971018731686
86.1065431374207 55.0788788823707
21.7741092945726 80.9055710744953
73.4144871268603 79.616959682985
30.1295024518539 30.5120650318171
66.5237650749136 11.0261438573674
28.5394936072063 75.5426749530107
13.3270107313465 41.7291205523546
48.5305196887729 14.4859101089407
77.2387663816589 31.1399465976835
71.1009813927069 81.5084066854805
82.1511078549497 7.66191318081439
34.6308117779399 28.4669794347665
24.8519183323511 73.36379018963
8.46789449440646 85.7521387197573
44.2774489123313 14.3095719183146
3.70408892000444 27.9363716640795
29.3653239441158 82.4599300109335
38.2320059693672 31.7640538359558
8.04058113209532 72.626556135721
64.811907600754 30.4931446655316
88.5593787399906 58.0765585802595
1.26418174256944 22.5140903006664
69.9648202582413 1.73013171758562
12.6756185753532 76.0704167349995
59.1611810385825 74.0997804076797
40.4438604292625 16.4128535258686
58.5721038362164 46.7448720015793
12.2864904213801 42.2390185075695
62.9990696968892 87.4482336026469
52.1121958745264 40.067669532341
16.0862845175574 71.734060937914
85.7242825199506 64.3169810218458
77.3533847656717 51.1430826149603
45.4183072885565 53.7339716156956
48.5707378265933 75.3476872920409
26.9729096629768 53.8814950310557
52.3832894034271 33.8198128304273
30.149147084749 61.4469587592254
25.730968727949 46.5646172685585
78.5821008251139 41.252813926188
24.7088029878887 53.6970509366421
33.6850434452931 73.0360844562242
87.5911677169389 30.4456712377392
87.7688995154373 12.5784191238048
24.4946019984841 6.93366039506721
34.7278879115708 40.6023532116613
46.1366470808178 75.3597743589844
13.3996966849078 16.8929368010269
3.84570343353079 29.7559617837125
24.23409400547 13.4711465728758
76.8881033120758 34.3609184660309
80.8404167546057 67.6183932425665
43.2359568547206 81.3375889007334
26.3877919486334 56.57628999721
59.9779215553788 0.238720859142418
46.2597700257523 41.8607569560852
40.5783497189341 53.3472655711079
80.1681157180545 7.68207401352328
14.2719828973848 42.6252425925464
69.8734457278077 86.3863353169209
17.9051127855865 11.6119037349474
30.1522302387633 33.6797008833128
66.0313229041857 31.4432836288191
75.6538407142684 22.2997680239418
65.0805893181925 59.9593899545498
85.9094336436064 17.4236303396404
12.7832438335217 69.8335350269205
48.2555124179919 35.2650745541776
89.4309163228377 59.6198154089876
86.8988908911269 63.6320979821094
66.017746049351 61.2931599442727
0.64782214476427 25.5359220925183
4.84700973326749 59.1035858332987
56.790042300314 64.7829679599566
48.3953673659101 59.3408388427101
13.1169751579597 19.6306412256865
24.7850033839496 18.8095784760268
12.2870582645171 52.3781880959838
46.7847406709401 69.5171645507929
50.5203289039511 88.3660695669701
34.0891527861633 35.0405495584659
5.5947482211916 7.15288472382142
2.40739859428576 34.8362777915116
8.88680823679191 49.5123043902661
19.816863325478 38.248593802967
62.1747377429724 23.7233245944935
44.8398796271861 29.3436561553427
80.4514427378239 28.2564299599777
48.2773630988828 44.4503203751562
9.43193827358474 79.5141095017084
61.3937979514379 65.2187124914852
23.2482331744031 72.5858211462345
32.5090861837893 13.7201229230666
14.5545091175113 17.146675268819
79.2721955699612 6.20591823772358
38.6243080981103 24.4572419832213
44.9627106694944 79.1711175651149
25.8827789885961 12.3976640356897
65.1626220109316 15.4294245716923
49.8207985693658 64.7686031332263
22.6050484901667 38.6800249874203
0.40600876978548 19.6002440533118
35.8201197198743 32.0675807475119
9.15224245699928 78.3249043824588
1.91007391245396 86.8948730180901
81.0575540518145 63.5369905905254
35.4304802438599 12.0929549727821
51.3068138409107 45.9697232293544
89.2530868996994 71.5722578422395
64.8196756038312 51.7132102817275
88.177249341019 59.1456385923197
4.94798612253167 22.2853673611368
36.1127768293589 68.3482095850582
26.2216654146731 64.7046508022287
61.6733593178732 38.7886659740892
5.26707055410629 15.8500547623375
81.5274340041762 4.86056979751815
16.2923671118378 25.4815909730954
38.8941584333478 9.44122063486084
4.05926667824698 65.4772975363729
74.0378150581246 15.2268526004227
77.98075935917 36.1704322726537
51.3189579870871 44.9604883116296
59.1416523103218 87.3840654699515
21.6647368662016 88.3614037795395
22.3280843425811 8.85383099213627
4.07274959202763 30.9775608582154
72.9206000554501 58.160261689651
63.6695703989087 75.1494277062172
59.8032265144215 17.724300575482
52.1365264384478 41.591015504709
55.6935491441004 65.2086814080231
67.5677270824361 33.7039313978011
30.7131534584853 23.7827655391514
53.556313009673 67.6817309546413
47.5245989298586 10.3450395213733
88.99493373857 67.8228341429941
74.2224741454423 89.3453092109472
78.68854265832 38.2933806999952
47.4800170148746 17.5874239492509
87.9069652509146 56.869138822124
12.3915822361313 63.6559656109229
23.2769041177422 74.0922588884592
45.987201996571 25.2078510564323
61.9867722356689 27.3535562515924
12.1561821781238 38.9395636683632
87.6822985379192 35.341899184726
11.2116396645156 22.7864703603505
33.8053084670738 61.8115347807812
69.7005777353322 25.7918538906835
54.8870287515243 69.3018162764869
25.204688014936 24.5735064664007
54.0725873015286 1.6392059168173
62.7262004873108 36.0207161130975
3.28626045260823 38.7533274357236
25.8099837653004 71.3804011693939
3.18070599907077 64.7950633877737
28.6382265491565 60.2590709016311
2.31851897366116 20.6076870633788
64.7008091459399 17.0292233327036
75.2552996030106 4.96067007678946
80.1831234917017 88.2039110017327
72.3104811691394 31.888525646545
42.421542806356 13.1689271120101
49.311928996038 77.0254866139392
3.34434796443279 88.1873900600064
24.0624311837244 77.0354836124239
75.6854740545196 87.308729200013
3.69911762790199 25.2296627866872
14.6278584828486 6.5016033811802
22.9011497638762 14.964854690917
53.3376542463494 29.8681124177829
76.5506500127649 55.7610015390995
34.0825513027202 74.3133275679367
48.0717969243624 5.33391868500232
73.4244071926525 5.41691405865627
38.0464820698417 80.9205312097047
5.3035710337959 84.1479139698932
46.8378914064445 38.3771270278964
58.9109576803358 68.1212466860561
65.1580635634683 0.63064772244509
86.9278325185006 7.0614985738051
28.5280326895002 86.7833681998595
63.0907893017462 1.22317475124078
26.8995134409558 7.75038428060967
5.39988594732986 34.6808570218348
4.77916940716771 4.79958579584178
73.5484278121559 19.9219035969185
0.0376795215281689 64.9713115982676
71.7864231058388 8.83370638900224
49.6806311205353 40.2180593417614
20.7187689816585 81.0391725186239
40.2888906984125 62.9849950794353
30.679425352329 17.7492020600402
27.3318579375294 87.8979498839519
85.1276247129657 69.8635249235941
81.3596126671858 57.4273051075248
78.4812360484972 80.2522625079134
78.8981968657771 5.12088924074533
84.992519355825 40.890900221946
46.0033849663832 64.1143428864997
24.6827087880862 42.8852867253732
3.2802320661526 83.5001882114355
32.7622094132361 33.3815658360397
54.7504043004988 53.9799559976875
25.5777631968465 10.2621131297004
70.779991749082 9.15631771689107
44.9330621944996 10.8923569356043
20.9316349168212 13.3696325118895
12.8925391974624 80.1708283362233
34.17206420476 58.5772902239827
85.9482763414358 81.0681725357802
56.4765109775077 75.2526022700702
14.0372185871018 75.6986801951407
24.1831019711828 28.386902879605
20.4514896379284 39.8849276651064
42.1527489933034 43.5643645709071
40.581160900243 79.943365111182
60.103896268906 7.80044440507396
73.8401476379492 87.983426935486
26.6687415103131 79.8547521284813
25.5070786544365 84.9784752906358
46.5414069564315 78.416608426682
45.8003347722213 37.9933904711604
37.8175552016583 65.6569071852777
45.3035977186753 20.8191287787236
51.1657189574315 85.8614331155751
85.7000386576096 44.8107350560485
8.40761894685681 5.74312876520743
7.66420808333937 11.2968865921052
71.1770065087168 6.97757297777393
38.4252589184243 53.9163699130953
77.6914490594645 86.8976437882672
20.8984004310492 47.8963450415682
18.6221539749995 47.1916258315159
48.6895409155291 37.9068424951738
34.0191935852145 85.0064249789865
72.4720579820684 85.1072424729102
25.2529117166297 49.3008040758392
83.1280163979979 26.3175717676019
48.8335235293729 61.6965064839217
6.6534032954198 15.0614153647635
56.5389265121614 44.4726357272607
8.61875933230682 57.8634313153434
14.3121683762206 20.3273793947229
72.3438148807179 56.5375716594798
34.285273544486 12.2767715006351
19.4770475666936 71.0168618968403
85.6868057222496 21.1693246893309
59.2554017929254 81.8443198557745
0.577120550139973 60.3056109804753
8.66433175246183 3.33719228702442
29.8742851478409 41.8680961984114
60.6569721928203 58.1035379068479
18.9379258900762 25.5382933374212
27.2356036666812 46.8595377931893
30.2981593122272 59.7670841580501
20.4966785054608 52.832147076969
34.585582637718 13.5234566482026
40.1422754114447 89.3292212066245
45.4765384889647 66.9972633222537
22.5763608961934 43.0333010496538
78.356551796999 78.7622134575906
3.3903730334956 2.37936368903632
32.6495900629184 55.9261388341168
51.0574794702676 16.9976322314595
2.75372809531913 47.0151708979929
34.2252891333857 59.8648212169417
5.45384499506799 28.8506823273839
10.5946762667097 26.8051126354149
76.3493681366223 18.59323471682
61.6029212057174 48.684974981638
73.5504654063664 2.16093623826907
68.7181023685077 50.4926985819109
22.925155996398 61.4126134148144
26.4100483428311 57.8101013143054
42.2464117213102 70.858987532815
15.8305737002182 41.9880695396001
22.8862648212447 26.70339847984
46.528491015455 47.6944166428488
36.7973098225697 80.1762374123895
39.9818771380952 58.3706638664835
64.8858080961654 81.7112127595877
14.5478064252374 35.4763850456977
39.7627206189582 15.5448433473991
67.2229570801319 12.1403325889796
71.5452759169826 41.969885971741
44.8949602442238 35.6369759110918
40.6238724898495 88.014970444643
39.2676011994 33.9438282176969
54.3804337596395 34.0922082086693
59.9562929307006 37.1228323140181
64.8680276269494 8.83042945617603
63.3252687272217 65.099086937095
13.279767847687 59.4929972796969
71.8991987030708 77.2202037823757
53.7623111312334 79.9103772893491
72.1571751511503 88.394181639464
36.1854198982541 60.7778535490407
29.5707751429547 10.8156377586986
6.66242160633448 58.2687928313528
12.1402524535565 54.5515303477168
42.9877909303881 3.81911080349454
18.491460807006 73.6282823346483
31.9057883617028 36.4725070746259
38.794691886074 26.9750225020041
36.9458206279268 57.8908631835316
84.9411374463638 0.752984694288799
87.4636741024405 40.8387754922059
33.9057275417505 81.2194905941811
9.96085434980021 21.4437474553122
76.8276977117455 15.9823018582286
67.7256636216544 45.0775310451564
19.204064483351 63.5669251942031
50.9586543529595 89.4881113493507
47.6751963387667 36.1126050666291
67.6198000959008 34.8858752355667
9.51330605228453 31.368925899328
1.04810016102586 45.6594003054706
10.2819341924061 62.4372858187814
18.8408660035681 3.04040548602565
38.8563998671727 71.2909578517385
32.4818632664718 19.2188736573888
74.0198421309057 22.2970431357035
69.9686022585517 36.1700778462154
42.732128383497 38.7844608081336
17.1279266090471 34.5513541759868
89.0936885310057 30.4336922474908
60.0278595049693 50.9766100400608
74.5118019021718 25.8005907022585
59.2917202399848 34.8606842810987
78.7769891748013 63.1633827554972
42.5561381083248 49.990772688875
66.5718767520128 86.3692831323446
62.2369538619536 45.9228622623199
8.02178236411432 64.2277546994665
71.6930495086499 27.3305555321443
71.2506716576608 59.6320802536213
45.8936269016867 68.6774808347643
20.1903184447621 58.310086280372
52.8638822722953 35.5265027017082
50.6137966456882 75.6053151149635
58.3125311817967 26.0704354586722
26.0396373725547 22.4880382541655
50.6039262122346 84.4533028416174
64.686181602524 65.2559675337594
44.6155159379875 83.7366610934602
1.99072579375606 54.6526859643921
38.1210699260984 29.8107023454318
48.3499093496213 26.3615589288197
66.7984737477604 2.02584545237379
72.2964329824333 63.8867147558511
61.5723710308641 45.1131756678908
26.6091941928387 1.22344746129627
84.083131263184 61.6835952669634
21.5986609795712 55.745980382828
83.2554349895848 30.4218605488664
66.0396521980061 84.8217315940908
78.5625735182083 73.8717360964506
33.9826305587316 65.3240650032902
75.8257832690187 9.57286604343508
85.5275990843299 13.0745308571846
23.7605754891897 32.5431454513208
79.9593535382069 81.3203799608065
85.6693354029528 68.7007093543374
29.3600688037987 34.2927317314644
50.332250370911 8.90753232691942
60.8446803052012 36.2298150303191
40.178246010403 35.9000687017453
77.1726022861081 79.069798846482
38.4688045660976 6.00283147795288
2.06947275222557 36.2173410984943
77.7501290427383 56.9963755025675
84.4928849322795 77.5646870884355
6.3668146281422 45.9556853447447
57.6235556072213 61.991995337858
77.2017916443883 83.5040834950492
74.8122295998894 17.7556223735786
87.6494254683606 14.9644686727977
53.5510626745227 41.3343160798808
89.1022904634181 79.7140573651765
57.1523706061678 53.2968374254666
23.1090433027656 3.02709925936242
42.0451758356495 29.2714805380276
74.7014819536793 49.5329548530299
37.1775736521899 47.1590844165088
45.961868299216 70.5403723188402
78.961372813852 35.693432473395
4.58346067006726 43.0944209690035
60.6008568238223 60.5539307601574
84.039600298795 87.2011644341461
22.1837042810644 60.1811435920281
41.0968254386617 19.5773018796316
22.4178522035401 57.7696376512925
7.24661728201621 9.31042785571798
78.0890881590819 47.3915323088761
77.2945683871764 58.6390566495199
51.163174009574 10.1589723037289
43.9891193868172 82.0387550979072
54.0239477358856 87.3863330421813
51.0837871333728 34.4771351817027
60.0533703947974 26.8299908019907
26.1886477198261 41.5766187048505
35.1028752508787 1.34414040539916
83.0972227654414 70.1497825385533
8.06643009985901 31.141706846147
44.2395220697432 52.5749239810855
56.6490454761714 1.42648837657589
54.0783687300121 35.3529948544364
52.8085916256659 23.2562598477524
49.8626168482675 79.2514515375984
6.02093847132476 74.6227225651416
15.7954473272776 13.3385978035886
44.9948206027097 49.978228597432
76.1101008413125 6.87684437596047
32.0051663823577 8.74663962790798
24.3243893309605 9.87017327404686
29.2329563549843 0.783744303827305
36.5015531755568 62.9298843181867
81.0029097252226 18.9116784523812
15.9918292402182 39.1734299954749
55.2243939782262 55.5269250397479
63.7045575251979 2.86486280253044
31.192364158347 6.79482639864254
54.4668275903721 65.0360154166438
75.2043028776113 83.9345840850428
47.7115698947835 46.1947126187947
6.33535894904522 29.8813774714196
49.4524823596214 14.9919160038502
46.9287272017876 40.1782977891305
1.54007506453492 7.21570363308494
11.7846405192794 0.0139690974717155
50.5565136016501 44.1113152195545
53.5657203640175 73.5908415699178
6.64782310934978 89.4668798155774
13.5701012374506 66.2795196812431
7.45455627154922 60.9832244276735
42.6340372142899 22.1220953136311
35.9254109386549 66.9237007932843
43.4015699716273 1.53558665236979
54.1891385451219 0.250938061418182
27.7777089581264 23.5474435069005
77.4828805279021 33.4421484299546
29.3583468204811 80.3943473025511
43.7540359420202 69.0047004894165
3.75278989337499 62.1390007856133
17.6270093340837 2.98306217039439
45.3794543339615 26.7283900766563
18.9847812476138 53.8450735156508
80.9372924838432 42.2336705525665
69.4326619155047 10.9955339007334
43.1086919460669 47.6291172779651
65.4154897506799 86.8909677391802
2.4205936709075 84.0309417568614
34.2821809792651 67.375529447779
82.750520860014 66.9568444410818
17.3934848991999 75.1151314479147
81.9947623082774 30.4690675045114
42.9700845155827 65.7863300573515
35.7470709181065 4.2398818698738
40.6615592702243 34.1069528173835
71.9770677912524 53.8258088772844
28.9405562296092 64.1326654113065
54.2642995068036 77.3636938386318
15.3051138876249 25.2036119843329
46.3025751200003 30.4828123337388
5.167615407893 50.0308228366486
34.5437421965167 78.7877433391472
53.8533469531817 43.342493476763
39.777866863327 72.0073688361752
42.1475859619506 64.0817790077369
60.5145647039241 18.5246909573235
71.1194399770383 21.8691717016116
10.511676989872 16.1631789052117
88.1951976469888 49.646598791307
48.6543269258862 82.5255026369818
43.6268924767819 59.3449771578113
60.7709618142838 20.8413252786698
41.036664978454 75.8362743269761
57.9564473750079 21.4911804552752
46.5901101858752 29.2853899464149
50.7300786122322 59.291933156811
32.176888326606 43.4080614707911
69.2282822850933 47.5820194215157
50.3469129703297 4.42563947779981
0.556316160497907 34.4290814180413
16.4820122108685 5.87096977781158
87.129854079324 62.3861796158082
21.3081693824033 24.4611468008604
53.3270434247163 11.9070774701193
61.3347766603534 31.4641873457737
20.1702566545209 14.9748469925098
63.4779607131632 39.5110416695832
49.124547155012 9.7637183134178
51.7400720486564 75.5272509027247
77.3559630621095 48.0914911959523
41.1876150868899 36.309482571353
72.6523850632506 60.7494456822081
17.8871626095881 28.519170896931
48.6186266241013 43.2120727861497
47.175286946039 81.2785065939015
2.47682701151231 44.3130458090828
5.64290170946041 87.1193028518627
65.7420358364182 63.25429957644
7.06779804325453 85.4236842678831
30.8180280735192 55.1943788059634
80.8671408236708 51.3685818036058
70.4739029070764 27.9173425407317
36.6050961826346 27.6743061938148
76.6778104516488 14.2618624913871
77.7917578387281 18.0612252733116
69.8445817041501 43.2018274625388
16.3027940511242 87.7363029487495
79.0512680840634 56.6673575016505
54.4054460120821 6.18173865318418
10.0441696024018 80.613874452759
63.2042593702836 66.8490125151807
6.61194342308388 17.700093046061
19.0494031338163 5.37576061585362
39.541824933384 8.11175659463956
81.9275891284468 15.2392308376547
10.4478140463818 32.1990131593191
44.4488467094858 61.145689100321
73.3476602760949 18.4914722608075
70.1307563035297 50.0431353375068
50.6619718642239 72.1628480795599
33.1699625841172 68.9993520392972
6.13744820054468 82.2985297925202
48.7576897682629 51.6430088226112
86.9256138352296 31.5603554489684
42.105103200957 47.5008853146799
89.8962186627196 42.0961668211861
30.2119675902921 22.7339755861519
22.5535524509342 67.3263823628761
67.631140589689 56.1265899116883
72.0816197256246 83.3565127149159
72.793796095194 14.0062425715499
37.8070839527554 0.680659006072091
18.3484874114731 72.5777567487884
22.0968071381572 51.1130830864619
56.7738593809709 38.4491998297708
33.2039645833807 23.4153584218321
78.6119760896238 75.3659067069054
52.2046190814618 52.6442640507875
70.6264063802074 19.9258772919869
59.3816652910521 45.3334737638456
68.007690830732 43.9498912018113
86.275522625531 11.7234656386951
83.9480607314621 22.2975824016788
16.7158194217374 33.0314085682762
18.7127735853687 85.6470442439078
75.1820123544656 14.5564743574568
83.5169199784976 81.5944427440338
71.9711400220208 52.2080376175608
53.3787873508214 16.9363347379637
3.90526401069739 10.2526689002002
51.3622519654031 78.3824158900214
89.2248627492599 70.1009818066076
70.9762312489007 11.8050340357245
67.7084566072094 89.148989001981
82.6397547775018 79.1485193956857
55.0260886579149 67.6477971448996
35.3506666684995 88.1102707704607
28.0201458194097 66.7447843011979
5.59529574137695 36.0191025294794
27.2816931468176 30.0833947008015
82.5077744578162 49.3419953232263
11.8985285328905 50.5169863194025
70.1369324029612 13.7916652847527
70.4629619358101 48.6801618730549
33.0867588538237 74.1147932663026
88.1378943446513 47.0807642563359
13.6679594969655 57.4324122107688
34.8681912259651 52.2927542999148
35.7182453672604 29.3006777321147
18.2534424272515 77.6390809664687
73.6924088486419 50.7870954038368
19.6458822003746 7.14592032555629
87.4392057190142 13.740771005428
47.3661892965733 27.5292973102854
4.81059745725904 48.1512743951274
24.238654820122 46.705170889066
14.8645720452469 8.22391771228624
56.6119225870727 49.6803221365152
67.8385980695316 67.2218579037241
62.6738714055269 76.774239381768
12.0379151505906 73.1412680093569
13.4798968406077 76.9943249492243
88.9675193158483 52.955737010251
7.39943104386487 21.5197722317883
46.5159039703668 45.1980361846714
73.5795610992934 23.7130858514708
50.4074831855118 60.4724226391266
33.792212360215 5.68021698683566
0.772420998536454 71.5698814774482
4.93415684578327 57.8329583025634
34.8314283928092 36.5495577681698
13.2415233757015 23.0231077472853
58.5377356110579 11.5732659381294
75.8215776692098 64.478499126044
25.568993865529 13.6769231669346
64.0176775294698 55.0702361468374
3.98575224638851 79.6531283303901
9.25637243236036 71.9340086068184
35.5772202617259 13.3635820907641
74.2473603084773 69.1343580782387
4.81136805327612 2.68068731547331
61.180099680794 63.7036419720891
75.6486309939224 74.3408825525706
74.8656583444534 38.3417892880734
50.1598254699298 37.7701660667928
33.3130995535796 50.9640696890939
79.7952105546809 53.0642281015451
60.2305972943802 71.3171685811167
5.34962259205866 30.9715537213078
31.6193214691793 76.0914405437958
57.9285637879468 32.8853746750377
54.1067013110333 83.5218229159204
27.6208320052391 69.7016720018289
10.3635970607591 11.5442596159961
79.5555194389345 49.7592491773005
37.692780945485 44.9328136806389
7.77301523159519 0.050177336598054
51.1308995624917 28.0062408471407
77.0142143433096 89.7958075450497
47.8524944316004 71.5826434364865
85.8786705262518 89.1393880808739
9.40969388059603 17.6117828762442
31.5628371660079 18.8065583489523
38.286241077783 89.3967790113817
31.2713563048119 10.1037553599654
32.4007097044337 79.9059707494571
36.0878722362268 45.430886374328
62.8238685004918 74.1440981725712
88.8430042291481 65.5936373942643
63.3294960476072 42.447896801122
79.0225050881756 58.9920593118964
29.9165287020719 12.9147972719803
60.5171075664328 72.3561748775836
49.9200191337179 51.4986195978938
29.0262370835679 44.2265229029893
11.2512959707486 4.1560984458998
23.7889605200793 49.105360072156
20.8737654508545 49.2907410164506
77.5319812643197 54.464081896386
36.1659003506963 84.6041036808887
17.5134891655671 1.19532051723411
73.3160902955861 63.2996524776895
74.4325905095255 1.09021875770502
57.6881633186882 78.9258426091386
27.6936307792254 81.0417955697538
12.4987456426032 61.2622100060425
15.4385534999466 18.6179498089029
73.0163795742079 80.853828396279
33.7822345829456 10.527828816803
40.3116607237561 44.212343042829
20.3760592169144 31.5990119287417
22.9096997906952 49.6942942951868
70.33842496177 54.1444647690512
43.1335776992537 43.1363068270252
17.6706982234399 80.3391197268544
58.9942111287699 1.14508772412371
20.3156084554938 50.6695231408695
42.2292012094107 36.9516263304104
68.1846020744741 6.74383995105508
4.35372633168949 84.463454254731
40.9682028480674 6.18593667263241
67.0728591845754 27.5396703167309
68.4944669824581 58.8099118225828
4.60382521238468 60.9419396741747
69.9265486494542 73.4151367315334
69.0330351739713 60.5678757250906
37.7183387967028 17.7142041263883
23.0047301271822 63.413808812403
65.7489278192771 18.8409446949814
59.4680127018525 52.1465679211475
43.0491978227687 75.0372175207979
40.6778681669304 17.5430053471559
63.9531913956846 27.6984542217933
51.941024123123 15.1258102613766
37.3836225479761 76.612329628353
6.45309581034621 55.074826098373
85.9601319184647 66.7323873752532
53.0938451536036 72.1909479398462
50.3702325738522 66.6264512973453
13.2413286841951 35.3948532959365
83.3503218242585 19.7067916324285
3.62146839811292 26.8691059316987
3.47743432551891 5.63693190850763
9.69142990303727 63.4253259594918
70.9012524319542 86.6876863905992
25.9872789665355 5.46855202475264
9.2536181286933 59.6108309503002
64.3492855003367 38.5914786819932
28.7529983219416 13.4203121173003
31.366676285814 62.441410571995
14.8017596571414 67.3460899632111
8.0052199163676 55.6638291749142
67.7639758894619 86.6870479433208
3.64730944597955 85.940902282387
20.6738570333618 0.0129523133178822
55.8132780948484 84.4023164707545
52.3012397895407 13.2448474249802
46.2011562272194 43.6442831700568
59.3211831199497 72.2929286464136
37.6958578889933 19.8527473479249
75.851336544169 67.2512982181843
5.02978237352078 81.7467077795394
54.5770785349961 60.4897179893742
48.4975762318217 72.7682498696325
54.5195337643036 46.5517694746693
0.119238055918878 33.2443744933797
9.52126170329354 7.15836911513819
0.927440540494082 57.2888303682439
52.5804169673539 37.6241658951347
73.0899878122465 0.496132786390575
28.9118368875591 3.77969075151348
7.61481568126573 18.7803277921172
48.2887056427782 8.94921901858794
55.8839301167101 87.1884092717114
22.274003729912 76.631139892459
5.8330009651343 73.6295462621882
33.3826580880607 4.51278690684127
16.4020242065729 83.0444618321164
31.5654576285282 59.4728947334248
67.6332258214433 74.4561287325701
33.5368115265932 45.5846730497004
66.0559990215815 50.6236899756358
49.6530893077439 86.9836738195868
58.5502209609817 60.2732607367332
44.8006166632245 45.5537274520877
75.5969130620985 42.6166802348538
63.3509140942261 30.0312605098117
84.0160931331794 74.8414196651443
49.0409624503414 22.5640939533818
21.2598072862631 57.0596121968345
60.5338243810374 16.4089162759972
49.4528781495835 80.8571856183794
6.1616980982269 2.35290764577236
16.7046435439616 78.7250822816326
79.2857341537845 46.4828008297033
24.0167896855608 16.2122664586673
72.098923942658 23.2114975197156
9.31284469860028 9.14888380799333
86.3488619470894 8.15774682633673
83.7644561281715 51.6053834035966
55.9067915897985 24.5127190517571
57.2071079765488 68.1216928008786
51.3398835644098 36.5615549768081
26.330397614179 47.9298504587756
24.4596969624591 67.3422030686186
84.3216809779516 38.9760411092378
11.9110851001734 68.0826499696801
50.2275292970332 62.9945208366577
54.5074333127124 22.3292723659475
35.2837688458651 38.126590802397
70.0692065409733 41.0683683124373
47.5621818605864 37.5670641687065
37.7077330222304 3.42702129850039
13.1999674454321 14.0994419244181
84.633649802941 16.1829640954627
54.6162707075914 16.7785018812154
16.049825383257 53.4520969347029
5.72785805562898 52.8991264813553
30.6051539599385 4.84129621812329
23.7142293515606 85.3013110767744
84.9945820175177 27.2842909239793
11.6135284076641 66.5998930681429
85.6973107497912 51.2765066244945
6.0439367348334 9.25092981647502
5.32812320760801 37.7737834450943
29.6179067937033 25.8914604386238
70.7053190481749 10.5598154307928
28.6953794105338 28.4690537403974
32.0305966162821 73.7374860518131
17.5937489932054 63.4907744429137
68.9024057580093 8.35316424981499
22.0044825908469 41.5041137713477
84.767793699369 25.6662713796648
15.8944023249424 31.5632563667918
76.2931536408613 29.2360077220835
8.26743386081436 40.5863671763063
54.8836922226714 14.8600440178292
51.9541741689701 57.6648923785779
17.4524544316205 19.1321719895819
85.3902532246134 6.92762897358719
51.626323535693 50.4557096355654
84.8315273639983 55.5744346828405
19.7659444682034 24.5062304602984
2.20174491903744 23.2721187556756
89.3747302987842 51.6328550015729
84.5759868953632 12.0347785157102
56.0075173338953 63.8827320812169
23.3372310010084 19.2597657058625
34.0774147883352 17.6265318520947
29.6961404857278 43.3609697066537
28.6642480544027 24.8185790810775
45.8350016093745 55.9185930327193
64.9732529013849 13.362884603869
59.6084820217225 65.9540665835441
89.4839777061486 81.5063015950758
89.8597082793367 3.12520292700185
25.4788402225672 68.6270262161711
19.2338261488536 49.6253552572884
9.51757980885173 82.5755545173764
48.6406019064394 55.9173949761406
6.70965720147539 41.20900561751
48.9407455487391 87.8027901629413
62.6055599004273 9.26214913551298
26.8845242096238 9.92479628870612
85.5229874999304 75.5367624942615
54.0539415470778 4.70155099577767
29.4095152282314 45.4025132431887
37.3222341057029 13.0786115623785
43.1387201993575 9.14753426256304
49.3625756507571 19.4840547262639
41.5208216335521 14.9121558799974
59.4610147786183 20.1785154120365
82.2051775979591 2.45884402206052
43.1457868681136 52.8453987223705
50.1261045779055 45.3821238720986
4.35827434722615 39.2332630325124
25.189217914841 37.0909601890033
64.991020259788 68.3557341237253
15.7305154321075 75.4760477090813
39.3929424402673 19.2514271974706
79.3411694195723 86.9328449829106
43.2690214812383 72.0332299203518
12.8391375078046 46.4438532668031
68.1572544293887 63.5578508765654
75.5301632609209 39.4451693809847
31.3205107415517 29.5920116711154
15.3919913356253 49.0884155826799
0.297812514191556 40.6202714161584
0.896360576736264 87.3915941695576
22.9715103074922 1.79173257707035
75.7876347199087 89.1896984791725
12.1118142645951 32.3148432765122
48.692073035415 27.5368265424045
85.8247378293143 57.8743626824336
15.1739420462687 68.7919809859781
61.5290674986532 41.1479205935314
80.240469406434 48.2126375112556
43.0327988648043 85.6267125538795
64.6503525271988 33.4965427670787
1.55363081686549 49.7534410592826
49.9329384393893 52.6759656321673
30.2938318707782 39.4235686341794
81.5144572290235 6.23323260434042
70.7552451809018 0.216230195733971
29.386175286485 66.8400940561809
59.8446090609994 13.5284351431162
30.4792109153322 46.0778681025805
17.7052502178089 8.49409088276389
69.6595412385178 51.5264946683492
12.2386092788847 44.7824252047124
24.0691607562326 51.232386651505
69.0842700380468 5.43171640451604
44.2646083557977 85.0746613946864
88.3268319456366 62.2331821581528
76.9822772361441 21.2285387247301
57.7244057021147 84.7487625814269
39.6298703249183 85.9839840039218
35.0450615543625 8.60105174876622
80.2851648964535 24.576655887758
10.991228306106 88.2735129532266
21.6629193725862 71.4781207755569
3.38918458104107 47.9285165296159
22.7194485460821 56.6858192192451
69.6979775908281 21.9484967656125
3.40284627954762 43.1142719656305
4.77854129796594 41.62756804971
64.8697119571486 42.9666056042793
40.0567804418646 55.9816749609769
85.0878625198493 10.906387041876
32.516524947177 67.8014751621036
13.3031939374833 12.8581388258222
14.5534850388347 51.7132830949287
51.2478771069951 13.1056834317801
88.9528051004968 56.6553237112351
48.3888142892163 0.146880203873465
27.9787942398463 61.2371906330634
49.705831198096 24.6116314061729
87.4465572202095 80.0263807907996
45.4625591896881 88.9119063507228
80.776839711948 45.6782380164483
62.5999442094565 61.0058780177218
32.3715966793755 70.3296701588359
89.3481630884153 14.8377085614424
5.21834594086872 64.6718069207006
87.4835376104994 7.99752621846004
29.6767731635863 6.43224981765833
52.3955842324553 46.4405559031742
10.6049697968384 29.9682578783113
58.2277788160108 86.0404571807096
28.0422604199714 5.069991120832
61.822025161448 50.2681770601799
55.1806418020005 85.8370921047035
54.7788019149398 23.5836940148438
12.214755817163 9.38228349133048
10.7188536552358 67.1552327848065
32.6649639442768 27.2088330775863
35.0290282326017 80.9317433840911
55.1566008761035 49.2667895076295
3.94114254825592 7.47351190843496
18.7823310725519 1.67912487594819
50.259050314164 31.3148181907705
38.6025298449709 84.0663957151835
19.0994622299863 65.4753164640331
85.7638614109287 37.4699105224278
81.6052181413356 39.6033291576661
83.8762230017107 59.0007727052383
1.34001404629547 4.77072592967772
11.1643043366662 69.1842564632166
86.1856956534464 61.4553726499718
2.46877892357734 10.3172992054883
69.3271267456235 2.57733163667702
1.05531250292973 53.7819369705765
83.2374671864016 89.5572671518439
81.0355742929657 36.0449348484935
18.8380127864105 66.5577145377523
83.9761804258463 24.3702799948512
66.9535982239975 75.5201287240558
36.5397418050359 85.9689579202428
75.0246660625402 1.9621802903157
37.6525622895555 60.0004756508919
61.5372978619254 10.2582044393767
47.4358741464657 2.03593836962519
1.03268049559848 63.4755381162692
11.5999218848321 10.7474608819401
59.1006696592742 88.9570556198429
68.2230069444278 42.5700581446903
39.9691628259053 68.1301702570742
44.0591996270618 36.2842949348754
48.972385032682 85.4060343730831
89.2886779468374 75.4608756625834
3.43924295512569 80.7132985446957
16.7917807531953 27.1494936678599
40.7834883416404 64.5512738843347
10.804070739714 24.3606927525053
55.5463931310006 14.0883588959692
10.0743362201618 38.9317730578443
50.4863870730865 54.3472474876092
53.4858609334457 54.8568995992808
70.381385814523 58.5036912491878
8.10361252063846 48.4968684306284
53.7730592554046 48.1741171769592
83.3251568455043 78.3447333815018
45.7340089570925 62.3052705080541
53.2788089051576 5.75312229162535
36.083940465465 53.4492619775481
18.4365103153489 36.3027139110098
26.3364976962594 61.4735160816146
42.6160849532279 24.3499750820096
34.2157142901046 86.5111757740046
58.2229899055957 0.0565623655375447
37.8201230962285 40.5150570055441
82.0835826600262 35.6868953539432
5.71149238672891 14.0465616645639
57.7019774455808 1.22065744613977
59.98485012055 55.3130418537864
59.3033665343783 38.9822537914996
84.6915012448602 5.63507819348295
75.0152843231082 33.6088631830868
89.3134153098792 87.7203741066609
82.7503379743023 41.3086683955071
77.3958691198721 10.2815294718147
9.07047911266165 46.918955653294
63.7930417275689 53.820381240921
86.131746944707 34.1463102845293
79.026249957093 8.92519794152385
15.7300129985778 22.3009648716597
25.290530034799 17.4590391334146
66.6914599025908 88.2848523273658
71.0613377947134 47.1787591841569
51.7965303752532 65.9822387070638
46.498786183151 35.2786687084458
33.1362164976754 21.7965091791889
89.2570656688056 2.29259575538997
74.6234612297517 62.1646097333463
34.1291313753378 69.8130278204506
67.5105194476435 9.09138020472163
44.9717097374543 13.123403602043
32.8207627698704 54.9341413190224
34.1364425068921 29.4778934017896
41.692338392924 72.6286822292213
88.140385225917 68.8647692043428
43.8833319291006 40.0909403166767
37.183305780801 69.3285869990217
16.2452223132307 48.4174317786035
23.3111375851739 66.1280760678493
29.1812649673961 39.4099869767206
88.2306043704274 39.1666383168653
24.7616402824789 80.0222168973487
83.7589531727444 69.253561229513
12.2465922881713 6.91196401811872
84.6248634143444 31.9439510301032
18.1457398222213 0.189525993285926
17.1948752747579 37.8190126178438
15.3484117762152 15.8174207243043
0.131697222881648 31.096493265049
31.7486005272735 54.4169108691877
56.5215989687875 83.18222121931
36.9779048924609 75.3663139371095
42.6735556683766 54.8670587290825
42.2121165893535 53.7500510220454
41.2864131384327 63.1472975608246
30.1409233351854 86.364082457433
44.0394053213722 80.2176418320404
43.2188878934036 11.7662347853098
46.4491518171903 46.5998548717951
84.6728841436095 66.3856805154804
72.4977299878811 75.0306405819612
76.5170435463948 75.2500542714914
48.3574484439647 15.8508756568009
61.3898939241151 51.3834354319388
74.2867464103772 54.2056979530484
40.5606455737564 13.7585094186846
63.2726983834852 78.9015938657119
40.6560367293997 37.8358727982597
13.952984256984 25.265983400941
85.772282713407 60.318668252677
52.648473230017 1.62521050192758
81.0033510449157 72.5701188681481
70.6168364446978 45.5582748323067
30.8914947658309 42.9350686161985
27.2464206245258 89.5863576318707
11.6189376143435 33.2875101335704
34.1402237683317 63.3635115650292
28.7530612935926 57.5481006949475
65.3806044072729 74.772680294674
36.7649661771208 7.85553090606413
33.4310427452784 47.3154004433187
72.6607930282877 21.2990539575209
8.51167043915591 66.4855642096013
72.6299320268201 24.5111446296623
22.6257312397297 31.6488531588103
32.6435874197148 44.298945448092
88.0646204429634 86.3949192660878
8.22840066603238 4.58522436171151
29.3668245480712 47.0111867612763
29.7255560361067 69.8295306573326
3.54229460228947 32.4366223436261
33.1428975778669 6.88655163154031
87.9054014862659 51.504601463616
28.4538888452405 37.7378023996891
16.8920124352931 50.6858729124528
26.7701541572147 77.4460040443058
61.4701394414334 0.335849165688842
63.4487596601162 82.6566979861756
7.90481631491293 42.0634942803783
21.3789468470835 5.85958717357769
3.73832109694202 60.2871600982919
35.2289068578706 62.1507565715241
89.8368428684645 44.9592428729539
69.5280054082446 79.543662105421
54.5056776612246 8.75091343825808
6.7868596429199 64.3902124119094
11.5171294670709 71.8420221943268
2.93288509890875 68.585134702523
68.6210719984996 73.7053738741965
64.4274172154843 18.9091351009631
54.3569774493291 13.3679351194875
85.9697978467586 29.9323708148925
15.5288611578961 26.7830514216605
61.2405386670948 46.1197901101195
56.2528956401932 80.5003317078945
84.3680141749433 29.2901759753001
38.3476951427577 83.0439157883692
55.1688034768803 45.393173214169
53.0100216085654 8.06969344492295
33.3768496166372 15.6640722367436
43.5385791121012 84.3341186368336
52.6384480526746 18.1868052279273
47.5206257608066 74.4527898059699
65.7251826098189 33.8630779570658
41.2943849115374 26.0297102453285
63.3083197961311 26.1534984649681
79.481694848032 73.4404219879021
68.886267279828 61.643905625096
85.410299916635 50.1054659770123
77.228838445021 2.72103439394193
82.4927547618 37.4310567108025
44.6633025361911 75.9607390811107
89.8007332008885 76.5541709306699
62.4370124981542 15.4861993998796
74.7686417358027 12.8614315734391
87.8148082539542 33.2345192194049
42.6247263241069 10.77559974481
26.3210100373447 40.0398869831965
58.8393533446885 14.7326837909179
27.5386089310997 85.5168850569286
22.2512107407622 35.2364722456937
9.20469283382698 10.4456250024254
88.9164064734609 43.2334735393462
32.7750913864555 10.3684996579267
63.2990209961016 36.8663093493554
58.3942323229362 39.8126513493389
14.5995062916203 38.8419789911015
9.59847976100026 42.8905764671013
60.6789457422419 25.4850530913917
79.0863904712566 25.0787952931255
40.2722804165828 12.6159151008213
12.2376625833889 88.818281255413
31.5505148619054 44.8253216949283
66.1462842775998 36.2462786088701
54.8556168591891 12.2175293553222
7.57512741712947 81.9520280888308
13.1541416598173 42.9006229647748
30.5576339225538 28.0527569494144
6.2815892623728 76.7889943493223
41.2186622648187 54.6763346828444
71.6561782403381 29.5502561246434
5.62403163334306 70.9137921897716
65.1958831564328 83.4115384313607
55.9128662826279 20.5313509613665
87.0618529174661 39.8939657585922
52.6080968124898 73.1649351199987
34.3068618720321 77.0803616221247
88.1851135940419 73.4963685069273
60.2255615457225 22.7619210991455
81.2880040571944 46.8634900788931
47.180374831056 23.122316901782
76.8586101606411 84.7259677188464
12.4606649809808 27.3568353222682
84.1832268559213 35.0688080390352
17.9898582856586 83.32916451861
88.8831314468286 63.8637948977578
89.829415254883 62.1698744034599
75.198718491782 11.8138240447472
63.3187142039826 71.4047918293618
80.7433273260653 75.6175604170331
3.43252989497504 34.0257463908409
79.2838227864072 11.713289062859
42.0367775837898 5.55831405930093
13.3488624542378 44.8544841221042
62.2822820382943 17.0868896698074
87.6013195403297 1.82918532874538
40.70086192407 84.5089067365286
22.2819992525278 21.1554694266754
62.6501002865995 7.02171493522961
65.7234962272282 88.8715032972855
50.7035754816959 19.3198247371276
5.90954157731797 25.5893360231939
34.4235425797896 22.1528173998393
70.4382997920372 23.0585208708562
56.7778720626272 70.8646132818016
32.6671902129477 17.8378177620556
27.3644398157367 36.3295916439687
16.5175008880968 52.3232876492645
88.1648299703403 20.7715437866502
21.2769016611182 36.5537075228306
76.336636511661 78.4859454256692
24.2293247391735 72.0515895401704
2.51985181984725 62.5261069706831
55.3516417769434 33.8303313351742
46.6923267275489 86.3167914627614
2.77521484931246 74.4451888823744
87.5484140012556 87.3974999935878
54.3241424519814 40.1323699259085
63.284463898319 34.9687584775862
79.1143166766316 30.3771620912125
27.5070729909192 33.932859108765
11.5030908135045 1.04221874025818
66.1067481275998 22.7498813025861
42.9133025209034 15.7322255305949
31.9989896191345 47.5571561781476
7.67184200714286 86.5117410873098
0.310189044253484 36.9576553719305
70.8257309471405 83.4419950499561
37.4338874590773 70.426219774325
77.1293640953491 23.5367347477705
16.7075479203841 21.1588175818493
53.659449185732 27.376826033934
58.0705722255167 31.6115238856932
71.875423433259 13.3154507005147
10.4480265640838 45.635510546662
89.4553639480963 21.5146594777314
47.9706346428654 77.3629958344455
79.1067900846349 16.3580664913883
15.516513495307 1.00096842853944
39.5723878090248 40.8231050577
15.5608846313179 82.2027477603534
10.6976605894925 70.7315071480891
4.20731663487654 46.8077568248173
28.0693141038782 55.3822774838775
27.5829919122843 41.6379573599049
70.246954174781 69.0057236862749
32.4734991038715 52.9064652008434
21.0226962208474 84.9472944033518
81.4594756725229 31.8636761935083
51.7109399325206 6.26564047763864
2.12431883804893 80.4768190492444
72.4924230117515 61.8332477748859
73.5420217980156 38.8841087363453
65.1262348271689 3.04203558839809
63.6318169246495 9.17208118118495
82.5023845430374 76.0733005976771
69.4872078495794 37.7541567360478
46.892339861205 33.5937836458551
2.33711711326617 13.7828125791754
34.147931266698 54.1091513890007
44.0586853414966 25.1725305313708
56.2625086602494 37.5679994060552
67.5944109992204 81.5501820220708
43.327586521426 33.2602997585912
33.495815440741 49.849804671603
65.686926931391 28.0224515414911
71.3942490093428 36.9520483797479
41.6793707702574 3.05968900941494
28.2985879469296 18.6050773985442
29.18093204106 83.8337966193939
47.6386190252878 41.2012043605633
36.2856336876905 2.5753933057598
33.2184428249054 42.3481302464641
86.2723849610073 42.2340807665547
68.2580186569004 78.5358256182101
72.676508645895 59.262689529789
69.1821886862445 71.4204541788476
13.9167360192606 3.90954946578162
61.0156830915054 42.4302200238174
31.3237042753091 56.4415467070416
4.9219414651991 20.0936185027631
3.08918837398618 41.5750543256784
76.0355774467378 53.1064517670377
18.6511194966274 21.9462395778191
3.38142108234532 24.2553752513347
13.1844906295118 67.726328943611
74.28625771037 60.4803711701133
62.9885244497459 43.9478733250215
26.9038273082473 27.0173366273827
43.6641887177185 31.0262251375794
43.8781375363792 26.7138602455919
34.7658507202856 44.7664333603414
75.4262581801396 21.056140885488
18.3936114911146 55.0811455586964
30.8207984113612 87.698253017731
49.2000457997176 11.8796042373509
86.7894620845079 48.9818516056082
2.16327324273454 1.76845066670083
42.8160018798135 69.5889251228004
76.6407720108186 17.4928399410464
58.9459491880451 42.9216772833846
47.0248988421158 60.593634281155
61.1615271768752 1.89324458745254
74.8810969618318 82.1503792686516
24.1582336367242 44.4381321523048
31.313300022518 81.9845852400758
83.6087989036146 0.417939226033042
31.3563903395298 35.1909820925665
25.0177808544634 61.8575907672189
72.5300268125926 6.95731079773964
55.7115819717411 61.5213533387411
20.1631059806484 30.3368314915839
86.5083902906812 3.8621222815339
64.5821013263114 70.9004583535457
18.9072775276184 40.95049085762
58.8751423715007 27.0851505958509
71.8555131262054 4.00042810377897
23.653293660803 57.7326884473471
19.9527106215244 45.4440751468321
4.30027857870893 18.4790853499498
11.2947135090256 60.1221953090545
62.4942828290267 65.7321157896581
78.1384289262032 9.54673821421139
25.9549900600091 19.8195745406967
59.4872144677981 75.5014846102798
9.05942761757618 70.1996854244754
73.5566827983731 34.2235823332608
88.7095833066658 4.68490479627341
78.3266117680219 64.834733396759
13.5883015538898 26.5538041715411
46.2434050025546 84.331450284444
57.0359354851127 13.3270344483105
58.0950053928384 28.0158987133838
25.7850860501091 45.0789147386004
10.8196183974148 9.42095519342772
68.041759010817 51.4202361558362
28.8586842582193 72.0398528756694
43.7042818351346 54.4066926216884
17.6256552483602 71.5684094228893
57.9803634213986 63.3060085565515
79.4824375984001 82.6061309526775
37.3986565141076 88.1101834594856
42.0617283044422 59.4695291161551
45.34959359678 87.8065916836306
44.2773460625987 18.1849157059919
61.9927526213167 56.8498648882377
81.3449333711089 77.2785616048643
15.5009146532535 7.40390469556836
32.7738588237348 39.7946825809738
36.7671907623076 29.5953906342349
49.6943349655931 36.6429837307379
82.7506068160569 60.3202431269924
68.22426693371 11.2569192607145
81.6736587989486 25.3295235213785
42.1255438086262 55.8848811423322
73.7436010832245 57.0835409528492
20.8944647898577 23.4007920632385
1.86881284666175 67.4312066586712
30.0242193876614 52.8099777762276
56.9605509027436 42.0674492724318
7.63907173046757 68.8107085107935
80.3523476370063 2.49647807848277
49.5187481259881 26.912776464802
40.7201627603707 27.3491866864973
28.1258578777001 79.4049995762784
84.2762409079095 88.8836957366022
44.8570230208111 42.4094773309804
0.86024393520983 41.4978395294984
19.3864568121349 69.0516823962544
78.7548254424658 31.881292713582
42.7223059347981 18.6124379389921
78.7514488013806 61.3572952996551
37.7988789980379 85.8337958376944
54.5145743642322 20.2651098140701
39.2324044835899 36.5999465254293
52.9850804551495 81.1101729162664
89.8023995327692 64.8223406718519
8.70312372459683 13.4721997120037
47.1544534802839 44.0054626142597
75.1375825375821 80.7892852824086
36.3818940969565 23.2281812784671
9.00047720312802 54.0219446647639
31.5119849363807 74.7915837732364
76.3958100043588 81.294145631606
35.5509222979832 34.3799202086755
45.8804035692782 82.5327916167216
77.4184927249491 88.5542688677549
67.2454149182439 72.3191283377235
9.35860534139916 0.502855052795539
46.1194684334403 72.3105097907862
13.9628519150923 56.3505620329677
36.1880462696107 52.1837620237281
71.7642442213581 57.6678104601079
48.2691407291454 31.5518264988999
83.3919439838027 43.4326540369014
70.7708957702952 68.0156511106754
7.87435455594551 46.557200275203
43.7703606265415 70.6844626918481
64.7236271553489 41.8541986401597
84.6587512741146 80.0013264193318
36.0897731631767 75.8265888215909
59.5465901055499 86.4229802628818
39.3521849319243 42.4854867176205
31.7810605962397 24.5381715691423
84.7851045551936 52.0054235475827
45.1869132453316 76.8513690931442
9.28975523240783 87.6115575185642
23.5168147662116 33.9113056070654
45.0830686803315 8.07041168033521
20.28689316408 66.7218164169078
0.0426596561969816 12.1391457652901
56.2464717099862 57.5618686013771
66.7027430178451 65.3057704933263
42.7017048382529 58.6416464894329
79.1248764107364 51.2170331902883
66.9199444732827 54.7992886789278
69.1105629830616 67.6752756269743
70.6492016583781 88.7604061149102
3.65937329735598 9.2664230756025
25.5887512560136 26.3971096797368
31.0751429000917 2.85798440645245
34.9826783831411 50.2157297895114
49.272976462857 5.54129705555624
21.4056634187808 34.1998944710489
3.73082991988863 50.6605483395725
14.8534077785198 55.3965124814115
15.6834409024558 3.37201832483352
69.4428164841952 84.8463897650487
10.0347779248996 84.7751731903882
29.9926200942088 54.5579192704702
66.887680213865 3.62735803762149
77.1500057690212 11.8645084212658
65.7756726790708 78.8125951733627
55.7579494180121 4.12107059749559
17.053722733633 15.7143702131349
80.3622093856125 66.0557342449626
73.205553598565 68.6089078007107
62.2083723861621 20.0331106615072
78.5329376284367 0.784308163086109
11.4643785268431 2.46710197408767
78.4019997665096 43.1962842370525
18.6996039755865 30.3638763247908
77.2702535506022 80.6618235772194
13.7506360026033 33.2830115462495
87.0816015166521 50.8654262040183
80.5088954313366 54.9527541398692
51.3269176657166 56.813276544372
83.0827823499642 11.372153669591
36.9293496517483 66.131242878723
75.5097449311778 76.8263450037931
84.9355004784985 47.6465899462348
27.0089784495116 70.7588615265104
13.222147345024 1.19658741576259
16.7451215795128 85.8986537212632
49.7056804465165 78.0182047240048
19.8774195118972 60.3895164102602
20.3054588762835 56.0822289504166
45.9494149014937 13.5317577388763
43.8865750652615 56.7778883294081
16.181599123625 45.616817556903
76.6282141366265 76.3387600485718
74.8115736208942 40.4179879235237
63.2482245775089 32.7241113460803
71.908898412931 79.3697234931217
7.92155436856003 26.5327853741109
48.5892677362384 6.6391200659902
57.3695502841086 15.297819333091
62.6961733740849 21.1237315328052
88.3341214292792 21.8864627649742
53.4208680276474 19.8656269443888
83.7300916869531 28.1223776191966
15.633796046817 28.4641109163734
41.8514823479634 27.9188077880382
74.0018423279194 59.471232163088
6.00230540533797 66.0866768481483
72.0398547168612 20.2945717029699
17.0521174547868 23.848183973155
81.1014587164224 33.1334952832066
50.4281831219321 68.3986541751396
8.25655906820426 59.8054935999331
51.0719318154327 11.7108690125082
54.9661616470355 76.2905641001223
61.1102119887144 52.9362648655294
32.9744684514834 88.3016147392122
85.1855085186675 78.986653310791
78.8064080286049 45.1692024610023
79.1908772876077 69.9653231764805
36.8100083718487 50.1310065719345
69.8055985541224 80.8709161904584
61.1265382508813 54.7965873082915
15.8802622670396 50.1631548556835
86.6469007907683 25.0541670344112
80.7866726522084 9.56641964025486
22.6523652761191 10.1315045332695
11.0405336464349 17.2627780486515
67.2439125777788 61.8397116914527
56.0854016595216 41.1895160836711
27.4917002546308 45.4791555671262
1.38382377879193 0.298334547097099
10.1750583802673 68.3044152559549
6.97664938650679 83.3655999190334
71.4908785746036 40.5424072147647
1.80543691701384 40.7087513144472
0.995086859019061 89.2349457111471
75.2851398089239 19.9273711382828
1.35600905566495 39.1735796696219
14.4597672286069 11.5079962014298
86.2542208853167 28.9546859157328
62.1148885983447 72.4207432580186
29.3386734002404 29.3054362616026
42.076727648905 88.9168614913566
11.7977468793636 20.2403184746261
87.1769462703642 54.7045715523449
63.2348217553179 58.962198202587
71.047998475594 17.2657044110775
63.9982873917797 6.27851503385592
32.975015347347 34.9557925062042
25.6580207581677 77.5908044146802
68.9012007576295 39.5566068145914
20.6251825003778 27.6159589108621
33.207583307966 36.1349239886312
18.3429821141376 79.2299607269978
88.9334179219853 13.2652097710954
25.8299762186912 42.6923466950828
9.93944209931552 22.8256286055588
54.29124116386 31.4040914885692
74.3952740466348 74.781057927034
71.77418730769 34.1647829325313
13.8109366316744 21.4467289755442
62.2873018645975 74.9998890885352
77.292184536757 69.3598001344791
3.9146929236048 13.2547701662559
24.06086618324 50.1911587002624
18.8880529694068 52.7984707976115
36.305411053836 59.6634683603948
22.3255342844107 47.1048066623047
88.8736682006681 61.1851172079376
73.1866908878672 10.7517818183712
26.7766243368349 54.8960141766134
20.2416225246253 82.609348431047
54.8247063072489 75.0258580877244
42.4474232716865 19.80442721816
59.1686616583484 12.7358454902667
25.1626913446558 88.6229359916484
11.8563454443547 26.1642920665108
23.3961829373489 69.807441611817
36.7198204628076 89.1851063731983
61.2627268136668 80.0267250940645
49.9599917180862 55.6584075398853
20.5580212337228 71.9673973593121
21.6141749291676 54.1908661267443
84.8684576124583 72.1227275534348
11.8280295702005 40.0398553921576
83.8287300669738 12.8725588270274
39.4273022805062 39.4799938065155
40.523180009561 82.3763602710142
15.8000177209373 20.3305675209218
79.2154965938871 42.3029957237112
27.7949181161239 28.947208513917
83.7805578543971 31.2824324653034
50.2996154255639 7.64462140215649
77.217672696555 37.9898477796449
5.20240951928539 55.667247040391
53.6935353202179 53.3393918268683
13.2675539458853 49.11322754232
3.35767392553475 76.9748745552076
62.6889699448187 14.30363776216
56.4367872595895 54.7179250701424
62.5894205576013 40.6204664167559
42.2243001033438 8.38746016643299
24.2726035757942 89.0824555959446
32.1608503574766 22.7867942602916
72.7550335336283 78.5512853955634
15.9763978155988 10.0926388743895
29.3310154042802 26.9711076459059
36.5814007413621 72.7178090146625
11.2800625174914 76.2982898506935
56.6516270452253 77.0753681692914
26.0816232306345 29.8440134314193
71.1455892911009 43.4521949976978
69.6970421061598 55.9217470708994
53.504199462713 58.3108763228406
66.4959781339491 14.459194749262
46.7541057684796 87.4674185204063
50.0707481276633 41.3377695295862
71.6062431392395 73.2645125750541
77.9523371260973 40.1359970418633
49.02724004563 46.2555527233573
47.5532177382978 65.3593432143531
88.1383584109932 85.3012290094218
26.7640004619986 13.8372016209501
62.4133496221461 30.5427083492194
10.5200307429054 36.2446614358084
48.1039753470536 11.6939307362865
27.5183312084243 56.6014025191529
37.8813753555233 33.3309167673661
38.1698559957491 68.5398088112728
25.7948675281783 14.7578977884235
2.00477846789784 42.9145823880798
83.6116805134332 85.1202549322206
39.1622251109222 37.8275970497681
10.8957061877353 41.6084873768948
59.3589116879609 59.6214330881475
39.3186150381097 5.4485808626756
46.3701818845505 2.75442000980036
14.1781680505217 62.982748434092
54.2109701241619 38.0990617777896
24.8109080162103 2.2684692492134
64.195576264351 22.0554666916233
53.8756016973349 18.8607368754904
41.8942014175981 4.1806772600652
36.5081349562407 20.4793932452031
6.79216840213261 37.8571811428225
24.7328139411611 63.4153480642144
21.0737838961907 10.0699779735748
59.9944336224454 14.7944559906509
28.8826258522028 73.953483359561
16.460055711212 16.6787561683389
0.779181025949818 83.2741382690601
65.3976577915303 40.2818477420417
50.477114153015 35.7148233612906
62.5330893400745 13.1562735573139
16.9262973937507 43.9909121276131
18.9532922491075 42.0664020433475
46.9006192189049 52.4913667928188
82.9292816593067 15.2492041607578
17.1439765959873 53.1158884930975
32.9565117802001 37.2229568315488
61.5093098003444 6.67096110300427
85.3396291128577 43.1235834712795
55.0430603851865 80.1055358637745
47.6879567690593 89.8794153276241
74.1579618547284 37.5275016710868
73.1256619577312 31.2140582701983
39.6828420365447 24.9622863895146
60.248614467665 84.5501520501865
5.22924221232248 12.4319079016834
34.8473749848906 83.6850788139897
21.1134709291575 43.0799891518318
46.2834770240905 77.1185539767642
26.608971488154 73.9950156372535
88.7904426249155 35.1457677008817
75.0270774312884 53.2564641398335
2.14562488289221 64.0515581823313
1.6179628400857 34.0374291323754
84.5433008998907 56.7647803060419
9.21049639498694 27.4705741026487
58.9044061332166 57.0025250751755
56.9326713486076 43.2788783874924
76.1490660827063 24.723779633109
47.6305582351712 32.9141931242513
2.89847250814521 58.9474997735934
6.14766424292728 49.3880205936915
45.448442623096 58.6528981596211
56.7209028600891 2.63798157807315
27.6957424490474 12.7090249983267
31.5576803629024 33.9826723692268
13.2664971510833 89.7191008113143
46.9276785392829 25.8816228368308
81.4163313650446 54.2321091927371
21.1194510238714 26.7035199243629
80.0222431232582 15.769134074663
86.9182600792651 81.4867344904717
37.3329025160353 64.5579231848145
26.1642141702214 35.9429973626612
68.4873407913342 4.32618623157261
26.1515793829877 59.8326000204084
55.9697280955303 9.41101681364074
47.2228141804667 0.813808952986008
42.8751010325301 26.9137016776805
83.5153270479306 50.4018035917581
8.53160206483128 52.7996035593551
24.831269941457 0.929235768800893
11.1536538183327 82.7386571539724
39.0193918506577 44.1079167510264
54.3880252392271 72.4832785185277
38.0964524552865 78.6086266112763
20.662106819172 18.212901376819
51.0162668473955 1.10912425690188
17.0487273318537 39.8233015077778
66.2039852406755 26.1188597093717
63.410802164519 38.2430536237703
6.04734273058892 84.9679344356668
62.5822670546017 89.816657701219
33.4750549246572 11.5284516262302
27.1778005748015 59.0076003182912
38.3340812495859 34.78011776218
82.9116107313116 3.72821434559548
61.511917210453 62.0321235763469
31.1664404200825 37.2854005166162
53.3408914229511 76.8412825088071
72.0611532563143 26.1758191416146
75.7729091026538 54.9900432816462
14.2320624643788 40.0541995664393
39.5048693526386 60.4213727913868
18.0559211819564 75.9549792642581
73.7944187640342 55.9831223225829
67.5850028872624 52.4896658711778
89.3906561576169 31.8940675751436
19.5498427355061 78.2470349672325
58.9055120924825 33.6290138340305
18.5425354413934 32.3025952825958
10.3906331762802 56.6969714533221
2.8950134410427 4.31521857437289
41.1138367963545 39.297403326168
77.9588679925479 50.1805709495127
72.0440497792687 35.8263260668981
70.0311337104268 6.99058177191375
2.73689294712266 12.8128884459407
33.6331348314998 83.7743991078965
40.0200360438546 30.6707865990358
63.4987272075401 69.9175052450695
89.9767938356246 4.99212424001485
28.7506613583948 32.1292494974752
34.156993370062 19.7190991239875
89.7609564818474 47.7993237466143
64.187714525099 32.197745562739
48.4780920621732 67.1768246339139
7.15382896102152 50.8096768019872
39.5508626123111 73.8927246739359
68.6285659976929 53.3199607871259
65.5878086982038 11.7851634692881
30.765230717817 74.093611881295
50.3434986504022 5.50965991360556
