2000
44.2553537405277 10.2536463004
43.489051168974 7.17471042992209
72.7831733644938 40.064745343842
14.0482291306494 33.3260416858482
72.5978867934618 24.3815299828452
6.89694483910113 58.7840480628191
66.2945608519012 60.397774314405
68.3722180007723 41.6506525207756
41.7108126983598 59.1268231963411
33.1889098125434 33.2597833519055
88.5329545536028 57.2236440350473
44.3271422022815 45.7227322815501
11.9987385142486 1.98525945001904
12.5464449186343 83.2960491866275
16.5173196045199 14.3487656224438
57.4740071981276 5.75278483675554
13.9654173403111 46.7493311375742
57.9494647537363 87.0392495696036
85.3376090216658 37.8156605471121
63.3182429780271 44.2127507949126
29.9864348569674 81.811536333397
28.7609316607064 68.1157713060967
55.5739889796634 56.6296130768207
18.9200633099616 74.2397691893728
30.2916145711785 33.0642690365804
63.2118344643429 45.7144842829639
60.1401687768128 89.4969136776403
9.74382531211173 78.9298412780814
70.8832770198808 78.3888455385835
29.9369656229699 29.7170112941146
1.50450980811758 63.868943860917
23.2884425678813 55.6989477277397
12.9621913104555 76.9078002153353
7.51077658131617 39.9410139945099
49.1195409866758 86.1742435894494
28.1209831316692 66.6176860768976
81.8412605021416 77.6687246695565
58.7939192348439 50.4465071897315
17.3299611798406 85.0210929811523
28.0781618980447 15.1665109975084
48.2976854572971 19.2345647740834
83.8249095406836 9.55247929315483
76.0311623515581 72.3660306734853
46.6055149319811 22.2121754994767
56.8475549164146 23.7744307919735
50.9776774353322 23.7208624077548
9.91476022728836 71.1691218369306
25.471621482807 19.1719868477309
63.5225126757988 66.6806163741748
31.1545953442701 58.7871611145773
67.2645724229152 51.8946794507995
25.4248175295282 54.3110065863507
70.3863558718109 65.4816628605397
83.8959056936529 75.1518146749064
15.955937104052 54.366533079649
3.75242283017851 18.9083396892823
55.250121500587 29.8779459349649
7.46029595923499 64.4936329781599
2.56321836714893 35.9498300135901
45.1575815728551 23.6321734821714
12.8274214271358 68.0954023104385
67.1676979126808 34.3264121925424
10.2947976588083 41.8067442607692
27.8863948510948 51.8792426048457
7.9174892627228 43.434654744776
27.5942158504197 73.2921017004902
52.851803674714 78.0613595053033
56.6181013112469 46.0629119089779
22.1116056144473 48.8869343128249
74.570416715202 44.4686595259353
24.246286304582 84.109382768951
47.2736404445001 64.8750848104606
12.9892713359172 36.9948394859219
32.3580431455097 76.1679990854243
29.1164933145369 46.0212361397991
36.6030111212183 74.4006602410249
18.8037015329292 76.7551121943808
19.8665386129819 9.70919572011873
44.1413615833217 9.01246455624872
51.1794160902425 33.6292769686326
42.25191620306 19.2922516737949
67.3196019330076 21.4743870907126
8.7832878337473 73.2932882595786
56.2582612908153 55.3875996811748
14.0829065130749 89.2759275209335
11.3933165586446 12.1895671422946
82.7776969257868 44.2595191533702
44.8516569497823 87.0064168530069
21.0180588430601 19.6117940100149
72.5212281930196 49.8197389711886
68.539878902722 44.9499509330739
61.3241455617299 21.1403360388518
2.74122185118475 12.8044483451362
42.7980723803655 73.7276575508029
28.9740191067479 65.9707234739979
61.8329599747122 6.07387786460315
59.5615049379993 83.5729161496417
66.7126818608538 56.8176588985194
45.0462988054413 5.67505259100116
86.0161929292263 36.5762856095582
75.7600996141759 53.7931881182112
39.801931599376 89.270837890654
72.9233968954999 1.28710690817243
0.474837523090308 10.9083828996136
3.60311840059783 22.6489723824491
2.24140752343185 52.1751025575197
87.4796763751583 69.8717042017749
24.7997361998807 36.9383276559537
59.5356490147038 61.9909677657557
45.3748131302809 61.8633983156233
7.54079240168682 66.5768902047394
85.162053983586 0.489126068763355
7.16792472199277 79.3366037282621
29.232956248512 16.0956612190274
88.8159698071325 62.0192859904969
81.3227148565972 38.6863334276097
78.2044863641887 71.3548249369084
48.5001876164394 84.9930206428577
75.2548579074377 13.5290047682332
73.6337426398288 2.38920694635596
40.1943810467257 46.4744717893422
61.5910833261607 83.0840666699423
36.217309384649 66.1878021596495
62.9681405506051 15.6595923617868
31.8425081346534 61.5754837983489
78.1565986488256 29.6709659925712
47.2569221482231 20.5955246021448
43.2916566266616 79.0285529589184
88.6734184664259 82.8613153362267
49.1953967757103 48.2261002782694
58.169865597502 35.8171627296431
37.5035282004564 73.0075295124675
4.4098520664296 3.20627457820855
1.04829015761329 1.35582976444212
18.2168045094428 60.3729396566091
88.2386426986736 43.5486171885739
58.1062688213482 45.6684665914697
50.6324930173109 89.6688254655776
14.780844731157 88.2186431738076
55.6678082592316 26.5048672420545
31.2450428070401 22.0688165175202
51.174502478345 31.7478502482477
20.8707413999153 45.4171906253361
87.9226600447024 84.2256843099707
39.486787551085 81.5998569300121
41.2019232515501 83.4430673871883
37.7086885382749 68.6809308614638
1.92993125604804 47.6665307272913
15.3776076411556 15.0627290749927
3.74400394572621 36.3553458407388
13.534586996985 25.2552032868078
61.1605209755814 2.94878991543015
18.9899002143708 88.7781133256357
78.4426061938636 47.3409221089246
48.7137658433266 74.7171896483766
22.0819940930562 82.1747815194425
43.2096579877868 8.47656980848093
46.5897809113251 83.1441691624612
20.2527104175433 7.18010983301376
72.9488516937934 74.4845615946585
19.1820536151816 57.546035783214
67.9850791273929 6.8531135559634
85.9074284050194 29.121328568772
36.97311341275 4.83528176853724
35.28841328029 15.8989919830177
58.9451779565856 85.7727324636393
36.8884563834363 64.7905219285215
59.9515155616454 85.4190757475255
42.800355401153 63.5239530007509
21.9572435365364 45.9350371289164
79.4543585355882 41.7261516116747
44.5524797291837 65.4566844054089
7.77680080115221 32.7016668191227
19.9264309752337 59.2494533484739
36.542397120501 0.290915896881359
47.7913357577664 27.1653779886299
32.2907008735148 78.2629635899796
71.0062159835882 25.9271497022578
64.1050564679296 22.7040822253923
16.934696467779 8.60565598539019
54.369494406508 85.9671776123947
72.2070776924405 32.2423486497376
84.5677803279606 23.4899484638067
60.1676418009986 24.652232410629
83.5638115602773 0.686901526130086
51.8107814802795 9.93156704209639
11.7043615806217 5.20242752334731
66.3587087749245 85.9071588086438
62.4136017900141 9.10595711816306
16.8038147041856 35.1107319969807
89.407052474405 24.2995106560557
22.5625166723806 19.7885525950674
61.1265950427747 66.9326388000197
23.7633417558499 10.5893136305554
11.4316505147475 82.0816932245979
52.905564943725 0.629128516897168
75.0068099213237 46.8594377489949
35.5496958391345 72.3512945508335
79.8331117671982 45.024612889161
30.3148844881121 52.6994179652176
24.7862948208092 35.1375453853947
1.95307560943096 14.4378987404554
3.95703937374901 64.8670144402363
3.20993367485887 1.50904834121732
49.9030248694705 31.3613638062099
59.6638921609079 51.5428972975209
50.7894045673343 36.9755491193167
25.723769776576 89.3927290110184
51.2485455946559 35.2411081345409
61.05683933979 38.5100890209607
8.64043877299618 11.8201541121896
2.99388257007625 73.2535378216281
32.6773180824891 75.2086557033153
85.829382306503 33.9336986365429
38.8620501038167 65.3777666562925
56.4605122730984 20.7763698436833
82.529598507627 48.4022925789439
74.8649243594027 5.81292718895604
26.0434155473357 76.5734132490704
32.0441705556184 59.879546643299
74.3036476175847 40.0247423736947
5.39018692881481 4.7346600949961
84.9807923248813 72.4123049388481
71.5603522784558 27.9336527725631
41.018326680984 67.1289794456028
77.143116686486 17.6643407509692
72.8353498059741 38.722168553368
31.0535500863697 39.5598498080728
81.5064881658855 64.8995452302795
28.4925192970661 8.78944996214237
20.4552537338868 57.8114880892972
10.4191628461099 60.2386051548883
74.610577891481 45.5369790494876
53.2707107646494 60.9311692759829
64.3708145853053 37.4940066309808
53.5415402874525 16.298238005654
68.9643749618648 19.3803649812312
28.1357571191535 71.5046560819667
4.91967756974656 53.7796046514828
31.3861290597221 67.4550589523257
18.4628574480197 55.084850568491
56.80427534048 85.0148611607179
54.5965653609384 84.2726977843444
58.623595858084 60.6260233740322
74.8390347164184 65.5177461530792
18.2884414418852 68.8160149301141
3.66433285010846 15.3915369748104
24.7972604309021 10.0215585721661
5.75699756244862 87.545279202179
9.88090683958244 12.8994573304636
69.0807556899357 55.4798883020872
65.2929649303013 23.5990122549333
4.24901343993167 79.9186070716249
61.4997877659598 54.5674104063973
56.8131362886785 72.4547070039539
69.0855875051179 1.04376860829944
39.8513049180114 34.72703784918
61.2882993116989 10.8239196578446
27.8790644451147 89.417370876061
40.6322244438611 15.9363464512339
86.8785006240458 28.3381042371604
29.9295560426586 74.103980176927
28.4868564489339 77.2400890420034
24.6400640645367 86.0165309452712
78.6711968162734 17.7301081659507
29.1532978633746 88.6725719528514
84.4174419785988 49.2909877401327
52.7560379231906 64.860202586473
85.0717823592792 27.1607123127996
62.2272734229272 45.9982450887988
74.679863864227 51.1236531391017
68.4860092600918 71.9869494755492
53.906509220022 73.7288601647658
34.4996496461308 7.35220821497698
8.42270566343618 4.71509410062453
84.0300482613837 61.664091847616
6.7016895031912 44.5335013052502
19.4771082228994 51.41853448652
10.5527883525555 66.1226451665929
63.5237999568939 55.8092258161754
77.0193044419076 46.8718075328916
29.5902855364629 18.5062985356246
13.0945819694 11.7006506759716
52.4135759040491 86.9852808810365
88.5925030272979 39.8492893509065
73.8387625488715 59.9734332609921
4.46474395221326 9.06422770523825
64.0666142777439 0.813200063577355
88.4012996689268 89.9129043644746
77.7709227318589 0.253212790778576
20.0372273198203 82.3572719857514
26.9576004951816 38.8757090794175
72.7568907114702 19.3919023853091
3.41086338415085 35.3771601125963
55.4413281891334 69.8614109543333
39.5660097045937 0.418714535509821
61.5314201675558 31.474846682788
68.8055477576934 36.7948704209569
19.8938144639172 20.2974782067915
6.81923447389853 56.845366159781
85.5621097878753 7.08077518142339
57.4690478187967 52.4365785125087
49.1344439795706 80.0920993273738
57.2321431028555 82.4962825643848
47.4492892165521 15.306014193771
8.17377014010663 2.43238336773558
36.7615822581626 36.4625072497787
46.0853795731828 76.2787378744116
43.3174084059415 49.2623236150425
51.4579178649975 84.7887876214868
4.70909517159068 77.6676893706564
46.503795376249 87.948343777733
34.8220671708746 4.92333743301181
34.3622028406104 42.4557206896178
25.701237918376 39.8076157624691
85.5137131396151 11.2962057400853
42.9139586493535 71.5595047633989
60.0197732112118 20.8373125561655
42.2103940268832 76.5713328568918
3.15292661445863 70.9264272142236
82.7415367228984 52.8115255427979
81.839122013198 74.4261164486576
78.35380528467 54.2814862660038
72.7122544907737 63.309770338379
37.8850564022176 2.04267342613065
13.6934823791578 19.5973800262733
37.4151033644693 59.715651695211
45.7833807635398 38.0829492931164
31.9120144244465 0.337724807991435
13.8913130190839 87.1714356739725
6.16298924282678 29.381717701532
70.5484635958802 32.0922821516961
72.2710930473577 55.6901175489659
73.6114543585954 32.6132185782064
73.5937239585 17.7998296907724
71.7894861742809 45.2921622673065
13.3054132496887 6.87835124702872
71.206251257142 48.5947383959374
65.3121929057666 47.4742342101099
21.0761951467614 51.5307657987375
84.5952363397319 22.2478216947465
25.5812455873875 13.1562071221231
86.4862904448283 44.1020023138547
71.1589500998201 41.5609241620191
7.03477342121975 83.9212789791202
50.2674028191678 82.4518751688371
68.7057661490077 21.101180419944
54.1689723363001 2.43715658933915
80.8701784071829 87.7655969980529
34.0474939531797 44.0657927526167
33.6650780862458 2.98988759282835
55.7973400674404 84.6849290215797
17.0967348356897 46.3417220692253
87.045802451308 87.8949847410315
81.2916582417679 29.7790656040024
82.9589498663703 15.7463089321593
21.7944100414955 74.0087351827743
58.2054719616344 66.2476930692515
24.0822470290653 3.34114480149118
82.3842087825314 9.59703993716985
33.3495697380155 57.3516067997485
11.2214518814867 80.9254888965577
32.9537136133971 30.1439874967406
55.5648300752368 61.5290152465961
20.5491538473495 16.5687378963806
63.1941697458479 6.14224400010983
87.5390159063677 7.79591109775403
5.34183898072303 19.0164834146522
19.6789274028677 2.92686638572938
34.0634540432862 62.6072202185455
11.0839812159598 48.258890378844
73.5875649841852 42.2230724768541
26.166621590067 56.0365129978334
24.0900489124466 33.1713074012206
23.048452324497 27.7464238000267
18.0364509303316 11.9977325504004
50.2083705684251 1.97036106887396
89.6788074407475 19.5931908544485
52.361193219981 81.292685715193
3.46926189796822 0.177639123757558
47.4468990327803 81.1544556084298
32.9988098007364 60.9266763069179
31.0959125516174 80.4676480402554
52.0121273191151 60.2591667914609
11.4949135528331 78.9067485480255
21.3434289780644 1.20847712873932
67.0539456924775 41.5556078387635
16.9545695523483 66.5556324051298
70.5202205676064 37.8420693919101
47.4594609639709 79.1378480901249
80.6414321430893 77.2723741471648
9.23624700725025 1.49382943540623
62.1543585606314 39.0875553117819
37.0028226652641 52.424446209612
57.3017878033921 14.8530896415838
53.1229490684491 48.6282403508731
0.0468511128788762 9.64538519949386
36.4357610338803 82.0648099716217
81.3057117275376 53.1600961439188
17.394919530094 5.26575826244184
17.6197472295001 13.6723074658416
84.8783741253152 51.0023343711703
41.7648138863298 75.1921236901732
52.8961096075706 7.99399629607493
80.2733726114113 60.2755867471447
70.0521956675031 80.974147223746
53.6906574459033 19.0131836731251
14.1232102976285 84.2867913902248
16.7424179548933 30.8892611930453
44.2616634228992 4.99694758868571
66.995114347744 46.7941574594625
87.3160355247022 78.7252179393123
44.6437026296786 26.4655978018461
9.51585034442534 43.2362641301938
82.8710292416293 60.5811099051861
34.483684034516 84.5077411589172
44.8030354511317 60.2305293060686
52.6764132862677 55.4221682512836
27.9248103992211 56.8012298093966
81.3726276606349 6.72542355682083
76.3655858493298 36.2660281670228
52.6957866421408 42.3133008205191
30.5068085914516 87.7613521879731
55.7405761206897 71.4161629070335
59.0603504864872 71.119368749073
55.5682839737909 21.7082548490762
22.3703856243903 5.2391550532549
34.2518999304 49.7341034474712
86.1254543779175 57.1563973912425
22.0489118082803 70.1948913838946
69.153495521441 7.8255713442919
71.9488280129747 17.9152966507939
7.13136970900752 69.2289246604248
89.8441327761193 76.0390370374193
79.7314031648765 89.9500360515501
40.5207571782737 84.2605820363338
76.6533577727795 66.0600459516682
12.9367529844684 1.33348507205518
6.6252545303691 48.9257633416095
84.5642932445591 40.5692460574829
74.5613052322924 38.3616362790329
64.715811944723 26.8322734583746
7.58451004999916 78.2496911434343
71.0190991774721 1.85290863363264
34.0267028710668 46.2583705642792
45.2808433503101 88.798618450116
32.019356875526 10.5219637487641
25.3633051171856 67.3885313844711
27.1765357148171 36.0317106348315
72.4222191010034 87.7221211408928
19.5535023311899 61.788401239591
23.0023994436889 33.0707919877381
19.9104629482683 73.5747167146364
30.0513230106048 31.1314879503899
61.915312889317 65.1187511810779
75.9090873627027 37.7071366990715
72.2730764725443 11.1980875830294
20.238289981908 8.19326667583681
64.9827406841517 44.2130439523667
87.0254308188765 33.5017790831059
89.0760273980931 40.9769274394307
39.1261990282886 35.7162526512301
42.8445393819899 14.9978069059312
58.7742437165739 17.7511301193888
18.5545185433697 27.2625715308556
79.1556343665513 61.7742896771355
89.8954899603814 12.6556008872723
24.4702713968304 43.9920481920658
34.9729375860825 28.3092688021766
37.4087423937297 43.6983334095441
34.6849058806916 1.82754653992873
18.1487997458394 30.2149710388006
18.2944126590552 36.02510386243
41.1173407955419 42.1340536708603
24.4642443885306 8.80573137374881
57.9887354984545 61.8572085066481
48.9681373546366 61.6194296704454
40.6193516319771 11.1405267216849
2.05592719070385 3.94526000679804
30.6577105833246 83.7243706327995
53.6970350237477 11.5826591452331
30.4127508449968 8.25416765300432
35.3132295569767 18.1323501004749
59.6958734924781 44.223404998636
63.1845932909254 75.4060443658101
74.9398875065191 7.66654450664667
50.500029706372 11.8152674655266
66.9101101053765 2.95838498830143
49.5157863005638 63.4206501689927
44.8205870188368 13.5083739896373
33.6055511916911 86.3159030309501
54.4957556411218 35.1961158498245
24.9254212645092 75.3475024159086
0.3717934874226 12.3272150854342
33.416410455904 36.6544169561539
88.4227183191754 87.963327425358
0.0137426082702419 7.10311842136065
75.6814590086661 21.8891348091882
9.9407564706927 80.8123972442102
75.1969277813617 60.6236373295828
64.4852716126076 3.54821796386318
45.3834758884205 46.0101634450681
22.857895686109 50.0467764345582
62.9651317805778 28.5112597947084
76.1983775128212 57.0807880040925
89.8395918787984 56.3961010851967
58.7783758393023 75.3226038452461
36.1338883238673 23.9218754456305
26.014739587113 24.830334982141
51.6087833532013 74.240124097587
36.8114513952263 5.94691629852932
39.8580087763144 77.7113990349451
71.7865789988736 86.7275462801194
10.3824665578817 8.45222265395741
34.6267409473457 56.1714366967898
19.4029605531884 23.9856036484849
17.9955300673423 3.52119914479246
78.5644943349268 52.8704126644683
56.7075372332375 15.7823903732543
72.1933399686845 67.6962986436624
76.4859656196923 79.5070969867761
21.1604248489018 47.9589664091611
15.6263877908365 75.7230671030251
83.3221957353031 59.1338676837416
36.1357581337403 60.2129840871429
3.15745244696867 32.8115351936994
18.3954010163581 2.1532865386996
9.08000753014004 28.1176916521409
33.0212989682931 70.0418066337505
3.1109101225454 14.4049145500313
51.6336300868549 75.9666757467011
46.9635303440207 57.5956465168888
60.8458829851133 84.6573328965402
25.7440107100877 23.0799406617501
16.0909007658581 69.0941094276011
47.6458919084265 10.7408632028235
67.7606346225437 82.3839811210561
17.3724629247679 69.6683412873723
47.8555556942 23.8955811641846
15.788752520919 64.2644100720329
59.8874394628173 30.0913650689839
55.7999456179518 50.4794486564846
86.3940987508087 27.4507870490179
67.0151465933222 54.289682278359
64.0114258623798 50.0766537734459
80.7256107940498 3.10395589830989
68.489333871682 53.7948715480579
51.6380280743939 59.1894895796186
9.10171342360091 86.1659555658125
25.4106025897282 43.0688178178274
45.2942839704195 33.4411291508845
35.5409921209327 34.171167750352
86.8139542899327 85.4819809580764
42.7205367504509 55.2867754297291
31.3768253166003 88.56957855306
73.4941365067737 11.1799587527621
56.9189008303715 89.0683126155565
2.36422061957075 21.0667108817672
70.9795541399549 80.4621820196234
38.902676568798 56.3679216671836
59.0164299050115 69.2300283085648
21.6503249850399 59.604684145477
66.1465578701379 55.8059908094406
23.0301740241734 31.3221849678328
84.4060714687934 77.0608115732291
75.0123559538229 3.44653132209643
53.5925450227466 36.0527824128288
9.98609401266553 45.4901964356196
49.6046732425198 4.31656109415464
80.9695416204268 12.5946756655317
2.15974437898037 71.2708772721054
66.4376665139813 19.7262418711793
35.2882780572495 29.9268067451397
73.0473914443217 6.06016052484755
85.6271767253139 52.7699892846056
22.4490604564813 47.1008139806819
30.2453191944457 36.9450346694103
9.4143330531794 68.5557678145341
89.6396634888213 42.8415113659507
21.5105407677174 60.7055131142757
88.645660636463 77.402872217844
22.7649530758897 43.5723966490693
39.6963536693314 87.4407748921119
42.6284092101823 9.30575081226145
16.7171857125075 3.52271208565497
77.0448227411496 10.3843153581852
30.4684588898452 76.5123306345878
33.7074672744706 31.1979196320681
62.884591362348 71.4135998307805
80.218796792607 62.9322457505727
45.259705704535 71.5464906857645
80.0864952301917 18.5623708068335
43.0360712097638 39.3633816375276
78.2035994249345 83.2799304631144
31.8711873159596 62.631033040927
69.4254010180387 39.0392277917078
71.7875972066023 66.7740447861487
32.1955338455255 41.4472608305631
65.4849981842436 80.6229339969944
60.8470470008336 9.20237070033316
17.5166870313166 88.8080414859371
74.8541438658323 56.2554587503625
54.0836423817776 17.9123123352786
60.8663041530955 63.2019477007402
41.422646405644 56.1776689311255
79.3643855524783 67.4830258903577
13.7919324878101 79.8826455357465
39.6174723087718 30.0880724515284
43.024431008699 47.940061722896
37.8718722549288 44.9284388102114
80.29362408754 55.0379758516348
45.1383871169194 1.47394812851424
39.1284667809053 60.0546602273003
89.4592415609128 86.1084868793775
21.7597665732791 71.5812413837943
73.5454701210616 83.163446891072
54.9138907139681 51.3450911697581
25.0547108892492 0.63150307988117
62.4932897490776 80.2322932021927
29.7035287774407 59.0107135342834
30.5662671537761 63.8185712174468
38.1428335360552 13.7575757937198
9.48928178879012 15.6806618102211
89.6965869082956 35.5149094083103
51.5035937335447 1.53356106730946
20.4595289366642 35.0691417481212
0.528683768587292 67.4060429825147
48.6932182008879 24.9037781901963
11.1881375702385 83.740971746237
57.5775105802601 11.3101374179286
31.1368682364916 79.426031923836
28.0995748857822 63.5436182837471
3.20848675308415 27.9841985875686
89.7889820787357 60.5546981339328
29.6841326874508 43.5521292553764
85.0813957154422 89.1296120182802
60.4232951054154 41.5853039788782
6.65056804733293 16.9701898376436
29.4328959051785 78.1394591090475
80.9829678673385 58.4389053919316
52.2088387049157 82.5989965618068
86.5714513579152 65.0709753319898
41.5999804879911 3.77135370673415
30.0965039426392 21.2586323909879
35.5841950830256 12.2742961163484
27.3406976800079 65.143993926009
53.9486140976711 8.08746992832951
44.4555088829022 43.7200811051513
49.8377764131002 43.2495727908199
71.8201738346361 22.5874541158499
47.8328248380734 30.7111370500265
88.2375843196047 7.01940631119783
31.2366002439422 44.7420264655572
60.8952578175401 40.2165268344449
35.9793973014424 37.4401981885597
7.96970041029201 82.7885922520468
9.05171222546794 29.5084725578449
3.48993794938384 30.005452345511
88.1815085395578 51.0653741016741
29.3732156225031 64.7383776412488
16.5496693166763 58.1150777526884
3.02318838219055 19.9253159469556
8.35420838572329 18.6084220491602
26.5582550467574 57.1671674371939
42.5573809106185 0.414679213625817
59.0097115259386 6.42868190840773
13.456983659836 75.4049663690174
19.3908602125056 6.30781820638632
59.9342159769955 40.6673576222152
12.4336569430793 16.6842867579297
64.8720522755324 16.1514948705651
37.2163296621061 23.4023354644789
20.2372680943779 32.3074391411804
59.1897539516504 11.7354261682232
76.7947318957063 52.0085187890059
60.2720063846592 33.9915489906794
49.9788102659684 32.3663855619144
84.2486940272616 60.1337295673997
2.84571029386694 25.472638846128
37.5583604936979 8.64223684253361
32.4423347058717 31.7099419238993
2.8695547466101 60.3449281598697
70.1313611090697 23.6239609508758
35.292127292502 56.971513577957
84.2458686261095 41.5570493484579
34.4709280953669 54.4916799046672
22.1030171571017 22.121770308049
18.723338184208 10.3008022172411
15.7555862746839 42.1574259304677
0.763815056691861 84.8431859203449
3.66406853166101 21.1356112286467
67.392022798971 48.32623947224
82.4645048055767 45.6020243647994
29.1099545751214 59.9206470132531
53.6503606016649 63.383305583898
39.8374776915743 18.6765729593873
79.7921988430271 53.0872860097877
31.094554552784 30.3644597947422
6.03311048174195 37.7688541025333
10.567983459061 76.6681662629899
23.8709094727661 87.2018296931965
60.5477228025077 68.3816137988367
77.0675836942329 15.4377975773386
62.6878124130426 51.7901569625599
19.1365740804207 48.3597042486249
3.61301840695493 41.7209319057758
41.8375558098979 38.7013803488541
76.6191592837398 50.8182553866612
7.24088542313364 38.3206364264556
5.80272700024349 27.7211373264864
29.5877580631334 11.3499803691159
57.0935461858615 57.299688796332
53.513995632085 27.7807526947981
38.4691924416034 39.6131849588007
50.4382790057992 10.0660735730688
50.5741939917877 52.6445159582686
85.2022006329075 5.71844248002499
43.8901805790499 50.5220357868514
71.9237919193752 3.34554768586123
58.7327222546329 84.415027539812
46.7697331196738 16.3066834904916
68.8941230974052 47.0437794138468
69.2924983653981 12.3936212427535
19.7184808221224 39.0244231672541
28.6598545170652 22.998679211792
33.240439830015 52.6476603092575
52.7820926440393 17.6434913419456
57.579826951506 59.7104486988381
82.1591018919328 22.0995275800267
71.4651868016372 43.7384088713974
80.4666797720982 13.4631140929492
27.3226271081102 11.0176516668672
61.0308586164029 44.6111006855656
8.14879003406023 58.6359506998042
27.5117617362401 46.6922013930711
48.9600004341647 43.7423967370869
84.9413733988431 69.8478893489485
30.5394933022819 50.9029034821113
70.0294215647951 69.3960724509607
4.67473537214214 5.96541809391404
43.6130999589698 57.941349321351
89.1989301598375 29.4958904883754
0.739419707147242 20.0539832470091
26.4628496404955 75.1109171224086
76.8632253822163 23.2990526049884
1.91115958872093 9.65142675618878
9.26315927598122 81.7336591183376
77.0943143175675 24.4623428790121
48.9999299358404 21.9474511774736
33.0452344765731 71.5273964320158
76.4464485080319 55.9130626338285
7.18793057274734 3.89097745058741
39.7752580839073 49.5992815949181
78.0863191422037 22.8634151164876
6.72131204960071 86.8561161002231
70.9212493060762 16.3146301289115
71.8975884178862 31.0126927614228
46.7161826020989 30.9516220811934
72.5873097370854 84.1272094307195
25.8724247790456 73.4439109235238
86.9509449512862 59.0373262331542
50.8678950870424 79.8102614924721
84.1876995755898 51.7591153230477
19.5693233664468 45.6591062572979
83.8605621158905 17.7901315846782
61.924561137662 68.5399820200929
39.5509320337359 28.4480495492533
70.0707018091513 14.5086909100173
57.5369815890615 2.3838114998766
85.6281323390749 61.9334092723826
65.3642573251421 69.5207231112721
73.0743955493365 29.3735529307385
79.4849812770272 14.7839719820399
11.4855039411621 34.7271908797462
10.118498951906 56.5742329845953
50.4533467378309 25.4920297705212
86.2151162263139 9.49304486482234
56.2654948131123 65.0875657987336
46.4821839281248 59.9896568226407
16.6890430673838 0.757466585440127
62.2108850616614 41.3237333699014
33.7780205774311 66.3751196594245
21.766858166804 30.9297753720157
48.0929082361811 34.4042675664956
53.9471640615185 75.8237259312827
76.2344990111442 76.6332715846955
35.1495563376278 58.4628502699902
61.7603668900353 0.907656816763165
74.2932778369506 57.6935646083408
38.545552538342 61.9679390868738
80.0322556828754 84.4813720451696
48.433216746652 8.065882243422
73.7220260437236 69.0635227245575
49.2630848410294 81.5763465073334
26.4584031072156 15.6965569621409
52.1571582459595 15.6330630016484
24.9718958063452 62.3300478243437
22.8415005044666 60.2320338779769
8.67723100151633 78.8478325218718
61.2089152763805 27.7271352602546
84.6628401274026 82.7877833995131
40.1301513991789 74.9581651568477
84.5308783210525 34.9571915520625
23.4206805025183 71.7538925493902
23.6161036943519 36.9929533796024
22.7359553514498 58.0089328574132
77.3791669052521 13.4371954713911
15.0739167638286 52.7926331485146
85.2254597202753 18.8943933809616
70.9475891965772 34.4825236421715
83.0363481929667 64.2124251546841
62.9144700693529 57.705565077972
17.2534389856281 50.4341514184889
12.6267459345747 14.6701735823297
24.1538912435432 27.6085289235372
46.7054060390094 8.09241363198012
16.9997769704568 10.4972020126632
46.6411117249433 6.50834987124568
61.6792539014311 86.8319393820065
4.06287134211357 48.5266106128124
49.7369245493791 59.673707401416
27.8753680100283 3.87988046357748
38.5515415395646 72.3553617479272
53.7616448090769 30.7566972930051
67.3787606671558 38.8729118239029
25.084055928969 57.6064521242698
85.5250064137403 3.26987822786123
76.4511012993502 61.95002493139
23.5765427197821 24.3512499543856
68.6826640375295 29.8979465041983
48.9665780785504 14.9265937539946
25.0649780288741 29.7754413043695
75.9492237454193 11.4817007272241
18.460430137071 52.7362368612501
30.5757946420919 16.2699404063618
36.7845029300664 16.2303811859049
13.710546862407 35.1185018731012
26.063535900297 53.2694272208818
78.1580787171272 49.6843433998286
35.9103376907986 20.510506481158
61.4059058042281 49.9632095535662
38.1071668048483 3.34279020207049
49.896398589219 51.4917130203913
15.9761582994639 83.7639195224417
49.951099390238 23.3689797923697
32.9173124344461 20.4265940647737
0.158657701413567 86.8351683419412
48.5664433828883 39.9500514156618
5.12257122271759 38.8132148517374
6.43484531052312 35.598573403484
81.1210020586527 49.6873726219369
20.3157049314014 71.4095280952002
58.784031999551 32.5314239022793
39.1693976552202 53.1424786001602
44.2692537424305 42.6780857501183
60.7208632569415 81.0750374295274
62.7130883373018 3.39937753932553
62.1793157885055 11.967228104899
27.8490311169255 54.818836132854
81.6825971504667 80.0357845632259
73.4536684136399 51.1070750720265
60.0534337546166 48.5820890105442
8.01311109654922 75.7350153647626
75.007025134405 74.0254944413069
15.9715395153637 46.465383688855
51.0181799033178 42.3781629688799
89.2746428630638 16.6430582334313
41.0053814116136 53.7752433982836
21.010063128654 9.11439380666224
6.68814058610661 2.06612701954107
18.045681868416 38.8575048580616
7.25451827786802 30.5625033979504
72.305914739003 64.7549714357914
10.7966020570504 28.609313249247
80.9841723375421 68.8929427273722
40.0732640538274 57.8272998405335
78.6026694707403 34.4252516126386
41.2313472816841 86.1226744314272
23.5094454326778 56.9241597969013
46.8804793857054 13.4602918738732
54.4876192149598 61.2950366849613
56.521204452845 11.599001320849
68.3635829005956 40.3824610321174
26.8370155586419 40.1903468073911
83.658229775255 69.3633777230143
68.7187047612668 26.0320586598499
59.8228846901641 70.2572520749639
12.6625730795975 64.0421195369102
24.2186761665758 7.14553394049283
15.1889857909149 44.5968833361232
78.0048694881564 11.9891772795291
38.6403049487813 47.1007844422481
60.8151946149425 29.4307373892439
86.2444107113865 5.89657791031442
12.8983242180709 58.971285918686
48.7194728761774 9.70074762152173
79.7366551770456 12.1664641682897
41.6151210356125 57.2957047809527
75.8147343674062 87.0250025629993
44.7691996560936 79.389149701624
38.778546254567 69.8477739942307
30.859299990793 3.72478508837872
64.9438710321753 14.3398580745151
12.3157539930087 49.1232389839529
36.8695556031264 25.3220681161605
46.5490173328035 47.4080764330414
21.4744391955626 7.57051985413689
23.8025389196763 0.290923872204161
0.0386129916063638 83.3023901459774
77.2669806450166 30.7917699636167
46.9627888305026 5.48340435194987
27.6871178242718 87.6712115390549
64.2515744953907 17.2436939256279
88.8628341356598 32.9696716456026
88.9081794109609 52.775441189079
6.0287470341969 47.1736489618316
66.8579546168494 31.0050072348748
33.2574753597884 89.059004029866
5.72032800147564 40.932972978018
61.5626908286269 75.8041811913512
6.78029833306415 36.8076882095538
46.3576421901451 3.1736008550223
70.2963538270008 83.2591619719981
53.8722571823435 14.7047623908459
47.4945738854117 49.5134814241873
73.5073207317795 37.9217083678149
82.946906117776 12.1413895633385
58.4481076301878 15.6602810105147
3.3466096305742 2.635316313538
66.7632827172842 79.8275611343895
12.0736406768815 25.9499412823236
35.5808064613108 81.3258580343821
64.5273364533114 30.1784850772839
84.3313750979537 33.3887348549874
8.69741494071793 26.4827769714971
41.6393322858428 5.56230725483708
42.5035938667302 56.7930113746537
28.1759386546917 69.3384954092644
43.9469932158983 89.9263618951215
77.9717828463717 28.4501793255293
54.6405784874239 79.6905178250418
24.4050284053871 63.4912627043668
69.6138189924447 9.92426911267145
32.4615417865925 56.6103616162714
65.1191471291129 77.5677144719518
11.5561684729785 24.8183484354929
54.3481219949107 41.0667328294991
30.9301245984123 59.8043187722011
48.7146384634538 87.3805000598544
88.6421209877218 4.49476425798188
4.57902367421045 78.8849078361139
65.4971791551661 82.0491960798806
51.2824344562352 53.8210937420498
12.2897120250896 0.234281657760249
89.9401589305355 83.1630849874079
35.2629332391608 17.025733828152
63.2699662799217 40.0555070390705
86.8810354055728 80.9938836107187
38.9540572303487 40.5605947064911
10.2338703833115 74.230836693818
33.1396796709871 24.0975348916677
19.9572944100866 33.6147332004243
84.2881919069434 71.2359956820391
14.4439491279331 42.8691143165607
38.9678228668788 23.0254491940485
43.6985081861242 69.3587811769451
89.8979363573576 37.3532413223528
51.6409774460093 11.0877052545467
83.6829401165283 30.3264112185868
84.0973712682279 20.6439016411628
53.9175116955779 87.7203320695006
49.7921096594691 8.2405356807557
64.8651216664436 83.8893817268995
86.1450021725664 21.0173160243214
86.4882478661491 54.6288111293219
85.7913337742639 49.3414957107808
18.4056187219216 56.1907028087385
1.04312873268743 27.775482772599
59.3716076446961 88.8338976082024
34.6858775277348 8.66166546147255
41.9621654860186 89.2118492542829
14.6320407024292 11.3854907605484
22.513970372307 87.9055418035357
57.9805886298661 33.1766949758176
16.383430864771 16.0138886240562
83.1166013004088 57.4053970883909
24.2105386391066 73.8890867303505
10.6668036309746 46.5306913934388
67.1374865569168 71.5356760567884
79.5581123483481 51.4881293972714
28.3143933863074 53.8815613623687
30.0653144083994 62.1864442755545
87.9804920356329 28.8676523670147
33.6336179289365 19.221178781527
49.5899492574044 84.3586748150726
25.588532953359 35.9347001065413
2.83186800280443 46.3404916212891
35.7843334239042 27.6365916568046
89.6914070189551 53.4936001366053
8.92058526616378 19.7254915737417
77.4895322850267 80.2188989017361
56.2293811692168 4.17002934853159
54.294029788351 0.00534000213455954
80.7394937197452 20.6013490375076
81.3357177337677 27.1852221927288
61.9520656883144 60.5203869038523
30.3011729018476 72.4909568225504
82.0036404167274 82.0006641036406
33.4883590838337 76.8621468773811
27.5054870707534 9.33339006437407
52.8065493040325 89.5021936862869
80.4493291664151 28.262562116911
86.1538873142102 23.8565062448639
5.23574407819698 25.7385841880819
40.1101964484669 10.0868373290167
7.56579445724551 55.2166830797346
10.9485068826448 70.5007515306468
1.5503364079272 44.9112024186167
82.6821644791096 30.337713610564
31.8350029286012 12.0930192776251
35.6659381335358 76.7717785034343
14.5267439374189 78.8799929790306
70.2777614798714 76.8002151313967
53.0976194082206 9.71688216269172
25.0828288048048 59.7118555341186
18.2867771616119 61.6344349012268
83.0254278397658 37.5116220235705
61.7181202456202 51.1655715381589
13.0665743397048 69.9947982881209
78.53799750556 46.2819671326086
87.1300547453237 36.2869329447992
15.7327286373809 73.7946656891177
28.2880604577286 79.9139943416778
2.74042423113666 39.9295936963384
78.0227266785382 51.6925055861624
34.0709744109128 89.7313093431267
25.9205589775165 33.0092234591331
46.8244771240306 86.1971660501074
21.1517416644903 87.3295176129394
46.5582014270099 70.3875847059062
69.1240639434139 35.7443910051631
56.8661352198697 10.1451651081661
24.5079718632233 21.7148945621
81.1383540146163 62.0816837371625
48.5723874543602 70.9880414057503
72.012365704784 61.9955104637508
14.3415965575261 24.3991784926553
36.0354434904813 48.9695964276184
51.3679505996856 14.2747401141306
67.9489074102628 24.906471049573
46.5264070942414 44.5251253624449
16.4282208027369 88.2721403296758
30.7147420611286 6.79717926572259
1.81972996722411 38.4415673463965
8.27338835373421 47.4349720676492
15.8972404628872 87.1450989745451
39.3747017331101 50.9043844584065
42.7489812831245 13.6149346772653
23.4765636189419 52.9582358369185
22.0806816610506 55.2551380165784
36.5186518482233 51.3251506283569
49.5723414572553 5.40882533052674
81.7944700445039 24.1009924236379
66.3750912115043 10.1928928152287
82.2720928820978 62.5942457478425
83.5714963393292 66.1021347295846
47.3330717196064 46.3460948480216
1.03390907988814 68.2933289760378
52.8643764263378 32.2279643181417
22.4467062340816 35.4919882402274
70.6274429289276 46.3094190671172
64.9391541039506 12.3718507939651
23.6171716854127 68.9729229234906
0.463297631380577 40.2349331627214
14.6752974695753 18.7356299820681
2.31276244237495 17.3307084491408
8.62572548184115 9.04315237351078
24.8647841564474 11.7659640884222
69.9152198573815 89.8048207428532
44.4518831713159 74.4401770674977
51.4209742299599 26.9723716269985
38.3840088744709 29.0590755486648
66.4271862570131 67.2481273979763
28.1470231861442 18.1969276981007
45.7258473230167 53.2788607340863
67.2096281398258 53.0081352499265
26.2370350767199 26.4502485797799
9.91684670050208 72.7785335147027
13.3929192956621 78.2556181940561
48.5626348619018 79.2075273258227
63.7719424500795 79.2088786641184
19.0564510716291 70.1406508530783
86.2144581035819 68.040291093486
56.959753165295 78.9505363572313
31.9165373788512 21.0708520160092
7.75068962539304 14.7743155573445
57.1371420492717 74.3659120228379
75.9317791413067 14.9124512845795
54.954501108243 1.01835755890995
51.065175487572 43.8715763047627
83.7861650898334 74.0484024133574
80.1579635321095 74.5305860587077
68.0132466506936 10.4599979929122
3.29307431499135 24.0475096446087
82.2669181795561 5.20708274300283
5.58571185356367 65.6559873791853
11.9213954357584 9.2098308019736
3.59125873417067 63.2005527672083
6.44558648724942 54.7077147016384
14.5759462613486 39.260267980382
61.0040466250846 79.6953666867776
47.1802675538008 77.4389842962155
28.0395929628093 29.0266075727001
8.34623562555475 7.00535126396041
55.5961554724839 33.2747494190706
74.2498604796245 64.3878882107899
83.6035534873143 72.3998329466827
57.4554485050793 63.7157411507279
16.0468538138894 7.36709218791496
69.9540730987532 57.8568946608642
39.6821632574094 64.2848546478699
62.8044189321762 77.8396382587227
67.7300909786327 55.8919158857331
65.8071031132851 27.5961265221721
27.9441366133893 0.13182451843079
80.015522845592 50.1205897085511
74.4945121098911 24.6962495124523
45.7608960829303 36.9086794399562
41.8490135168814 69.3996355126477
16.2322178677544 25.238351871832
76.503147153928 64.4062917857687
48.4241481053133 68.0535329203799
89.7743574962799 69.1062969100157
75.7209585157284 27.2335979947976
23.0251347372439 45.5845881088698
66.3754362354037 84.6645948120961
18.7401401071125 81.958756843478
65.0650432355409 9.61364882615015
63.1559710436043 69.3170849408671
84.161353123542 4.81846038973153
64.950827134402 63.6231679706124
82.0638148169459 71.7732471278831
48.3839213851984 55.4591633584316
60.0597180241527 61.1236285911294
3.72234043748453 57.5360662789564
56.0282062219489 38.3041451093718
65.6358118498584 78.4693845536681
66.8652408208416 4.58677519995142
39.9418935019838 25.5679575302238
58.5292203770206 43.4933044954448
21.5681696443206 37.101016040612
8.6382301844969 55.0184618784257
45.6305661408271 9.27005327157929
60.2506855581667 22.5528836089166
20.1166833027354 87.1914114453794
82.6100002631978 49.8775261432684
5.7960001267897 69.9221004194955
10.9657688348861 87.6867319852593
74.044265737928 66.6698195654573
66.3216048190379 83.2853906305136
20.0733930945499 77.2464805386461
42.5049970372623 66.9387269168387
14.7734909277162 21.0356143238383
0.651007384116546 69.7562309547715
76.6255204280826 34.2238790442097
16.7779869402625 39.399065745658
66.3333149383959 47.7546743490956
62.7748383042816 47.670898459299
4.19649728129325 75.7611309152572
35.4200648927241 3.942174917918
49.309617160813 13.9547947429196
14.1745023702618 17.4410820253005
16.4679405992947 52.0781750743107
51.4495237350681 45.1525186119857
71.7739448164079 59.7860677214638
73.068653607234 60.9598099187581
50.0679185910928 58.5832822194183
8.91586089828895 77.693122603077
28.287498085904 58.3903619790237
19.9317100467093 79.2787220448312
72.9691519388221 12.3735399926193
67.0536063231372 76.247321599967
86.3386324238155 51.689832608198
7.84472202434262 49.3729740656092
64.3804681227991 47.8608714588282
58.2399632294225 39.5004699688997
62.150828324299 59.1622707250922
44.7406459499734 63.0946082108536
87.4326310472191 26.1402586078924
83.5391942069925 42.9195628041177
15.4760501201311 23.7823197037604
37.1347414225446 22.1016333106988
27.2511041386707 48.7421518278281
16.5120748494423 18.9989334433903
26.4047665829977 21.0998219404001
32.9964273269124 42.3701202806436
43.767014362312 59.6554911637175
14.5803439991801 26.1336038501491
66.4519068579848 65.5197998726371
69.6142386129891 31.6327080579067
80.4343625052471 64.9530646646562
45.238420150635 75.1392915665487
48.1593220386732 13.0042924436263
4.60516516207253 43.5745993400839
61.9869607605446 43.9805615655717
10.551676829172 10.8083449555788
4.03038431864733 13.2759048793849
74.9227057685296 15.1345114864419
31.3645036375063 34.1182454373241
79.749920256941 17.1782695332851
54.0471431489601 69.3732800449495
45.0442626627578 83.5473030312622
33.1869833124761 29.1663923731305
86.0607419034978 42.4318022481503
72.255606280773 34.2729576927591
14.3261695131942 13.8466452023518
30.0888046935577 45.4359850881439
81.7934333202007 70.40725943414
71.1326562469126 36.8916534936228
14.4528853724404 69.498338703137
37.8694745673443 82.8628757311427
47.074864939623 28.3450023057823
77.4438333789166 43.5391870985102
73.2213583306154 88.6950628516198
5.86808872429327 79.485794743693
48.6035078574985 15.9786511858287
83.9297491280285 81.1538076039957
73.4548926631135 13.9552691849298
43.8748443980246 19.5159799024939
86.8662460811575 86.8632203934452
31.9168210219576 24.7465154015296
52.357909607685 62.7486726492089
12.1181032909648 17.9597405961307
57.263364105371 71.1158035609341
49.198636897288 12.4887448949227
19.3991565699134 1.20624747226067
63.1769385389085 58.7916974529408
77.4294256933728 56.8855224736647
61.800476032717 89.8203345649349
67.6274023527191 20.1117199738985
87.4608389441302 56.4535285357957
60.0837756792291 2.34314135123128
35.2463134948031 49.921284927595
42.4877768128447 22.8194278918799
57.1847501751325 83.6138303608249
46.1603225949564 39.5505746213696
26.8984625939087 80.4253033116058
87.9202698392941 54.5130515661445
52.8005894477434 25.8128069529882
77.6676385320997 27.1807110212444
20.0448140056132 25.6730343227254
64.9429544006884 49.471043452252
72.2659152621331 28.7495990640134
1.37018019429934 88.2343531978215
81.7105948671621 86.40664445253
69.7983173186544 18.1482528390811
78.8533616970308 13.0807332677064
29.1221271908151 75.0547862375935
81.894494574905 67.5074227387117
70.9160601748395 10.7684171076165
39.8796084896975 45.2987724287768
89.6561043606136 15.3960245354017
33.9282629733385 53.4393166785177
48.9593515423669 29.4059656068477
72.3669287373284 10.1213966088872
38.9406239663064 88.4436067841961
26.4345307125466 37.8476182006493
5.27265525830106 15.5261556833096
63.7451029238153 83.2793435527535
45.4162552339522 44.0536023538245
3.49794156846396 6.09914861390557
89.5970626336047 31.7734976006643
7.7796309080377 85.8939612689043
26.1461074585918 61.9505435997968
34.5645767830367 26.0405805996367
31.7019717879257 81.9921256133501
11.2174015460788 22.784473435015
63.3341680066406 60.5792913928386
70.3714390520124 87.5134760845982
47.487688843996 71.7516872750335
22.6006387942463 29.7435637519215
23.8649863127096 25.4918855149326
82.1893431069543 33.1983162188018
55.522057606823 40.1813805506966
68.226291167613 74.62804531865
12.6828376402657 44.2116026838267
9.2698671140646 34.4970371955911
62.8397544735089 87.3970453792231
15.770574127782 27.9489854205399
86.5480937702054 15.2366381684695
36.0528711425426 11.1945561594855
74.8863547663909 78.9222842831661
70.193322395902 27.6719400667829
73.410763023498 21.1588242531739
60.468558522568 76.0438483794174
35.9251245075009 52.8968768642164
0.595941793991734 65.6261911474652
2.0122388694686 31.7033693039151
22.1855020680711 66.8163799498863
78.1475408203825 35.7806957883396
86.3899291077868 69.2854832443998
50.4543656317717 28.3093647369324
35.3817088610958 41.7979770912822
1.64689204788491 19.0894038227128
2.51638154111856 87.8167559945039
63.6663809045549 21.4758567226385
33.0368444975282 26.0433560578372
84.5859924799014 64.7983439589881
53.0640957622967 68.7987551840024
58.4189305492477 73.1770891884084
11.5660824607475 53.847190086861
30.6344071179938 54.473720354096
0.0579188776066175 3.83134353182946
47.6843226632532 51.1558304249475
29.3960273215 3.1302662619634
50.0338622976998 72.9083660368005
43.390368548422 51.6801155429074
53.8566845664485 81.1750154664391
27.252074648232 84.082259830144
11.3106929790275 40.8652762833859
45.1334394790578 8.17639417327818
76.7280351516522 29.1080387436628
82.3264290202428 35.1420779462224
5.99907271708648 62.4318276760206
17.0412954085235 17.1341047473639
18.5948207692041 49.3177244473534
38.5101422066268 80.1011951530134
80.0991700105082 56.4120442823975
52.2029583627505 29.904426933562
82.7129542862064 7.90851748005785
55.5737225087796 58.8989636808293
62.9833817135563 65.0581273355042
83.7826479562525 88.7438381314188
49.526523155943 20.1773651383823
41.9580080030424 25.4322702713033
42.0877554585848 80.4087647025053
12.2366014832711 21.3003316146607
33.9061013317907 1.16826783385491
49.9733357941485 61.4321335142284
57.5838679980913 81.0843430311198
12.7535956659419 12.9917776919337
13.1324175835623 57.4449157820077
20.0867451922807 28.6194143618826
85.6797442507793 76.5335799882903
88.7738732938563 74.5190283043765
58.0921423335908 54.1789360818269
68.5509235195942 18.1842876865749
46.0724352682755 81.7686284532604
15.6373591248314 18.2458485446258
31.305868147842 26.1063834905981
58.6147974980677 78.189636792921
68.6319393076302 89.2713005303834
73.6504381730407 8.17110604007325
76.0654743719261 49.1434450776311
82.835140544437 29.1708169000437
35.0007111462159 38.5041109945853
67.972457434 70.6827009470149
23.0254526088258 16.9790411778599
75.5169837530218 64.0957587088559
1.01741120619248 8.22257170183754
72.4766858661322 77.1151791225505
77.354528465577 84.3661524868184
84.6503550556939 29.2575989194152
81.9600635537262 88.4198991595372
38.5590686068157 9.86838452244946
59.5730736098757 73.3851731006725
79.8602449962941 79.6344845924938
9.54928313769006 3.08317186746919
65.3237259648945 85.2525715881016
81.1449357413831 10.1144093833268
33.1451870345532 7.2540664785069
2.06002549007156 48.7252171251428
43.9761625466673 2.59081162117013
46.6815112050246 55.0544998910529
16.8811475157461 78.2400910758761
15.5459506301865 48.5779237028755
15.3621017479979 28.9459843284344
24.4606029902661 51.4423281436299
28.4120257972166 44.1410030986248
74.7848281290256 62.7391604703332
70.6502798750761 19.2023073935944
54.181384680167 70.4275662710145
56.0637752401079 63.6048723278331
89.3628362259792 48.6713847369778
79.1836504235207 6.39034660967837
19.3669161543384 60.2380238973803
44.9853656125538 51.6602619147994
78.7221846453094 77.8097179316556
18.1342963311002 41.0959666990981
83.9909381346971 55.0781216685763
65.627272292678 64.6711907673374
36.3895058934616 70.7400991043837
28.1682784812189 61.2339297259747
50.7826634847865 88.2350074786603
34.2106685502351 20.5129493337317
74.1949866049829 67.74535001761
37.5709643255194 17.0054391639117
11.5168747089114 29.3274513237598
49.0989643777362 88.8243838371707
76.8548508256494 54.1163141938913
1.15276088301375 34.4677364305871
83.7330714541119 50.7259776989672
69.329737237977 16.4464711010812
67.4789620658344 28.9015592174103
68.28064325583 16.7084027349466
10.1333436317619 22.8196817563908
3.91164041456502 11.1110458740006
58.4503825402804 65.0655929133517
82.7979826165364 17.4003695248384
9.09546531352422 40.9195508593791
46.0391535910527 78.3990474098884
51.2444281834822 38.111756007849
68.8207695312183 63.6701153887229
2.64990462533465 77.0270638212102
5.83303272016554 43.6912583979857
30.9231491797108 27.4644156205117
47.4830258671747 9.23520780159656
30.7860306509574 49.7072729193181
11.5470593193577 71.5036507108395
58.5476743827087 3.80106079692801
16.2416567601568 20.2477756342941
82.1842601401925 84.6878991854296
83.1899399341143 79.6930152420657
54.7034322508626 15.6205148658015
25.2555946668123 80.3706669676946
25.6244535935397 6.72868297738596
32.7404147265426 82.5046472627824
7.03487743879958 7.20235804368208
88.0196081726433 25.1897079077042
75.3589292632121 79.8937107482227
29.0263266726484 24.2826918308764
89.6272113418239 22.742680486475
6.29994744265755 38.7599265778095
79.4406717001843 2.08860128352882
41.2781940515515 27.1531372980127
84.4983727447329 11.2922921200275
69.1892111580428 73.0746341375421
48.051273963463 38.1643033090051
85.8085568134917 58.6281447198675
23.4304220257614 44.3340706031371
7.59495883239527 22.4172660155226
83.2314258431705 40.4550100983433
80.9915979941053 25.6557416736757
82.4880530839945 3.31705193540692
33.7755032471068 34.1192341893835
66.9264585381837 45.3852535513619
25.5123746373495 15.2761390413487
10.339225425736 36.1372890793177
2.75796172347309 44.1378051513335
43.0567107802363 5.71697383056311
13.6521484164445 71.2713377761838
12.5276581327934 73.4080884054769
85.8516008740591 60.0325763171968
8.08808181949733 31.4596086169971
84.0060961672024 78.2710376533834
53.9523541929139 10.274852995323
78.3695014082843 43.0851763349263
22.1700009740812 41.2541695484884
0.76350218687093 52.3698835817741
28.9087744848162 12.8619898835196
4.37161707736802 37.7510262740213
77.5888609412542 33.198573256478
30.2176135472338 14.5371726079262
39.5199934540582 54.5465190692078
56.8830488769047 87.1661107003015
24.0685916531077 40.6180210795246
74.3767670638534 82.1526091663753
35.4670932072863 87.0085916140987
16.751146221752 41.0935882619606
60.0967502483921 87.1538918477005
42.3768039189696 86.3662571835973
85.3172635845266 75.201766542948
38.8279726902774 67.2438923088329
40.4345780804037 31.8133230167684
14.3316422919895 45.3282661942406
66.0958517144259 11.5276579112274
59.6436447445577 3.70363142736963
63.4068195303267 29.7462800553661
64.4356458748069 43.0934359100583
5.51865819316223 71.3504907554204
88.7227315067663 36.9009246507486
69.4326980581181 3.51927383024467
37.9084961844243 58.2205817090489
15.5153202743866 50.1395595653507
55.3988718800845 46.522898690009
63.5311711500461 32.8951275890674
65.7899861020131 53.024849267938
14.4650498743703 66.8593463964872
10.8452230365975 16.2408245473855
34.5436401669914 64.110393227159
20.9354829951035 27.5219204636703
12.292651188795 50.6617146416757
80.3241662222129 6.23448483319287
75.159171133274 66.8641022353939
51.9221238486863 41.1990530482056
61.8908589086999 53.4704888884075
36.2120097822441 40.7494954006609
18.3744499307371 51.2641795591338
52.350747466907 21.1901199554672
76.8100287934151 7.96500490879495
83.6980780214048 47.2919581679044
26.8012817708412 34.2039356480502
58.8381232430507 0.126650548700056
76.5072353680037 59.5184633001892
61.7623984358373 23.1076611541994
49.7324050428891 37.7757777616385
19.6606766971632 12.1710977571117
38.7076428788984 4.97182223521627
19.3107489963635 18.6107407042943
8.7928872739155 64.7914925756944
55.1529331390748 72.4965628972978
43.1872478859505 43.903719190525
68.0364199201793 3.98492565472331
68.646099960759 77.3162573350362
64.9842135236782 41.3588903784231
6.83759491165429 60.7309141106514
31.6552150248251 32.9394050663169
60.3224208585213 58.4509945432973
15.3370580228614 5.90398234462043
47.2685475353235 69.3284785787134
6.95077813904373 34.3716506776514
15.4700173974762 81.6819871314129
48.2059089320964 4.46385706105531
26.114959071645 17.9161036976227
26.8782964173688 86.5994802421537
34.4844563114023 31.9926255439838
54.1115223952275 78.2559058743581
21.3364105723525 15.5308706467226
84.466482585795 57.7756898278278
63.0667447707841 53.2841104787342
54.096596251072 67.5227198653388
12.5951789247513 85.026735471308
34.0897649187505 79.4107288508211
1.31415631473953 18.0759950636483
69.6358346296026 25.5295512136404
86.0742132173286 16.3123986105373
13.3143359274891 40.2991946111598
52.8786688499344 69.9580300854982
18.4326211471781 24.5571236557221
87.4436792696514 13.2238284974473
8.02123379227229 67.9393531820085
40.8997054156182 78.4162170047331
50.4997574312499 0.771808843084685
89.7794079121702 50.5209832208491
6.07898124844571 22.8032153696957
23.1510536096174 73.8191095993999
27.3599777326791 20.7624420417871
85.9440125436953 40.7204974124761
28.0321436363046 26.9624892324331
31.9648865885693 48.575552692984
68.7626309501604 28.4247183950773
10.544735542655 38.2195439123198
60.7051330575674 15.261742482764
28.6281829048761 4.75187339478133
54.5942076400207 57.8697763484676
14.8888265362782 9.13352870971053
58.5120546042193 41.6480400861422
13.4396847869195 66.9423476523357
62.0562250008872 79.1036981442944
77.7537376307548 77.1100112813683
48.4874083098543 77.3237810111433
85.1269662708808 85.9589859108581
25.0914337560075 87.5005314631652
0.14708561954226 64.330499611394
28.9008281852184 32.0065712406485
5.56663707538942 6.75400113605569
75.0044166907935 58.9884322666588
58.2646437856011 22.1622161180341
54.0173690038177 50.3983505898155
47.4768621635095 33.5437517157375
68.0249544475171 2.44540524232541
63.3632366979251 88.3096502289558
48.2834162053756 63.0667161478731
29.321414568633 38.605704442197
59.2226297067024 66.5716042154208
52.387778315562 11.9907387688049
26.761395128325 25.5856572670967
53.0017528075896 45.9568490195601
35.4085833821818 68.7957930370395
22.7683037791195 23.5650856237182
63.6008638852731 25.356697901931
29.5849296911839 54.4031064553274
67.402932618862 68.6298776016432
66.3774605322196 24.3778168596207
52.790966918426 53.6371942724742
17.8990582578235 65.80544799153
11.5685584928993 56.6499843512493
46.3043589093015 66.3214606912367
59.4844795123673 37.0974015461591
36.77015105924 62.3112956421814
81.3856850420331 14.0886150729841
46.2598186853963 20.1087046788577
0.0497045888252856 81.4635685970748
1.17985546292783 53.6726812028969
74.0263662008454 18.9729558573407
4.32830007649795 82.8394641893713
67.7505520961607 78.3941821325835
34.8906257013708 74.0762100726884
34.3997664733082 11.7041473510043
42.3296860747947 82.7223311687981
1.49856779783793 75.5936498515919
13.2315657785879 8.55990425096998
22.4640656405264 81.0536909274101
12.861420145239 88.3696207042941
80.5108490656463 66.3604407720172
86.1822622227815 47.1342717346636
83.8681018551171 67.9470424512772
83.2743542273216 82.1373339405583
9.72033500279867 26.6203934750594
56.3561880489405 42.4177528466151
27.3632337359822 31.2044487021418
3.91705133807204 67.4426489141567
79.225466709252 73.2723450214614
69.4226227541196 41.2634770038638
55.2653988930748 13.5580551488347
59.9963022374105 71.5988700387628
14.0415480079083 55.3508189035589
50.5050199633003 40.7840838716244
4.67392161935027 47.5062111717607
76.6572354448158 3.87617259214231
36.5771932661471 89.4395706050562
74.230814344299 72.1646094263563
55.1617832850528 22.9829473118454
12.7779465965635 18.9069560207496
0.181497369166799 14.7291077047662
62.147823354123 34.8997095116415
47.0763333808041 1.63500291006251
71.2416010331514 64.1598786508301
28.0862393037643 34.286022107857
75.7515449936024 17.985493527348
10.3039520932041 5.51158697626221
6.64014162121173 24.1264458635914
3.09994991402608 69.6799338517904
40.2885529174445 8.33198262162149
62.299688979207 19.6889791821617
28.2031568623379 19.9285965235507
78.1695145027026 24.1849227898827
67.8321067542556 46.2419925336381
49.1179478721645 6.84174352303096
77.9826435818487 69.9716576204636
29.8225252030671 47.6484162476041
6.14709974629097 0.941868917032735
6.00400647017576 52.5281159491058
54.1213886205606 72.0520239568197
56.5897071524519 0.241270631785042
8.45372415050594 5.82975635339565
20.3916621985379 4.05504647691139
44.2899535474922 68.4097389021767
77.1698752509593 39.8161035003602
10.9101640773293 68.5641152876034
71.0305498424579 39.2556495062765
22.4153462750744 62.2842692706618
83.3852993406861 5.68264433526608
15.4152267441614 62.7983000023664
5.16577464142127 10.3125120423558
18.1388775160771 80.116283628587
80.0088207761575 23.2854237027512
50.1746193282743 54.4867508287198
55.1738798531053 44.152517814108
16.362881196782 12.1445988307696
88.3648203722906 0.270977550179694
61.4450315272972 17.8334925687999
27.3334674790982 13.9063031749004
14.8958973706825 59.2531884861949
45.2951090104782 19.2482143470139
67.9137991266066 85.8228149329963
21.9732863116122 18.0320240625969
1.34323055980605 43.8877315708335
52.1044982150419 5.7789818594334
63.699201584082 52.2424776394953
15.8943797475803 85.5482165238413
42.9326561810972 87.9615359155689
52.8137730690139 39.4269315943969
56.669619028197 48.9814913272993
14.7073154461692 72.1666479079241
50.2763558665267 71.3694758953126
0.533607191038463 31.4551133751383
27.4159855777186 62.0327979505098
72.9084077059432 66.8197600487744
26.8420461327694 23.462668916584
88.0468077342492 67.6669309393729
34.5626775638612 37.0123338066653
18.9962995062928 39.7273141031701
25.8676609882936 47.3527594969313
57.5753458786748 18.826730816316
42.6133247108521 28.0569109424967
33.6669243260897 83.2612014716175
14.855133603538 37.4093676515384
19.268775574593 31.5978989904191
25.3082340596167 82.1809024977862
4.0241461821849 81.7546320338603
53.9529685452947 46.5281008306083
86.8289551719438 4.06268814222791
21.0120474186586 80.9245654099944
17.9894454192859 87.4092130322196
8.00136459115524 10.8654769511779
26.3280456059077 65.3559063495641
62.7099243309361 26.8952763412732
17.5869425468926 53.6970984105824
44.6098354652067 78.3657623699027
69.9707972195333 86.4229851752614
70.6881707143934 81.923925808341
80.7537081457201 35.791941190267
54.4163085990017 21.6484488487718
0.929447981455063 48.2390035407899
41.6845518917068 2.58638315712219
58.8828699740617 63.1707218913914
78.9625298256011 25.7785566764725
56.1927023058117 27.6260107484087
72.06141534322 2.32291251658296
11.9408673825167 65.7987717203748
84.977794693971 67.0325963683305
24.4974649149161 69.6869920735549
22.6657865240754 7.79337977956857
70.5120756715713 66.9040080624067
45.7776408153054 34.8620386555571
0.611782379343957 73.2715202735863
32.3843448277448 36.5800917816461
84.4367332226762 45.1415093623388
69.7275700433984 40.177314809117
74.9461724179078 4.46100864977055
32.1741649305801 54.2892118437442
59.6676521719656 29.0898469802475
68.7618475904575 78.7845270588191
44.4089936757966 55.8730304342252
80.6059171805441 9.07840568079983
20.9147498781011 14.4055757909263
29.3317947801937 55.7469131156937
71.5630589137032 35.6364494927973
29.9083251659853 48.7116042577853
42.8647720959684 53.9447834437448
36.6585520872411 76.12337480661
45.1398147767466 16.8418945914447
73.5200645400633 9.33549857254405
23.9889819366304 48.7841807290182
41.755933401572 45.2879113702737
25.1814835297847 71.0404654367028
62.5134382642334 63.9566262002658
35.1880758012248 21.9962530613062
34.8530878151826 40.592646071795
77.0984634805161 89.5467395995318
25.3728390680444 72.2442509869347
63.1175516945358 74.0006903209051
83.2948976150038 38.6732204472039
77.2058258586316 88.0296055171812
27.1358685572876 76.3482763359574
1.06084174997523 36.7676135806111
42.4942387734938 29.7027615855412
86.3294805241339 10.5599629359913
18.1016962143072 18.478778168098
7.53949761741215 65.4976699977132
9.71237818079867 44.4057965279206
68.8996085447291 14.257478197102
38.6501110740761 44.2076234786111
75.0770055654524 18.9569518578985
7.09943285416937 63.0737844158734
5.45531861393396 56.966458065742
29.4949970009528 51.2272976530024
8.01393034725745 63.6270382010161
56.1387099972874 75.9298318414177
65.3132780599002 34.6878667634597
48.327915226646 58.7992424564965
12.9455986371063 52.6809816333012
26.9304325489721 45.5805272371067
59.847826276339 19.1961138594308
35.3391920177333 51.5593227768144
72.9657450681939 16.8266170401387
45.2533297599563 41.6142754010342
56.8091051436869 58.8167238115045
39.8124043072199 41.3074468187134
42.3954216391664 62.2839699674697
79.0610664955299 40.334877670095
87.7958096132488 73.2930514794631
88.3961061455887 37.9518317507421
49.1130625326293 89.8610142249888
24.9391914150592 28.3898572807697
77.8980218879259 18.4141494493137
87.7222680630725 31.6903751374151
33.6085641521342 74.3933431496799
83.5879383028223 25.7876719114259
59.6380292045733 82.5555182036821
63.9888958382391 76.1206797717076
40.3326296582623 53.0280494109871
69.2550078965401 42.3356128940596
41.7363000549186 15.8530977884482
12.5275199471672 86.1222133821069
31.8339075758014 86.4902771124404
88.4683799642184 10.4139554480519
36.0551538688917 46.7550458329087
61.7249855569457 56.5986581076478
65.471791561439 45.5360959224907
39.675225200231 69.1615040184544
86.271881211365 13.4047609359484
5.78891984310427 77.0889920140579
73.3400804539528 71.4703383587474
51.2943987101748 87.3458647637251
33.4489965711361 81.2595621430122
53.54297106574 3.34478130191485
21.1611056081933 78.0846968577257
37.0462195350572 54.5552884065921
6.10007437881318 68.3278652550974
81.0034604893359 33.1108865977465
72.7474053019577 69.9192021368224
28.8896422776012 76.2161296626773
17.7892946983077 29.0274021752937
10.1474796884704 4.4910669827663
65.2633131914425 7.3016052329055
55.5477575495007 25.4710261186622
52.9775939768559 20.2599747707158
84.4422911742881 31.0110370176848
7.45244580964222 76.7778698367402
42.8102444378203 52.9216938504859
74.891234562881 88.5543436928725
0.0823676975319998 29.133892864963
0.356336851313337 37.9521057482734
20.5363661844568 85.4051075068072
46.2508370992424 68.2170906068188
18.2199918651214 7.5579179478715
63.0452428690153 36.1499526156767
18.3910798065994 63.2835330582039
89.9446391926297 21.3892924547938
89.687091121165 45.398304128771
31.7055765417811 84.10079778366
1.87289870056464 41.0115575723999
34.5781836583688 60.1493945257587
60.3620554709677 53.0757286483812
23.696618352719 81.6271401284671
9.21227127989415 89.8695154815407
21.2425390493414 62.2638146064978
8.7421936481665 62.3259648197712
74.8526984324996 83.6528682228162
19.7725583114032 55.3120405918062
19.6395684822688 41.749840050874
27.4432684963002 82.6436610624494
5.06498144599096 12.0497618383983
76.0714003753204 75.3409354394087
41.5904470466185 65.5615474379714
38.2874111417212 59.1757023603483
61.854332931552 29.2133642101271
25.8392620212193 81.2327113023106
65.1618478368775 21.0391650704451
51.6277645734526 69.1027693048938
79.8787483726676 37.032427404716
13.1920501392711 29.9664384914564
16.763935910878 33.5342126454825
38.0882829205207 24.4424287821785
60.7460933928771 4.50585927565832
50.9467481029979 30.6939203046557
17.9493383117698 15.0025026138631
68.4929918779159 9.51094542038049
74.7670773902913 31.0992727710657
70.9963042916135 15.1303574840281
71.3403334637308 24.7110468026339
26.9049783311288 28.3803011106348
19.8366604538735 68.5735285750636
6.57559258144406 78.4500456706675
71.9700146572562 7.79767846541617
27.6600853290637 68.3631806369272
0.633060574661037 13.7188623429009
86.7969157204915 84.1412001019343
61.3436806328624 12.7597460220891
32.3000674743512 18.3813498847101
31.5400278616414 70.7904744538231
7.75888389018935 24.2835212464111
64.6835614632326 74.7728602186282
81.9808614055561 53.9896857269363
79.9070166071868 24.3387846744317
12.3479855929219 4.02619681864394
38.5761535973158 63.7514943383275
74.6914083214233 30.1017655559823
26.1533444150621 83.9994401721145
38.0281743423528 41.349581474708
44.1286933567318 72.7473283509473
65.9519075760238 32.3039424938005
31.4723984794887 37.8447221143102
46.9693617702253 59.0446347156409
42.316387851939 31.1491161552147
52.1439351741725 31.0370848454988
88.8286062167012 85.1484697780045
17.4758337274708 57.6450754915908
24.938373007732 66.2698495758604
16.4195146933183 55.7895378175591
83.589700635864 34.104883695462
55.7350148778341 77.151521693138
66.9102416066695 15.4277211503364
66.3211144220618 50.6506524699294
80.2925185157497 38.5728114628941
64.7072539328962 70.8969953779614
79.2888022870437 81.8164228171363
26.5686060251985 64.0063416155409
76.2538299072064 83.4690211182278
64.4703995011657 2.49842765157133
67.947122867334 66.4212990867607
17.2795599617283 43.0186434763752
27.5191871673268 78.0842615421271
12.2071822942815 47.6127616890384
32.1220785765867 2.95835600339288
77.9947007962218 41.8975048540463
10.6867581139442 17.3242396537042
40.1506141552745 13.7870829089216
76.4626001932532 16.865478604142
77.6601205497952 25.7221648899406
87.0827649837521 2.00107327851278
78.5758568699363 1.38912859122925
34.5288013354359 52.1977079192065
80.0290850172753 46.0206078080976
43.1204543829979 64.6746113814909
63.2099630315364 37.3119260345149
18.5039613804541 42.0282896909158
46.2041646683297 17.1807127114268
4.66140991431889 17.301965190485
40.9675061468037 30.7623728927553
54.1791454246993 38.9621082142624
16.3839513950325 76.5423460349149
53.8453366226018 37.4252963442917
86.566083777269 24.8104470031602
2.50483728128696 45.3702022599864
40.412957283441 73.7900387317347
22.3999948590723 2.80202074043622
33.5404745296275 85.1430641640174
74.6640305420223 33.045261981785
89.4884706638198 7.48849043251937
19.3496915304429 53.706141380412
7.98938898136822 20.7380461937306
81.4873021655552 40.0214561007897
14.2567765379831 61.3828762893867
65.9831480035538 40.799101371038
40.6666445694109 24.4849305705341
50.6677138962168 57.1527556053904
23.5707844367944 42.0891605158941
55.4586402085348 5.67663918633755
34.978461949386 78.2083799539065
64.954382485061 58.8810740610156
57.1635032777204 16.8355716579041
31.8205644551405 51.0740271221381
58.5544399335815 59.0046342153068
26.6918591124561 66.6812911490233
4.12455113249276 86.5585292974193
85.5939844351777 66.1987485856737
63.4022993986823 84.6420289276602
84.1948956290728 18.9149064671302
77.7290513737329 78.2317706850141
0.925955681895125 30.3858018590826
27.7674977959802 81.1492409713633
15.7207725120137 71.4413176888872
4.67408197259711 89.2180816215599
19.9431759312781 27.0053183539368
58.6287636799248 51.8034027978468
11.3560454097057 32.8168812469629
37.7681421530422 32.5576212196111
48.5729913993265 35.2859019926734
88.3010951954886 60.1151927015782
82.2338425954157 19.109182302929
21.6061233162661 58.502032690978
12.2024603728248 51.7779290919047
54.2781803729907 4.55456845936112
86.1893931157699 38.679538770002
4.51257889182582 55.2703391215049
80.8766388927592 70.8283980234319
53.9394264380153 82.6445313935213
43.6423581217616 31.522874712642
54.3415115431362 24.7260343825119
37.7681180032861 38.7775658839059
45.1965239991091 39.9197525584051
8.33644311889255 52.4115471660686
69.5064268512521 48.31147552455
60.0255490751852 55.9627610018043
23.018137557465 39.7684086571327
71.5922794835441 76.574782514769
74.065886178915 48.7993030040113
62.0333002537971 33.905621681563
47.842427171916 85.9318107426272
16.1006417379453 4.33069863659185
36.1808494056982 80.1264123670404
40.2576271251021 85.8626718452194
60.6996971533964 73.889174711246
30.4940982701595 17.6267441301356
32.5595096118878 8.38985182677028
87.102731029697 22.1037208216526
81.9942854259557 28.545377704606
70.5993349904049 7.1565246087787
30.0008345099612 28.4891166572363
72.7409695857226 43.4132870428903
2.16915016555557 56.0283698148012
81.2532103778098 44.2599549782089
66.0264676279534 87.7562809542912
41.8722756254824 32.6800225215525
85.2159745975157 9.87157382663661
88.214035214393 81.773279301236
88.6696140440641 58.5493038178232
63.6525751364876 86.1581408353139
66.28644204767 1.78851240045219
11.765030643826 44.6325660273525
73.238824056725 54.3879789953317
77.1031888544591 19.4918220542895
42.4553430208073 42.9329132016022
39.7351190764212 42.5134228560886
57.9892013612697 37.9810888656822
74.0364321213559 77.4827791898861
4.56207969492969 69.3487048998261
