202
214 699934 3012
9870 595152 737
8719 622788 1270
2081 434229 1732
1125 714195 2041
4048 145267 6488
1554 2398 3894
7848 448779 8
51 154384 745
89 610260 404
72 3661 979
9709 794286 156
7350 617265 5255
1449 964703 760
3027 342333 1517
3533 824906 29
3186 57194 527
1073 646976 126
3849 683010 404
2597 957942 5957
1947 77460 34
3863 567025 633
3986 740086 100
1957 381171 6288
3093 819806 270
5075 908134 46
8020 444243 972
4239 225730 1130
704 772296 855
8069 624618 191
2798 827728 45
977 891607 1225
7311 635774 791
2109 248327 258
2005 588411 1178
5136 113971 57
9728 799097 2650
3247 312007 6232
9637 635133 1
1578 437794 405
6149 243724 161
2369 877879 1821
3234 854618 2158
5682 159296 1258
5120 990146 1204
8934 154441 275
9121 448429 585
1301 582507 1464
279 813867 1251
5773 400556 611
3806 308016 5
8322 917869 225
6925 589564 221
4617 488848 6506
5845 383124 987
5144 60277 613
1228 601649 525
7960 943723 915
1447 975933 661
955 272756 305
3706 711381 1533
5943 624488 4929
1630 497859 433
7402 868358 22
806 759204 664
6582 710925 899
3616 861323 137
5350 929479 3364
1990 760960 2687
9692 315024 3068
9969 264014 940
3589 986235 813
1629 723572 3965
4030 14408 154
4755 342591 1759
6412 152626 876
1666 545882 667
9607 334399 6409
1357 226883 147
2535 202870 147
1055 910235 1741
2870 728923 270
4449 879994 147
524 375530 620
4396 127586 717
7997 785819 984
2980 745898 529
5104 688045 10
5058 31348 3037
8211 148137 383
8561 391209 88
3902 300336 52
7084 571514 7370
3581 266317 843
7557 784398 874
7553 7663 1070
6904 230072 376
6961 421307 938
6281 632251 2025
4923 497402 2407
6542 641198 902
4480 158777 1328
9039 833695 19
4481 252608 2167
7799 375805 4805
7510 100405 85
3435 424874 1689
7696 310839 2929
4613 150678 339
6473 128947 4
7342 201671 1941
3111 299605 1316
4736 836651 115
6441 607644 131
7808 81070 4800
5214 139835 1219
662 366934 3291
298 72944 1280
1805 221616 3319
8274 464974 2462
4448 930476 113
1802 155332 815
5135 305664 2448
6018 268652 804
1558 230768 118
8603 955606 1091
2962 566205 1838
8350 260205 6054
3188 9833 3923
2846 376283 64
7819 839149 318
6220 724098 1852
8702 368825 349
7706 161861 1334
799 824851 1341
5444 92303 1954
1821 795775 4781
6348 952459 52
4011 647630 154
7594 670705 227
9247 896083 92
8263 314650 519
4468 314398 764
8419 409815 19
6114 755045 216
780 861980 668
1060 445130 1742
441 535464 1100
9042 30604 451
4887 985115 1776
2861 484098 1876
3991 685657 1818
3348 926891 674
889 653055 949
8333 140359 190
6380 584513 1145
8252 572526 2177
6994 86842 952
7678 174940 9
4444 473717 1036
9508 823872 4
2629 565003 85
2280 17136 797
5434 476846 1987
8 701618 512
8181 287120 701
1738 824090 3849
3654 793266 1070
3360 608812 2007
1652 732076 95
5519 157289 6
5234 435170 3443
6546 244863 456
568 887747 506
188 238688 454
4773 40954 93
7318 64047 6483
23 889118 259
6143 960133 118
5531 855806 60
2519 84989 4822
7838 225211 119
8779 285709 1966
8441 79720 1270
730 461640 1014
8906 708130 255
6295 131137 1516
5043 585565 162
8215 114021 696
8713 739321 2008
398 91673 2043
9883 225224 2257
825 791873 22
1784 161383 75
1858 775057 1064
9790 117958 269
7068 625203 276
3279 704098 1407
2171 874298 37
574 77951 12
2723 687192 2393
9812 979612 182
