370
1511 932026 3950
5521 371898 215
7175 707739 2902
6373 714175 1540
9888 200523 512
6685 487815 763
3934 104778 1247
3106 504084 311
521 383013 725
7400 400997 1675
1539 680455 3149
2847 219248 2165
3887 548357 237
7268 961906 1447
7006 345545 1361
5451 813034 627
2800 93447 311
2271 931881 4152
4784 480765 528
8994 339235 3599
6454 588023 38
4451 752370 1156
173 487682 6411
8763 106414 4
2895 932495 13
9046 713642 536
7451 338753 398
1546 336474 43
4378 862396 2588
9307 467237 77
18 325912 70
773 445723 811
7056 698644 2639
3413 644484 45
8370 513713 220
7560 355232 264
7427 407420 641
3932 834615 109
1757 930482 971
7945 516495 925
1197 551181 4254
3233 954346 2574
7698 155199 7121
8195 838967 310
7652 643395 284
404 573965 995
8875 687174 601
9989 900921 1133
1711 239881 8
5117 714983 493
657 623706 3677
5060 815821 1033
1357 357437 2449
5496 387243 368
384 728891 1383
9453 279946 204
7922 472547 1708
7673 485362 839
156 857288 542
8431 878910 306
9797 708165 2312
9189 268906 635
9609 762531 579
5214 219241 1029
9755 303421 1115
3313 286159 1393
1230 267571 131
360 631191 1452
8125 127455 657
2166 186449 216
1968 655697 470
420 455855 943
3200 970404 103
2294 85525 891
4918 718565 4824
1251 569784 294
2717 76011 3021
1691 702523 3248
435 881120 552
1341 240195 256
5982 903535 22
5182 341421 9
8718 128519 1161
6941 461044 11
1753 282030 609
9345 426093 1988
5111 455191 239
3680 52685 1572
7665 886097 2237
5785 963122 875
4547 312179 32
8338 364149 747
9547 585461 248
5410 263152 3596
4945 70456 951
1156 886549 1712
4140 545979 214
7489 28080 226
8180 72380 909
9764 348624 358
3525 659703 1749
7619 551711 380
6541 91654 3360
3581 441468 78
42 707483 2704
3376 95251 3921
7428 347767 1358
5248 620195 5444
3960 688322 2205
6438 311345 1128
7253 960879 1681
8005 7445 526
3993 642549 865
4466 992119 266
10000 427548 2604
4236 219558 443
631 536220 59
5058 14294 3468
7303 339627 293
7035 534029 2113
778 925405 22
1016 520012 581
5914 854511 1841
9452 690082 808
7382 72896 26
9895 493136 928
8526 4027 2982
2941 377096 1693
1541 415934 4205
8892 620973 1337
3618 654161 2095
9931 123176 118
5257 79821 78
6517 839327 1696
5507 104218 7528
4778 493756 1501
7929 874614 41
6755 179297 535
3542 950682 2885
1675 783980 31
7310 604648 128
6654 417376 1582
8383 899864 255
8423 415465 2469
8706 845638 3645
9997 791994 2286
7700 859514 425
6784 95242 2891
3531 711851 3855
4188 421216 103
5363 490988 5991
6146 170294 439
7836 734899 1702
4211 534835 3597
9177 781703 3053
9474 113705 399
2364 322592 1449
1905 732306 1461
7130 376801 2064
3129 447339 422
1254 455773 2107
4327 974234 1813
834 866776 1588
3917 770980 345
6241 235992 2646
6154 203288 2108
4734 894934 640
3198 699597 126
5624 618222 313
5486 430145 98
8418 458757 2321
4505 69874 2740
3527 886512 863
7299 719429 2139
4960 566200 77
6261 995477 768
8200 781237 138
9371 794007 1041
3830 127316 432
5734 849394 2924
2221 153496 4406
5920 628113 7081
2493 960717 3040
3073 917631 457
3445 921059 2454
5140 79980 694
7422 436457 114
3414 865510 14
802 109425 740
5497 688413 1112
1804 419296 47
2893 312763 1743
2890 322457 60
1496 350527 701
7124 983241 7013
5918 398978 1160
8762 196002 43
6920 855431 55
5355 830762 156
3884 343728 3849
5715 47468 2502
8507 166268 1345
6853 896669 460
3137 899531 941
6464 396525 2322
2128 480326 1948
2805 972565 1
6162 950989 402
9152 307663 955
5463 137191 532
4773 496203 68
6848 8783 1382
2881 858123 2
9938 429409 22
8906 324492 190
5296 768940 20
3317 93716 357
1402 334078 3362
8443 233188 4925
7602 534389 7235
6135 599092 50
9973 626136 4587
8936 419767 4517
6312 255252 680
1889 850906 836
2974 270364 126
1293 353578 493
9967 894477 821
917 794387 2760
6329 694212 1176
5171 536890 250
4020 354746 1240
6112 682846 207
7276 849134 5023
3411 450767 4394
1414 83847 328
4004 737998 1229
7313 392290 1094
9270 770501 888
8773 994865 634
1265 456182 7730
3758 305254 4451
6377 177301 3577
5113 679342 290
4414 847334 4535
6787 225920 580
5277 729928 6398
7354 331013 607
3036 895877 941
318 424813 2175
267 751836 261
2069 64796 389
2468 304971 2617
6228 110341 7038
912 697516 644
5810 675606 837
8806 431502 1595
7736 737694 213
3896 415472 2523
6772 782991 46
4806 397029 116
4393 702547 33
2563 330730 7
5484 746124 4262
7467 942649 3883
5637 579805 8
7710 651731 1101
2266 895145 495
6516 58328 3287
5784 842409 44
3741 904838 274
3067 730850 308
4985 786924 530
6584 194636 2192
5654 28365 1494
2755 715998 665
2988 115311 2605
3489 697932 1066
3783 919333 194
3725 17091 414
8094 233408 452
4900 442245 21
2560 755629 126
5114 30506 4077
3347 229941 1402
4839 943132 606
6014 758258 1609
2020 985642 1051
3153 589212 1450
8191 699926 73
4184 51415 937
7980 180100 3365
8610 794821 592
1762 979588 812
6466 105188 6436
9408 541074 469
4785 770911 530
2344 208576 1642
6643 630224 62
9584 639948 2918
3605 379794 904
3855 211561 285
7746 151826 790
4787 704729 1406
7429 578018 62
1291 727253 29
2532 799246 2750
5286 793259 1777
677 284156 3700
7457 322193 3980
822 524559 629
9127 276140 511
1038 636002 11
1654 309089 408
179 259991 2033
3545 580414 525
3826 662930 41
2372 346367 4646
129 805747 2015
6333 800353 352
4443 538574 712
6890 152676 3010
6585 729122 1929
7453 527237 476
8627 406853 1115
1045 384148 562
8767 5663 260
5407 344105 116
7715 386306 3
443 531800 1005
2193 54456 1056
5753 752386 2426
6448 224421 144
8377 204705 167
8067 573393 25
5180 723098 46
2785 259785 2225
8102 409600 211
5317 743990 599
4687 162106 346
5087 401828 4523
5819 997586 598
7375 361162 781
8024 834020 56
5107 199439 8
5970 454969 70
5869 235218 177
5190 913870 1153
6640 558975 352
2285 975517 3060
5863 550486 918
30 129726 24
7342 970866 2208
1267 659253 1633
5883 182597 151
6471 23356 5297
9436 939875 5363
9301 358170 301
5537 105219 138
9936 896767 442
8524 238897 1459
1526 789170 199
3224 47701 182
1892 70193 574
7764 562252 2929
7651 544349 1457
6327 104074 712
6918 144791 432
3722 724857 3314
3836 112095 3265
