149
6819 927984 400
6378 168430 511
9458 52979 1377
7505 563453 182
9736 301089 2737
9022 216603 121
9230 937621 250
6292 916865 225
6593 859062 194
5026 145968 2135
2534 313854 2261
9692 80535 308
4218 875348 369
8630 630370 289
7720 287468 556
3814 997610 359
2822 842080 1985
9288 84515 938
4407 563379 624
1743 91695 3545
8214 106395 288
9652 714944 372
3544 182568 1726
7914 769349 122
2202 265080 48
6717 134545 6976
67 265969 1155
3921 813915 2265
4072 450224 411
7672 5023 47
6018 731043 34
3062 420245 5077
9372 458615 659
9269 882714 1598
1176 253537 794
2342 521033 40
4312 87571 373
1889 138275 872
279 89453 3800
1840 134733 2158
5701 310278 8
489 1144 404
3337 309964 2889
4761 856071 1870
7634 215627 812
9091 274233 477
6881 110309 790
2505 399969 3
9457 252766 58
2320 480451 551
5958 973157 34
8110 588274 319
1694 951475 5820
1758 375565 720
6774 954262 7568
6538 79219 1018
1373 269105 4433
868 205210 167
8908 335241 4869
9800 928293 1907
9004 266727 377
5291 439038 9
512 492920 1970
9625 135622 523
1661 305656 283
4956 201848 93
4829 470068 1456
6525 281544 4351
212 135510 1647
6498 287905 42
7146 317512 64
5210 234524 3899
608 511898 293
3615 616484 57
7089 497111 76
6417 492643 5
5824 621913 1009
5444 718088 234
6515 189130 959
743 703532 803
5089 35531 666
8791 364035 2
1144 201921 2209
2779 212887 803
3440 958189 3722
5568 627477 111
8383 818011 5338
3034 486664 1552
7522 692261 932
7476 429948 70
1380 575760 584
334 8135 7
2558 771464 3829
2538 250811 1267
3231 942377 2780
753 792471 521
2125 701706 3063
3227 2186 1930
6356 610583 158
7940 216028 67
3066 504385 1186
766 772004 4537
2418 791551 1136
9019 105704 1849
5633 834180 386
616 963659 294
2829 190498 2009
5051 359333 2
6690 744102 292
9860 163628 798
3277 108095 424
6109 747684 173
2901 956905 416
2858 126321 2895
2867 624161 1635
9874 387980 1456
3437 524697 425
7196 836035 41
3915 10248 496
9249 515224 2991
9223 591949 33
4986 539409 1623
1755 695332 1436
2279 832429 1560
1892 744645 30
2195 91423 1180
3476 299849 149
5932 414944 5867
278 63504 606
6892 949923 17
7429 674101 182
748 385954 790
2174 323816 2822
4362 716676 5032
3056 552430 1956
8528 702717 734
1467 4843 1304
7698 919685 2337
3686 271481 1513
1439 44709 5313
2841 235318 883
8039 845861 390
2456 388150 172
2564 83396 3927
7954 563223 183
3078 879213 1797
3338 880029 207
5265 781143 68
4119 651161 5
