860
2873 600864 2
5459 458651 4934
8995 671405 1539
2586 97379 2177
3943 276722 1494
4943 504031 574
1059 672743 219
5000 82890 765
4370 726706 1345
555 219102 1011
8859 732911 1446
6168 74034 590
9088 771655 62
5763 168731 90
8703 810025 873
2640 505811 245
280 406662 5767
5445 948199 24
6143 123925 96
4337 712134 185
5617 7703 462
828 23230 720
172 25924 2143
1495 529889 3933
5923 921596 2663
3834 258573 148
1278 500513 2968
9312 919333 324
5169 571964 188
2385 599536 493
1199 264743 1116
7561 350369 901
9019 33947 314
5474 81853 397
1447 737801 45
3930 605456 313
254 440341 108
9188 40446 165
9668 495786 746
960 729077 4331
968 852254 1207
5848 567942 250
351 764445 317
9932 244824 3554
2771 519253 4082
2966 768433 797
7708 610872 3137
6008 550875 6337
9522 69226 6043
5473 568054 65
572 614690 155
8004 883293 1524
9271 799073 493
9035 16916 570
9172 286519 640
1258 147045 1307
6852 216959 186
8174 460171 247
2736 478561 176
1575 703438 1809
9372 538768 3687
6021 311228 2535
1343 636767 418
2984 269059 2681
9062 329948 5411
2131 646941 2498
318 379375 975
8122 27913 812
1525 663879 24
6848 510996 342
6333 471840 68
1233 940903 711
9283 434872 86
9874 783515 7
95 487626 91
3825 813880 85
7243 103976 1300
3088 206334 550
5869 998386 1136
8577 669140 8
6687 595689 443
3488 676657 286
6011 991458 544
9804 270499 1091
841 120852 301
7575 97134 4057
2927 848762 1582
7960 647055 14
7944 833429 139
9245 836472 760
8520 886279 695
863 216803 574
6730 785235 206
5767 477947 177
5035 409871 2329
7703 652780 2366
5973 112093 1167
1622 858393 206
2328 19760 319
703 188918 182
414 647440 828
4751 100316 355
6922 536281 4
8592 310959 6190
3168 735442 480
252 165615 2832
2911 233283 391
893 103412 768
2441 316346 172
19 490106 601
4704 877892 526
253 263527 693
2700 933988 692
4698 150943 1946
6176 477087 626
4500 487665 243
6773 111288 891
4147 259306 2458
9788 229164 842
1553 577394 1935
1995 137333 1549
1160 422065 1866
6152 343715 4293
9293 898518 1241
6294 182890 763
8393 69907 6369
8275 514913 37
2625 405289 5
6994 424088 147
2202 675552 149
2779 563007 660
9637 167035 102
8509 511554 1853
7857 681915 152
795 266980 265
4287 510772 197
4431 919895 13
5424 702414 55
5493 631758 4757
3848 986274 2054
3330 948172 1649
8420 716528 111
4124 769364 2386
2029 473670 65
9614 161850 459
8574 912316 1348
4480 538550 90
7462 341643 739
8245 705628 2314
2565 928538 448
7289 165016 97
3223 782994 16
7358 49855 461
1017 226743 433
8791 867292 95
2887 87362 4
7228 255832 743
644 738035 3164
4189 114557 1776
3837 261648 474
1341 235632 159
7080 196829 80
3027 793663 1218
2550 702234 1050
3665 526827 338
4631 611874 5799
6658 172552 2110
2976 345616 674
7641 41315 1068
3559 335105 1382
1414 159138 3610
5682 283629 589
7417 64326 156
6654 955386 1807
8945 294919 524
9314 618442 1321
3176 599282 1472
6357 178157 29
7735 82784 272
8960 543520 2192
355 711923 5997
4257 809967 813
9889 871925 42
6943 102658 138
6182 636370 183
1981 570903 4708
8410 555640 362
8895 523720 878
6714 208283 1615
8076 345696 4414
8041 679632 66
1985 311051 1345
8078 405625 643
9182 559140 1680
8605 311643 743
7870 665571 1357
7446 953664 2243
6296 42315 802
2125 743592 22
2277 179884 1785
2394 713714 2767
2173 227566 1238
2981 43634 1372
7552 913336 398
2718 878772 3386
3507 972434 5045
5256 859586 16
7593 815736 2442
1576 375965 198
9592 231569 5660
94 112042 1180
4412 355714 4149
4466 685897 3883
6312 152545 1049
2609 173404 112
7106 78442 223
5411 970979 198
2664 713518 2
7167 379223 231
2043 516341 2882
4410 510486 949
8849 785157 292
4095 394721 2329
5563 463122 2013
1919 767872 226
9971 694007 489
4073 791851 2750
3285 420079 2606
3755 632205 811
3558 813325 351
5216 850343 569
9291 113669 67
4230 624336 126
865 848893 607
9593 705007 1060
3994 455555 461
7874 96218 1745
133 729739 827
3127 543313 2434
1783 110221 2775
936 254415 4822
6722 536382 19
215 590605 48
8898 916803 179
4430 880896 1833
6175 58902 520
6683 396327 5202
736 509009 1769
3378 174102 238
7383 941347 1356
4140 63300 915
5267 169037 484
6731 37716 406
1242 723545 558
2502 123853 1135
8804 406033 798
4278 814068 2226
4590 122896 567
7931 129214 738
5954 555632 332
4015 562903 131
1041 413036 3390
5268 827500 1226
9380 730473 840
2097 958604 2076
879 262061 858
1081 97102 484
681 916410 446
51 170346 20
5574 352225 1110
1833 752900 1141
8752 687643 80
734 415701 4222
1908 520074 813
465 516515 93
6904 470478 752
2607 755570 409
5897 82169 2662
3175 668778 2354
8736 273038 79
3529 272619 241
5811 255300 129
3739 219307 143
9507 892794 39
6887 64809 3080
5824 258060 2741
2604 391219 2576
573 818263 45
8547 128625 20
8512 366835 6173
8594 636067 638
7110 553928 6237
7 788232 2640
8038 239261 2462
3915 135136 491
7430 456874 383
2787 686844 53
7522 15620 319
4320 541009 120
9639 168751 896
5514 385531 1375
2317 270854 857
5334 201680 711
6523 747094 2123
3886 691536 662
4783 680957 91
6939 52001 1445
503 28674 236
8929 174465 170
3315 219752 823
443 132524 3959
5916 988541 1411
1581 605756 202
2192 39133 1801
7769 945543 1647
2504 29379 203
2695 674047 257
4668 272051 267
4687 802024 56
6532 650141 334
3067 888909 324
9530 587641 565
1230 998985 283
130 719429 2453
1762 143669 3354
8150 817494 638
9570 220773 406
4148 302574 112
6792 723398 449
1215 647327 836
8050 433619 118
9735 361741 2830
6475 328590 2634
501 655854 317
9885 773119 1580
1960 631718 135
4481 853564 114
4231 700023 1568
2849 369208 4747
8887 51652 951
5754 579399 3094
4787 250862 114
7259 651247 814
8593 551908 1791
4614 125662 2
618 693651 373
7505 18320 2102
5167 576585 60
1441 629349 208
9037 444718 822
7308 411479 18
7777 188246 209
3926 290560 338
5094 900937 631
6283 350443 306
1393 861032 5734
6487 676620 506
5096 196895 110
9569 787939 443
8025 933374 1915
294 607505 663
3172 256166 661
2413 532821 3317
6565 748488 1994
155 406245 6231
7258 816864 757
803 638490 2405
3592 108350 6
8572 357017 149
5760 978453 4974
5237 357403 300
9604 853457 3808
1539 281042 2564
4533 614000 880
3257 542350 1245
4957 289878 1427
8800 977372 107
5863 170781 426
9259 263029 1583
4411 373845 1410
2391 282366 2379
5745 537451 817
5671 182297 192
7781 315915 686
3997 122935 870
8053 689274 51
2783 424246 3947
4425 837610 878
8716 954178 935
4049 390119 6379
1250 2245 1202
7783 527701 2414
491 746309 74
9813 98447 2735
9269 268748 2816
3332 777350 1443
6422 576247 1293
492 733878 754
5011 356065 57
2872 410607 5348
7419 692234 671
7040 738137 2969
8305 425535 415
7920 557824 52
880 152260 1290
233 230579 282
5778 330307 54
2484 301695 3038
3011 288472 702
4959 763496 4084
3063 846478 2834
2444 230709 462
5263 953350 95
3805 238645 2430
4212 175246 644
1064 231616 179
2633 407610 219
8565 103816 1020
1218 483727 33
6784 219926 940
364 514034 2677
9924 885259 10
2487 990275 1143
590 165718 1042
4878 151887 4299
2414 393339 532
2637 268514 1099
5444 144845 177
5174 306719 309
6842 394526 1325
8450 316222 933
678 518849 136
6343 920222 341
8839 91847 309
5023 610382 191
1701 27679 2276
6929 885873 1903
4676 170828 1865
9528 695137 6399
4247 603093 188
1212 773288 5979
4658 905379 974
3048 85013 1387
3392 898635 501
3687 535328 595
8429 548905 2040
8819 949545 252
7817 461168 1700
5452 469306 5640
9859 298769 612
4770 497968 1170
8925 693087 3957
5977 609234 1092
8167 541227 438
2483 422931 2799
3069 9591 21
8857 92985 772
9806 725149 43
7852 554635 985
1308 744592 21
1219 354012 3402
9561 472467 2639
7196 841207 1405
3247 371565 203
8366 101772 279
1240 117102 89
557 601200 11
4129 446736 99
9206 773332 182
7647 2294 1037
5484 885439 1516
2737 88917 538
377 91064 490
367 470451 75
6266 881863 3967
486 348369 6667
1200 268217 14
1362 113511 20
5520 69295 2218
3797 91936 2332
7895 278894 228
3273 300257 3546
4664 188485 3731
5843 571708 4735
833 231862 51
9728 38154 1489
739 722936 3563
6668 449538 275
4126 458800 105
1217 742891 1794
3469 631386 308
928 949712 66
7356 998537 770
7902 354467 5
2688 368784 833
7733 398059 41
2926 937637 798
6728 636300 222
4038 222576 152
4469 481894 99
6959 341352 19
925 607095 2251
1620 969734 3069
2227 782779 252
3716 108210 551
1152 217622 1416
9892 23996 975
8454 489982 236
4819 35194 7591
6703 306523 932
4922 516714 292
9446 331198 54
9147 855482 1684
8538 832553 21
6596 390650 2934
7017 507418 676
2663 21011 717
7619 182318 403
458 810056 649
621 203407 1525
2407 185942 428
5274 261141 1866
8083 663897 2564
4429 355031 4476
4123 568737 640
6566 262563 3369
2511 665667 3937
1353 428294 453
5087 670240 3336
9771 655176 96
4426 37715 416
9189 391510 45
2537 668375 794
55 978117 34
5271 446849 64
1055 118080 1536
5530 701996 2946
1637 338113 815
8581 656184 26
4294 944293 1619
2910 219030 318
2126 69230 161
7493 969442 155
3615 263564 1244
5366 464237 2998
6284 740250 621
9883 555063 632
8253 898493 3750
6516 981690 655
2659 801508 39
5181 537279 4877
2084 585935 1325
2177 616241 1401
2686 644114 1943
3181 7041 158
4219 212092 1413
8715 791267 754
5045 986538 1418
206 938724 1118
996 413453 1193
6661 999305 859
2090 858406 73
595 812739 444
2241 80969 2359
8654 843097 3103
5389 844551 698
6372 917307 167
6748 305093 30
2249 669980 46
4204 536689 38
3573 11624 1531
2982 978465 821
119 836676 163
161 286822 348
3443 248645 4
7490 796323 913
5419 799654 22
5886 444490 199
6886 220098 2313
426 166780 1285
1311 102610 1361
6358 147997 1233
5576 539028 5
8900 593896 438
7762 886599 44
8645 193848 707
1094 251280 1583
9554 728260 882
7438 178769 182
2623 886567 472
264 307057 285
2889 986486 1888
4098 47256 330
556 41833 64
248 822545 2331
7835 37274 720
8089 645631 236
66 24210 2235
5761 556615 263
3804 825915 181
7816 643057 630
9430 300458 14
8318 48966 4720
3637 799013 1177
8653 857876 1583
6160 237098 369
6298 311004 883
9853 357504 382
8487 648631 4110
8098 641939 121
4196 500970 3573
4954 947045 1398
2739 497132 79
4360 328233 278
4341 707630 702
1838 449506 119
929 690776 4059
8927 388859 481
1791 305739 2446
8372 853820 222
932 374614 52
6638 145780 874
5952 590019 655
7507 660872 2199
4118 840888 815
2495 218580 3898
7330 472919 4440
9116 245691 861
8921 611019 67
2516 89354 164
2470 597790 133
2917 944745 1936
2268 205511 172
4565 435677 265
5408 375483 702
8992 805614 23
2953 847519 193
6737 452247 1518
33 640111 105
3156 266139 853
7472 309715 605
5244 538423 3876
9131 911204 1610
8376 650534 649
4711 516118 41
4176 516408 116
8179 560538 1760
410 697903 34
236 587903 436
3872 434153 282
5398 550996 9
5557 517541 1156
1196 835717 437
1895 705388 1946
6632 404752 150
6197 721746 385
4666 849229 2388
4173 51032 407
8309 30379 37
8917 582711 2830
5144 180745 134
6724 381352 1661
9620 859708 3961
6348 481341 545
6980 126857 245
6216 335805 176
4867 430688 50
7476 503794 15
3857 931568 446
7903 596773 475
2374 94277 342
7313 525873 85
6952 967995 542
2668 410197 2043
3366 656711 3889
1125 586759 725
8878 271305 1071
2054 324428 1975
512 818769 4960
3546 869573 139
9669 805875 189
1573 301280 1837
9500 669737 2365
2741 573991 691
5553 550383 597
8967 448425 297
3121 957000 279
2760 988955 77
4016 365219 109
3416 165871 555
1686 249628 532
6394 637653 399
6805 356704 3087
7745 483553 435
167 110483 90
8136 942698 4
8596 374262 3489
9512 553833 1507
1101 689894 3611
3658 527437 285
6335 266687 265
2242 648750 154
7928 10693 1
8853 445343 299
5007 342137 170
9028 37439 306
7349 771842 115
6701 273885 16
2481 91846 450
1737 3279 3
1747 309325 4939
9521 642816 1017
3614 285236 215
7842 936790 1155
7397 421939 97
9152 350078 2038
6603 310013 5008
2315 674421 290
9100 112956 243
8001 991112 2416
2000 570249 1209
9641 856647 263
1803 928591 3866
4556 809059 971
1808 672194 801
8854 116022 172
7747 666643 2898
3012 162246 246
8426 7484 1550
3568 349348 71
8964 157825 1117
2200 105021 87
2784 552438 1145
5306 468454 1394
4052 730394 675
548 688264 914
9218 882877 4801
2776 267435 20
2951 115949 3240
3813 707599 82
5403 248106 1748
26 574286 1649
9514 910908 3615
2133 22140 3524
1703 535117 2600
7412 111927 3457
4486 76891 7464
277 993933 85
7538 212189 41
8287 676509 250
6526 808283 2163
8646 84847 463
9239 206913 120
5934 495185 1533
8406 292668 1681
9233 627862 14
5775 656041 1425
3300 987240 195
3153 643736 331
2371 713881 20
9691 25333 1019
8763 798488 173
7332 719077 986
9810 901870 971
4902 476424 2332
8272 854562 173
3840 472811 2339
6572 927170 93
1662 710891 49
4019 754341 2554
6951 429507 55
7246 688274 3497
7592 780483 368
3722 52234 1511
4731 472052 1220
6445 690142 335
2051 957985 29
4734 462967 1585
5529 417843 2751
2067 773695 104
1131 768525 1426
6048 638973 5081
8531 715277 5080
563 950445 415
1301 432498 670
626 767965 1225
840 730532 847
7606 722696 206
9118 933759 1749
2605 381423 2023
8504 713148 29
9965 123256 3084
295 455354 132
1889 776729 347
8514 289445 454
438 870690 616
8850 378986 1973
6579 394183 46
898 704843 34
9758 208552 15
4108 852037 171
4188 339906 841
8336 200735 171
5196 467314 897
4154 871100 1174
7251 397358 2126
8096 959579 344
3473 189084 1500
3862 912731 162
5744 640319 3
4335 652380 4195
6878 228869 1
8408 734000 87
9844 386910 326
5341 411289 276
493 591407 1417
6563 777332 1938
5025 687278 11
4594 196915 985
5524 223372 776
7151 183776 387
2979 368222 838
3372 947624 397
6301 108248 332
495 323977 1097
6460 494893 2615
9808 843449 3749
5504 167445 889
8555 975529 490
6691 327784 2752
6081 20448 174
2024 995931 3684
2010 426694 5282
9490 13906 5322
5051 876891 105
593 43379 1462
482 240323 328
6409 285622 628
2333 409946 1035
88 559436 723
9364 571342 18
2804 954025 862
9838 461429 225
3220 727214 3187
1922 684986 345
8281 374940 1115
5024 372771 55
1186 81090 492
5859 180154 501
6417 579119 719
890 891449 114
358 238013 571
1971 963045 1072
7480 736471 87
6644 829771 344
1057 58689 165
8506 124175 1194
6041 26988 3438
4714 900916 250
6851 676314 1055
