704
6477 132042 1116
6647 396536 384
5056 767722 1544
2367 414640 886
6501 275699 196
304 790690 2637
3421 640283 3491
9681 901318 518
8797 43785 1514
9821 470110 2198
5737 693026 3109
1468 644641 3310
6037 485128 261
6665 922571 515
8891 134568 638
1595 500890 644
493 871194 579
9322 867783 6716
3621 978143 36
1031 591703 2361
382 457162 1938
3115 918470 1139
6425 995094 4054
4663 16281 926
9044 669295 356
6736 551086 3213
894 187030 17
6538 669790 159
1720 288781 539
1414 538082 330
3219 679890 342
202 104977 440
8035 22297 2586
5909 704601 683
5805 249918 413
2247 275260 3664
371 259468 2983
2879 567658 1820
4924 34047 408
8333 76738 372
9925 87804 1067
3182 596174 2087
5800 914975 1619
4392 997632 3286
3537 927611 93
9158 324836 392
9848 179415 1059
6714 973494 46
7702 764571 1055
4750 770888 1036
734 167550 269
3646 25057 412
8310 588631 1480
4632 775846 264
6052 118985 162
6762 166163 1391
9438 627412 579
464 337462 1398
400 397551 215
8845 857943 24
5311 514303 120
5436 352415 1532
162 881889 925
805 351854 1219
1778 19897 1337
7943 677082 817
5189 944143 833
5711 210750 1707
7196 155431 167
7244 80089 2769
3373 24252 20
9307 179640 1862
4528 723823 30
3108 632179 1081
9908 26825 5475
6430 154862 1861
3118 33982 456
3920 810353 186
8348 321624 5988
8291 984048 168
8649 934000 2712
3434 116472 3689
8502 983084 1381
8312 134507 295
6200 375977 3466
1923 185875 2840
467 540449 100
3359 262645 7679
4200 857729 2637
8125 127639 6
1751 175206 1355
2454 473075 191
6069 642883 8
967 461311 882
8228 259089 262
8369 597604 460
3073 130391 8
5191 340236 256
878 902451 552
6381 378772 107
2579 6955 6920
9829 451580 274
512 823132 494
3693 690799 3874
3698 391922 2413
8931 809073 317
7428 159697 98
7929 256410 836
2 484901 1727
7412 685135 96
1267 58030 368
1342 803489 9
2767 821998 260
3779 119771 303
1309 336211 27
3130 894462 157
3228 301695 124
1081 396597 23
1160 710138 430
8057 999521 949
1486 606107 67
9201 784084 362
220 240897 65
8022 29932 1135
7570 284827 355
7273 837290 5060
934 967312 3042
4025 412681 150
3502 344808 697
7175 128886 1716
428 465331 2950
7074 932107 554
5949 972912 71
7932 107425 1722
5863 624733 83
2681 483680 5939
3972 431727 1068
2756 474314 81
4337 187914 226
3654 13441 3628
8989 563654 282
638 690828 487
6710 426162 10
7317 536432 864
1586 578018 33
3418 373676 1097
1502 839859 2
460 920717 2810
8141 496351 4961
9042 530028 8
6529 167560 692
3510 693175 1990
9246 931602 1512
1679 504241 583
342 702464 4895
6122 148012 1
6302 975226 174
4302 687692 96
8222 283696 1999
1911 228409 1070
8174 462346 600
8030 500988 1880
9176 694835 54
9833 606668 4093
988 73386 678
2429 824912 434
6915 333839 3228
2073 109555 84
8555 670260 46
9746 566680 5812
4379 578027 2292
3365 452407 1001
2031 31666 1023
3945 988267 5530
5227 56798 3212
7955 65204 442
6968 86004 300
7899 583777 952
8750 255782 9
8396 351478 1989
6456 698400 1207
2232 916254 1643
5610 342040 4017
3943 830273 540
6234 672344 1192
373 857241 545
9142 544438 1023
6160 413783 435
3262 514226 9202
2324 14167 382
942 710647 6190
9758 288690 1911
2918 583898 61
5384 883914 91
5226 47317 388
8606 45340 952
2494 935261 33
2543 991237 2895
5695 428219 8231
9938 461746 1211
3914 622334 859
7151 216947 2787
3149 812803 2178
5182 653077 962
6202 708483 335
7385 904803 1996
5142 181404 2378
8685 674067 1207
6255 135356 3
2726 572935 116
8775 280537 3086
7191 471898 18
3662 964940 3616
1361 13532 354
3840 769171 4395
3643 50176 175
6683 814681 241
5246 626614 1051
2218 777114 124
9570 679398 17
104 405167 1086
1649 202912 6296
4461 942892 508
9024 205813 1141
8415 334192 805
8628 6328 4210
4584 394742 110
1806 659293 3077
6961 834015 1786
9827 264715 643
5096 615464 362
4987 153436 648
5109 658304 286
3572 361989 470
3938 727836 165
4862 871381 1246
569 579364 5646
7300 503816 40
6155 771872 3119
2742 130107 1
2082 803453 840
8106 413517 247
3209 478946 1377
6020 591202 816
1410 418243 1077
15 871958 162
4041 365101 969
6019 978654 518
1164 16486 1498
2941 180957 1380
8912 866948 582
3966 568532 1660
3242 994413 679
1949 691513 1233
6649 698203 3449
8305 385051 1318
7047 54961 2585
5971 900768 141
1515 410898 2345
3678 141199 1372
8457 960216 4115
6902 430534 19
9685 178654 1188
564 934546 95
1107 83267 49
7086 491683 45
1019 284258 24
7152 198 90
4905 268860 13
1581 389336 837
6878 472239 2627
1790 148929 333
2111 590006 1170
3180 829712 1933
6761 110752 21
5526 901974 215
6765 172632 46
2594 873781 244
6584 859704 1128
3400 467386 124
4700 719555 73
4926 67990 3302
6946 127017 14
1251 130727 2998
9108 443383 118
8619 658261 424
2277 995567 6558
6695 535029 4811
5519 888073 3086
3398 933515 1710
271 502352 72
2029 128531 38
6015 357782 339
7923 278479 1850
3096 117463 202
3459 338415 59
735 143020 10
1789 525355 955
5889 392598 305
610 379333 503
9922 265391 1267
7138 534143 205
326 820656 2923
5929 6286 3458
4000 42179 5144
6668 873876 595
1964 376575 5184
8737 857714 2074
6301 724282 404
6114 252352 2883
5497 440585 558
1355 311717 141
6887 798087 911
5848 591661 2206
8686 975993 2198
5766 395514 4
1756 628060 547
7466 590686 806
8246 347961 1120
4789 848111 286
9554 706933 2886
2985 301661 920
5173 946256 763
5425 994399 4360
4658 270024 2494
1322 801705 112
1673 498408 2791
7793 404274 138
7730 705402 1170
5083 916235 384
1765 330120 1097
7367 94777 347
956 479239 6569
599 181401 4311
5772 813084 210
2891 201807 67
8383 12989 34
1868 677602 13
8977 317946 686
6533 968710 333
2027 554145 716
95 964217 1895
3794 409136 406
6239 643396 821
1432 923803 1010
1577 363457 1192
5745 41289 32
4883 467912 1351
9698 591387 2
8418 123527 1506
7314 672430 1571
4039 612197 598
8961 699538 2807
6116 210853 2417
2466 540804 456
7046 327688 5093
5954 960883 3674
5348 388997 155
3159 669907 1051
1540 160366 2148
6496 184250 191
9777 917162 1719
8819 294999 111
3603 103608 6609
1247 112688 859
8604 301065 5476
9377 435049 282
7119 628862 3356
3123 211774 1538
9722 538819 2170
2374 873075 889
3344 599974 220
5796 617073 452
3171 787788 2438
7980 227304 163
7878 851037 1035
8490 108052 794
3293 226716 416
1571 483140 972
8634 337584 223
2821 336265 16
3353 570605 2360
9302 964980 4320
7468 109101 177
5033 603353 302
6861 511544 2
5826 426317 3604
1253 904663 664
2520 683114 1702
6497 660965 2711
1436 935411 1315
3185 263289 4224
3416 283028 523
6214 737782 304
9402 922789 1572
8121 253861 1871
8168 520728 3984
8969 851792 228
282 679643 3867
5739 122753 22
1348 693921 174
2456 597534 1746
5893 412454 124
7550 759675 198
310 129136 4721
289 702948 317
5594 998239 176
5071 563331 2120
5007 962790 7738
5787 426688 262
594 365178 1009
4110 710423 217
9520 885770 661
9573 696936 374
199 64145 89
3501 612435 14
8499 449030 685
2669 949361 5079
948 662838 3345
3075 199009 3843
6965 331017 276
5179 565507 47
9033 342678 1506
2677 761370 5573
7927 429224 2039
1288 895714 258
8061 319618 3494
9106 225980 241
2674 664725 379
6121 413603 748
3638 233505 1008
2599 99716 1897
3799 715865 1648
1284 448472 699
6431 699849 39
7818 766492 2775
9963 338555 495
9610 799931 2107
9591 739014 257
4650 44867 3614
4676 627619 4243
7271 993260 870
620 690436 3538
1758 801223 2131
3454 246062 60
2786 887720 108
2999 586015 845
5299 844747 1195
8331 222351 5327
7812 352909 23
3404 839594 942
5406 239885 9
2874 659113 647
9210 900508 109
3045 983816 1022
7392 363928 406
8906 161909 1029
1263 331161 1092
2974 273196 400
256 89252 3685
2730 597746 812
4335 614402 664
8175 269124 1722
9138 103684 836
1256 244601 23
862 948097 1442
8060 988197 331
158 531021 51
8076 186490 5603
7851 268383 52
2749 336736 163
9890 704724 869
6017 132433 25
3723 487963 75
5382 37503 869
5081 763773 431
8557 40925 205
2583 766766 4959
2530 260136 1226
134 718987 153
5285 608930 27
9555 630780 781
2333 826839 3198
9602 587023 2363
7223 504027 887
6699 937979 3491
8511 468300 595
2893 686786 872
2095 505303 111
2895 381354 20
7378 203435 4199
4884 396382 14
2005 63662 402
968 458467 1560
9010 952749 380
1829 563397 95
1221 301975 4419
6743 117503 2547
3865 51834 5301
8532 410567 504
8313 21886 179
3536 808123 495
3127 574591 7268
8800 754874 1072
75 570651 811
7029 827427 620
4027 443654 1315
3676 441981 4532
4213 895031 1744
2915 855016 210
2406 635134 3157
4830 646665 14
2068 604668 299
5239 83699 266
6804 542449 476
5616 285731 2799
5865 625262 3758
9433 154009 1017
8967 441388 186
8094 488285 3811
5137 26994 969
8879 321462 17
3393 991753 622
7423 109846 1908
9459 480331 1180
6171 147531 2
5998 153087 363
1318 598561 3
6361 481340 410
7900 127674 2177
2190 560400 713
1580 800469 266
3611 665966 38
1145 840760 1
2152 929438 1186
4120 571653 214
8360 329154 95
7827 611094 1327
4188 637084 782
4833 804592 1952
9264 826339 2194
5417 897080 2908
1269 331282 5896
2250 992864 454
6248 678111 2734
7002 251953 4271
9369 772847 2092
9918 309876 21
939 53727 87
1330 613945 110
4868 319908 148
5680 232602 104
4829 513692 2279
1796 218130 91
9933 298851 240
1768 82849 147
8257 996463 1849
8550 184256 188
4303 430570 794
6271 965888 262
5253 519244 1636
3704 600196 309
8760 603042 511
6557 730576 953
7898 800213 2299
6972 88651 2928
5009 965097 3709
8074 975973 1563
4138 402719 212
3993 17862 8139
8799 316530 167
3439 834902 1098
465 969981 3
5807 751120 1586
4760 481982 3014
1599 400796 1318
4533 346126 1048
9370 383520 1104
9133 66381 1432
1220 684634 502
7231 566250 154
2106 999603 1326
8859 124993 2720
6428 926096 254
2107 810384 953
30 517339 520
5413 658613 156
3009 797481 2563
5867 935265 855
8247 30463 934
9453 922167 134
4537 469040 895
4257 370657 106
4145 293788 1539
7311 661656 8
7445 916709 4159
5586 256427 1991
9564 639185 248
4406 59132 943
2391 92494 89
681 230889 102
9778 248210 1342
3530 316894 287
5027 304068 1386
171 449389 55
3574 284010 48
3495 242639 2433
1431 571132 198
7256 512286 481
7975 822374 119
7299 58817 9
660 966331 114
7316 748220 3164
6686 35727 5027
4412 911388 1787
2395 917388 2224
8200 153198 166
7972 409155 1597
2624 295466 1820
2124 318410 60
7554 603383 1467
6478 990114 4022
8788 291082 163
2289 597862 580
6566 14859 988
5252 849255 312
7891 633697 4703
7442 345766 236
3859 621388 2125
2442 902504 1402
4282 993914 2828
3869 179594 1731
8862 55019 1020
5792 131466 3388
1711 75588 6714
365 483422 2832
2064 581856 475
7127 513701 256
1742 737059 6181
4405 293962 501
6079 817809 1101
3335 991957 276
4863 197982 933
9506 191972 3401
9558 371974 2106
9240 730694 102
1952 905242 3253
2604 7742 809
5981 34527 4357
6013 884671 2745
6314 921953 274
709 508618 5025
1732 861863 835
5748 301980 3892
6505 940883 4338
4669 508344 1240
9684 58382 2865
3888 359969 48
9394 763 1348
5157 944001 957
1453 643580 1091
10000 5044 1687
5248 787611 605
8130 499460 70
3347 229734 427
1966 289812 19
4450 605285 237
8123 755485 730
5827 458313 380
8648 907770 771
6353 330891 1264
7294 9860 461
2986 669061 182
3417 921586 1587
6718 991065 134
1791 929209 613
1417 309758 86
927 569837 370
3453 705997 39
1956 233045 5
9054 170408 606
820 681307 297
6159 841761 3373
7459 715993 2734
6966 907698 1506
1701 269407 650
1089 253297 154
3215 468153 1
7066 300201 719
8393 101883 3232
7560 569986 554
3664 431628 1671
8957 298986 1240
3829 147459 108
8258 462 385
1118 993626 4
3395 454359 55
4747 42854 857
707 136831 911
535 486255 614
1132 209224 2647
263 156774 83
9803 459675 40
8661 706640 20
