404
2463 120792 4
387 173372 259
8642 89006 6805
1557 942766 1236
4670 394734 1830
618 592102 607
8564 170467 314
2493 468710 1111
4393 641359 773
9036 544498 51
2613 882368 3612
6784 886154 907
7053 593073 130
1872 857189 5525
7267 181598 1321
6578 461303 1732
287 229746 625
4292 353131 144
2214 707387 17
4599 517325 3162
1974 53213 2
3124 831771 169
9632 199408 965
566 487145 118
5441 49796 49
788 323705 889
6919 289998 24
1478 256004 1021
3474 848506 476
5731 959219 637
9490 11263 1204
6118 402692 2229
1932 501113 1588
9456 664552 8
961 974767 2
9334 932803 89
2393 287344 177
7992 42324 117
7107 73967 4077
3173 138350 249
2561 509367 833
6664 930161 3000
8650 795749 75
9431 979050 1249
4095 246659 35
4296 924933 190
7247 760853 4853
2074 940371 404
6216 893998 128
7947 724632 3687
3969 832050 2681
5852 329595 2686
6182 791028 1048
6645 532677 204
6017 81389 180
3305 128127 1700
6377 306902 636
5537 196531 104
681 987300 3199
1144 477702 1732
8558 988004 2
2665 305080 4
3031 891643 794
9228 366654 264
5486 863599 4136
5385 104573 1705
9913 693389 2309
8929 262412 1013
2136 670590 473
4355 678146 421
3977 638075 225
9521 703304 591
7910 730457 46
8714 53381 996
1532 639277 435
7979 502865 1823
3660 942796 463
1468 456466 1800
3584 551962 1934
7534 659725 576
3110 883170 5933
1977 785830 377
2094 122854 722
6793 123376 1231
3789 168322 1161
6742 14389 26
2694 337927 1644
4091 698518 170
3246 17863 1950
7288 894544 610
310 643190 1917
741 927021 191
8923 564797 673
7792 296724 5776
7478 56435 736
3585 256022 580
5163 792454 1196
6264 288761 42
3985 742134 2822
7901 63156 354
5686 675497 96
3356 703738 317
5750 869835 2418
9544 685971 607
308 928461 194
7638 257664 29
5693 902034 1616
2856 903281 158
8156 796047 193
6073 90701 24
7557 197512 575
3285 893359 4565
7479 212230 517
3006 7396 320
8140 510486 3771
9905 489799 929
2029 895598 410
9982 288983 559
4797 607948 39
9726 153662 67
5618 116388 302
4077 513352 1894
8418 953728 3270
6674 690083 2078
8517 763729 947
7468 463939 2067
8997 609621 434
5886 449170 205
4260 452218 3360
9917 393903 51
3377 310059 224
5766 299597 109
7940 262402 4
2300 931985 156
1057 216148 641
4556 887450 23
7931 723155 1091
6792 538773 8263
3522 833453 3047
9607 352604 108
1840 578956 249
3062 467791 4424
3238 463441 985
5878 441765 56
7284 998623 1469
7650 880542 2961
7995 792119 104
7538 486576 196
4635 860202 251
576 297115 308
7308 49249 2548
3287 368349 125
5594 225242 512
4246 942080 114
9847 674195 3911
6965 937859 2018
5819 213919 1690
4624 724587 572
3495 793281 59
547 548109 706
5399 988713 650
3345 49430 661
1380 178625 3333
6392 312949 181
2118 742505 2376
9340 322946 142
3720 490088 242
8011 425724 362
6864 526714 510
7330 527815 1110
1918 161490 4469
3610 689039 907
1675 521502 1003
8417 181029 250
5228 81293 2674
8041 226326 231
453 284077 2961
519 149487 33
3278 428927 145
6689 903601 259
2908 469061 7
6501 421144 106
8785 493891 223
8454 99103 679
9508 118950 116
8963 962475 407
2012 749234 316
4813 260962 191
778 510434 1042
8528 134888 84
2632 738397 1390
2352 908413 3275
7994 617216 4090
8278 895893 912
284 719437 697
8097 908188 2670
4842 930828 972
9411 731222 946
4511 388938 2484
21 620577 8
4805 852387 2357
1103 210313 792
9128 165562 381
553 813326 6284
6703 330488 121
2471 441581 1013
9233 376964 100
3708 618288 5190
8819 339272 611
3230 940833 336
8810 581014 968
8109 615904 2065
9208 147581 17
6324 384029 173
8487 121075 1272
9007 814607 327
8157 872142 750
5089 965785 84
989 713963 6274
4220 612804 557
6128 297541 627
6535 151947 610
2881 387512 2922
7373 134821 660
2997 411712 569
3346 225659 182
6479 802275 3945
8980 791991 1646
8911 91702 163
259 362458 488
3569 929207 2993
2803 786967 3883
3700 190174 1999
5665 914670 1862
513 123521 366
3898 132285 2
6589 243638 1861
9361 975781 58
2211 885833 197
2139 750623 586
5030 739626 1224
354 171473 136
4651 477750 668
3510 349262 262
5944 448316 90
20 478928 163
3515 143148 2283
2618 78587 35
2783 616634 4785
1534 905901 486
688 952199 2556
6869 885512 532
1602 727232 2289
4708 215636 456
4147 346938 3525
2289 927391 455
1260 194298 4695
9792 915205 255
7274 829769 923
6576 217941 2741
5589 239148 3964
5376 45270 2359
8762 710084 2309
8720 23068 1059
7795 366119 250
4322 797069 1606
533 485425 256
6152 888741 978
6896 65438 2354
4522 492245 1220
9336 398571 2584
3170 922699 626
295 48171 151
3750 683010 5801
1841 27071 992
1870 349655 1274
7609 611705 37
1975 987333 4828
1037 792759 26
2674 160115 2208
8112 539015 835
7581 815389 913
5383 664474 733
8064 986594 3681
4899 418430 2119
6366 246404 2165
2319 520132 304
2710 791565 2123
6233 564182 380
6023 720588 1595
5540 460803 1198
220 731422 1696
3207 973012 3954
292 203902 3180
9259 631839 3784
8074 502379 795
6974 381453 734
8786 310448 1963
8202 245191 20
3263 898909 1857
3570 578998 225
2962 830171 1572
7945 920228 4
8269 63713 718
304 974208 359
2565 900620 29
1764 402822 1288
7961 336910 1862
2860 747128 3163
4065 13780 499
1462 497759 1494
3436 843105 3459
4890 198431 424
6405 386065 1020
6166 299295 2
5427 125966 450
2957 522888 3828
5213 305737 27
4362 748536 1818
2444 654252 5183
5170 794642 3870
4478 662150 724
6160 232205 2880
3004 799793 4105
5544 510015 138
1446 350835 13
9825 491243 1454
5982 611338 448
1871 348912 96
2678 923666 66
4992 983623 32
3041 78630 643
9216 600358 2309
5400 140911 255
4866 76033 3293
5222 564348 369
5749 866189 3473
1395 799344 380
7447 883987 692
5839 159179 631
1887 577720 578
1014 815645 2776
6845 177986 4168
924 134206 448
7058 604529 150
6807 791154 833
9369 687877 975
3067 826798 347
1914 608577 47
317 246022 338
8726 340191 32
6262 210418 39
7367 132875 1816
8683 537721 1918
1306 658500 1634
7558 348054 1780
6819 918706 249
3816 316986 30
4836 993234 211
4359 200248 3525
5906 205420 3558
3332 620590 670
4288 155335 749
2005 87816 900
1555 227160 19
2131 654829 954
8635 380997 163
2676 47304 194
3725 761994 1459
1613 915271 2775
6878 601196 140
149 70349 243
5836 463624 2734
297 209890 1926
1165 727901 1838
3052 996574 3144
1829 636761 11
3224 375976 563
2152 583116 97
5614 269284 16
7914 360524 193
1356 516660 553
4200 693961 274
8467 475364 2817
7140 548935 558
7025 727292 33
7626 790950 7782
530 484234 1269
4401 210337 2680
9396 925852 80
1493 647407 7578
6475 873284 72
2773 535796 150
8088 28052 2002
2015 412821 2938
3048 609283 45
393 552913 1409
9670 226456 3268
8293 345474 2903
4943 895755 376
3130 305004 185
8177 157962 415
7548 976915 932
1657 579575 1976
