127
7647 871965 174
1742 941729 890
1522 840446 1757
650 187797 4215
4172 306938 1338
8631 748208 74
7616 28602 2714
3023 914908 1921
5932 82495 232
5470 684551 1261
6664 627369 679
2299 262596 4392
5551 495763 1917
9898 869183 295
4470 861925 320
9255 456478 100
8133 269586 2730
9966 790298 982
5023 919850 1404
3406 362786 200
1610 751347 1478
7743 669328 116
3675 750572 195
7996 803361 4167
5263 870108 1918
6085 387960 279
2935 871755 340
6439 761987 867
9328 984765 718
113 443105 291
8704 148369 310
7485 231611 346
1902 575944 2514
2207 105209 401
4036 816952 530
7847 353178 48
1476 144331 1998
1697 650448 308
9482 370077 3699
2198 576052 71
4987 948513 265
1430 717682 3
6528 853773 1
3842 961023 2308
2635 507313 1840
7894 335655 325
1971 238912 928
413 536732 3611
3975 406842 785
8371 382011 1964
3039 647079 831
7938 98905 970
1964 583373 28
2923 408661 52
3157 698727 868
1755 752307 1987
6417 232784 608
4937 211288 1709
7287 228449 9
2254 284118 232
9105 49201 91
7049 875999 47
254 216833 257
8179 523808 1394
4966 984028 5772
8877 522953 109
6387 423688 831
6314 791218 106
7459 896501 92
5067 633185 113
9598 792663 142
7524 416970 20
7975 733881 5907
1273 816642 23
8804 916720 4
9209 896461 613
5909 519442 153
8158 610908 70
8939 408011 1201
9760 222291 430
6011 866372 905
9248 423288 1229
5717 870053 3364
3322 245285 17
6063 792854 372
3996 904325 102
6575 806319 747
2341 909180 133
809 746035 336
8092 806853 5
7858 464398 935
585 960190 415
7045 298941 50
5614 7939 899
2148 571510 128
2706 274079 928
1527 453816 179
2789 696315 1335
762 693666 213
5187 497957 1168
3998 747928 1064
7912 427929 328
6801 591112 2838
2870 952129 3229
5467 933857 2023
2463 578101 2955
8780 256416 2063
39 62994 1488
9526 307044 2940
1924 749488 303
4862 133921 1038
3296 337952 127
6883 330486 116
2650 587937 5
2240 421004 1471
7915 587712 298
9571 2413 498
1004 698618 76
5244 949231 599
798 743331 429
7954 10563 468
9507 506119 1178
2639 309025 4
2145 901170 1829
6420 589882 1747
9926 856013 827
8353 2631 162
