707
4316 595332 1069
2317 659551 5126
4444 515334 620
5837 260054 1251
3630 612780 1998
7775 941591 234
5718 332147 1798
3915 117722 2518
3229 83008 175
6383 826342 1573
2052 766446 172
9093 375475 176
27 510429 1239
3177 389225 1909
3591 482720 1454
7507 869459 192
4024 422771 3123
353 528738 824
254 759657 5969
1240 835899 4764
7932 299384 168
7383 828950 1109
2257 730014 155
687 92298 1080
5463 367255 216
2900 657415 8
7450 611815 757
8650 147401 499
7367 712914 87
827 646597 4190
397 805671 7136
7955 454383 109
2874 948415 929
776 767230 4943
7519 468368 2799
953 961628 3185
8710 489790 2064
8636 360311 188
350 942272 1897
7027 715636 4989
2421 351171 254
5557 425890 170
2399 295983 282
6776 274061 80
505 242420 71
2028 545538 759
7040 623262 4028
8178 757876 4625
9735 980294 343
7356 189271 1705
7864 786604 671
3677 738743 1977
4407 187836 134
6525 379132 432
5716 200400 1928
7141 862316 429
751 409781 1593
825 704275 3231
7904 492404 2721
434 660138 113
2794 126976 2587
3215 286992 56
9810 948564 240
1575 491278 76
3647 639660 1151
4195 934498 503
5233 592940 6873
9999 734880 3827
8188 455812 627
4843 296475 543
2923 636828 285
6354 621724 2
2269 792583 541
9422 67858 2319
6884 608334 1266
917 732958 287
6050 530296 359
5280 830384 3494
3511 457270 294
4767 634113 1136
4771 481679 19
5736 980824 5044
1383 235506 404
4249 169676 1333
5827 14403 2561
5852 830006 232
8680 947872 215
2159 75931 962
1687 831036 1318
8671 621777 2
8429 924807 207
8059 126109 189
750 333757 143
3318 177696 57
5117 609392 18
6876 491351 109
3391 326437 1394
7493 649757 669
5049 205984 270
5596 263501 2541
5281 506714 4340
7222 503750 23
2121 885778 1425
5669 661765 64
478 26545 938
1416 169665 825
5498 570283 2
6429 745999 67
322 430448 179
8754 607817 358
3918 53701 151
7194 36524 3772
1979 173500 259
8932 441160 58
5836 919564 531
2011 236293 59
336 161496 307
9348 901879 446
5995 348986 4479
7671 849035 909
5507 906942 5017
5207 5851 29
8064 203705 70
8371 360195 53
3378 848393 95
4770 489800 1625
3061 346206 239
7331 410421 744
418 606760 596
9549 776040 1788
2956 884110 1209
8999 48881 996
4695 748427 1070
9643 737741 2495
4410 202445 122
4887 351298 260
9923 367401 1216
8681 258138 1036
5334 284044 336
341 961457 1623
7014 191217 377
8042 460209 3821
5937 877179 1635
9910 141769 244
679 240367 1719
1776 245002 806
389 715587 809
778 765715 185
5926 438732 12
8088 148300 1787
6875 847492 85
9747 60560 10
8831 171574 474
20 3856 5729
4885 508357 695
1485 411385 450
6879 134529 185
2291 999681 799
3421 151275 1464
8383 906310 765
9756 6513 70
6845 210047 4579
2586 706765 211
4116 667892 1248
1178 434407 2724
796 874121 236
845 810837 325
9514 147319 1802
4790 538724 2414
4884 631813 317
9079 250400 4390
5911 117559 87
2144 966322 966
1666 693887 1759
414 815269 1887
5034 890663 986
2118 335855 347
2245 857346 470
7308 906249 69
7518 495402 3343
831 235086 142
7511 872190 688
686 992634 40
3675 172816 61
1599 81822 946
2580 748108 556
6063 409651 38
4451 714032 130
2685 77944 557
6744 77404 569
5502 531362 1710
1903 48675 1328
4699 914836 84
948 447483 111
4744 615688 456
8061 61974 133
6133 66715 853
2 898083 1088
541 571418 80
9465 707964 1112
9291 237590 45
5269 215887 695
117 302053 169
7478 416663 568
584 17746 932
6300 886362 1094
2728 569135 775
4203 856273 95
3795 820010 1997
7279 798494 154
2287 994066 9
120 615163 599
8418 426166 98
7037 360661 2876
8989 121541 1516
8376 900309 285
9674 588100 511
3479 266818 392
5224 295677 1198
3860 715153 2308
3804 908239 2561
3366 347570 243
3636 618840 830
1268 408802 105
1726 232345 124
6413 802937 782
6638 951295 1257
8230 136740 269
2103 415708 164
1493 538633 277
1731 257601 707
4661 219520 133
7772 173880 1241
6175 978488 101
1295 227031 75
5303 37891 536
1499 773883 1664
5709 646217 11
5514 598763 726
1924 57778 4877
9844 542824 6
8917 652596 1001
1893 532653 11
3143 447565 539
9255 682156 5665
2976 391026 19
6187 877672 462
2370 872796 341
8102 612805 360
9334 790162 92
7414 9612 311
8127 922119 1465
8414 91719 677
4604 870570 187
4244 330652 1
1516 980847 601
6641 146360 215
7371 456105 716
1882 37673 505
7385 177511 35
6572 907063 1500
559 863130 52
9092 272004 444
2840 320170 4717
3211 881958 1373
1522 682033 1696
8453 722518 1333
5088 689933 1458
1479 897682 379
8854 91582 338
8270 831694 182
861 736448 977
2082 431640 1192
7278 738871 878
8816 68610 344
9316 332023 7071
1544 76607 1313
4446 73139 411
5656 105063 431
6583 386259 14
8602 422651 22
6384 153129 2385
8353 935629 5130
2061 540765 145
3007 309340 138
193 633385 236
8783 996946 121
7926 983651 2121
9877 615897 1972
2981 668730 45
1937 596481 1898
4809 416542 476
6598 19331 330
7343 417898 585
6214 590426 1184
8375 33898 1396
4747 289714 994
4648 251857 880
4977 340905 4612
6025 337338 166
5401 114880 3259
4528 520880 960
7096 824559 733
6817 398713 239
7762 389333 230
9898 163008 3604
9379 100889 1282
4859 137932 1096
2302 677424 1212
2277 667581 382
246 518638 897
6179 810606 2993
8778 78472 293
4431 512601 529
7444 650997 164
9930 522450 1052
4708 235952 4829
1286 404047 79
8881 381003 363
6203 710981 592
9845 232696 28
8325 174272 791
8232 435310 94
8288 471799 930
1213 782849 87
5702 998571 1033
109 865827 2113
4641 921338 1757
5035 573502 415
6978 110425 4
9017 825895 269
5430 59937 823
8709 651224 34
3481 735173 63
3600 427203 53
4909 369271 4666
3701 973908 3062
3158 610097 19
2479 31690 1385
4432 436780 410
9343 677133 1539
1956 245062 143
4980 174158 228
1964 917502 955
8435 627274 769
487 670151 363
5413 878446 56
5722 425990 4904
9374 989033 8
1911 84500 2773
9490 302688 1370
9100 170585 492
8182 866773 4277
3847 244528 2742
9141 947848 41
7327 50149 3784
2435 396703 2160
2591 993635 1167
220 499602 34
813 608677 319
8644 795708 114
9938 376232 145
1022 298449 2336
7033 343050 139
4334 903265 170
4305 836630 4749
7681 388994 318
9918 869091 110
5963 291911 5240
9295 71111 209
1454 669809 592
9598 934356 33
7116 441181 6
5028 875554 13
8758 323639 3320
3999 114506 1309
7283 157523 442
3920 460932 808
5316 68297 269
9201 713178 1809
7256 31703 147
1752 47166 2659
3393 836272 183
5908 201121 1637
932 424662 2228
2871 397998 367
5377 911369 247
2081 854661 1505
6484 197153 169
1845 334514 1674
6740 859671 1322
5484 790703 1710
9679 98025 26
1625 124527 231
7886 466658 3066
6977 627457 3434
4039 616562 409
4620 154421 138
2987 399654 123
4985 637393 598
2807 917218 783
9850 67241 2764
1425 689994 3570
5921 707528 1654
8489 917244 1056
4533 701551 1236
8781 23301 118
6552 54616 7
7719 473063 1985
180 29758 2499
91 40850 5812
4628 556919 1235
6796 88408 849
8793 716340 3431
7898 28808 2160
9003 5695 1168
4072 468930 37
8143 302316 420
6502 249318 1970
3867 877154 1188
4554 568108 563
878 879392 422
3650 509201 371
3640 404346 467
3785 839780 116
4022 85637 755
7332 378220 4
9694 13704 1537
426 6818 497
3870 71843 176
5246 114106 7522
3037 627052 7
4158 122635 1537
2649 480256 286
5863 442477 851
6709 173069 3189
9846 147595 1303
2377 852663 2973
6100 478325 581
6523 147394 134
3380 557163 1
2036 303966 1774
628 74497 137
9727 15676 228
6544 518637 1561
9928 630004 1156
5143 854544 212
9951 224113 18
9332 382811 331
8937 862469 729
3014 195071 1316
9866 295956 14
6998 192001 408
6714 276356 57
6596 346995 513
2260 410500 581
7303 734431 251
7168 964820 212
1309 996734 170
7128 93296 3037
962 808679 30
7752 70918 1532
1346 783842 1888
5354 288377 96
1201 158888 735
3414 379207 1732
2461 799479 1267
2413 92817 182
6112 551442 1097
5029 616406 79
7576 207760 27
5179 49910 543
2544 724581 13
5327 655208 487
9524 524962 758
2175 921760 454
8134 492773 3999
918 255688 32
3971 347750 1039
129 668472 170
7335 695040 595
4120 485017 1266
3152 509113 957
6476 949759 2928
6318 284928 2592
3938 283147 1668
3859 297780 13
943 397620 1
3319 810443 544
424 299709 680
4377 535834 2329
9545 857781 3788
8669 804420 2220
4321 792175 3259
6683 690256 375
1824 277957 35
768 435267 1656
2003 352071 15
2854 774746 4147
1543 343352 990
1361 314931 922
2507 125457 1017
7325 16673 2033
4562 578084 2290
9299 347924 958
2029 257810 5634
5582 108742 300
1486 842961 697
8118 29415 1707
9382 457597 15
5380 846741 17
5187 56037 13
899 611046 1399
1462 564185 22
8193 804225 18
7400 128429 461
7569 960696 3165
6061 684309 2205
7197 432307 247
8257 83279 265
9583 507022 4513
1693 685789 446
6394 152118 319
7637 188591 245
9594 454078 11
4841 109733 890
2651 351393 593
5971 440695 433
2104 157575 3386
6688 168367 114
9441 22529 141
9837 538978 390
5791 684496 642
6536 394621 432
1617 946044 1733
9136 314315 796
3923 466209 156
7734 662465 196
4198 634883 3231
3001 841666 2651
5714 685584 1589
3161 305031 2573
8945 234462 115
2434 957632 1443
4041 596426 751
8442 513539 1577
3528 827004 1264
3284 223526 118
409 839618 971
6566 559386 779
8926 422616 30
7673 716106 16
8023 359491 413
7635 525988 284
9358 656952 158
9341 196085 913
3356 207804 15
269 637908 173
3268 377672 2493
8646 522965 4828
2722 980211 1590
9620 116584 4947
6177 256461 975
9429 684429 128
6608 536878 1905
8543 208204 3512
5928 506582 106
8916 352563 1367
513 497603 741
7574 429264 3729
3289 239529 3460
4754 719573 232
896 987215 1314
7223 878825 128
1952 834211 3
8509 945307 1496
2620 131704 145
144 246418 778
4402 381956 563
1916 807692 1154
6786 372432 2795
398 546572 297
5275 65683 894
3018 222924 356
9632 533096 131
5832 753455 649
7240 693205 668
5307 669769 235
2127 41959 303
6901 664867 3117
3843 777584 3085
5094 722123 3326
2639 664122 819
207 585021 3641
8254 505233 8
9547 784141 422
2131 262537 558
7831 489 23
7981 566438 2628
3725 314642 844
122 201802 3370
6122 326718 2157
3690 912382 2028
2671 968884 561
8292 470475 26
3964 403416 1182
4721 271494 2829
6573 488491 1460
1641 360590 3470
7218 565674 1452
4781 868901 3924
5047 389451 3226
2069 146874 878
9397 616016 1126
9848 123055 695
8842 317058 18
1011 428792 5468
2684 658491 2120
6639 312126 1
1250 882745 466
9217 521774 244
9817 35778 84
9562 352545 574
2304 560029 1011
2462 406395 591
5346 25456 1049
6298 633087 547
5613 216742 1676
3960 200084 569
8320 657699 1127
7461 461633 2722
5719 465591 168
587 871328 3172
9557 953288 271
2496 255141 1355
5085 878448 45
9126 578262 305
1471 456905 4
3734 983454 1290
448 196287 103
1196 434628 1525
2701 169405 2395
2463 118954 24
1225 425170 5343
1497 151493 21
4382 416587 1103
7389 930558 6051
6299 944532 5
1252 143727 2053
9907 811407 191
4256 532826 1758
9961 397085 2071
9838 158889 1396
3516 957058 476
4199 214092 52
6464 154532 501
4115 456459 780
9964 482610 1007
6227 708326 6804
8653 27086 2
8039 989308 2
6551 274848 4476
7829 558321 857
9269 944062 153
2954 189906 2283
8092 858990 951
3307 601692 411
4961 407824 27
4499 371472 1224
7780 735561 73
5627 596841 3143
705 208733 145
1480 944345 189
8603 191234 1514
1715 788278 5967
7906 460557 1817
789 981509 802
4450 584788 103
4963 608867 833
9088 546804 418
7482 858122 8
3373 627693 70
647 522445 179
9710 103512 33
2668 32696 1110
6401 42675 363
532 787786 401
1510 888500 413
9908 630865 76
9924 178229 404
6126 59034 49
8549 466515 30
8514 138908 270
8824 360997 840
4265 10636 199
8570 579353 1083
2230 272942 269
7391 569264 206
6205 1364 1173
3503 386745 1305
7216 780116 1199
6415 513124 1085
1056 644925 2609
7907 953856 3796
8398 229263 566
5324 526204 2432
2540 891085 611
