1000
2119 672233 848
1287 271276 327
6465 823321 527
1005 935873 268
9614 150636 3320
5506 887792 445
9373 294943 1509
4821 697599 857
3742 762628 662
6865 636388 4771
252 779610 1036
9719 486458 1906
6244 145014 210
1647 530128 778
9687 829301 2557
1361 301886 3213
2186 57982 17
5841 510999 1100
2184 484131 2138
8234 380353 1983
5410 210027 553
4981 33169 855
9216 143144 40
5338 381591 823
1917 18182 402
9733 110341 136
2985 749821 316
841 55799 469
8466 968329 225
7353 857565 1619
449 452611 700
102 993792 216
4006 572903 2653
213 283013 107
6236 822232 191
2534 209960 2049
7727 133179 241
1985 323111 857
1669 907164 87
8126 422212 360
9103 671721 3056
9485 213738 2702
1998 153065 3187
4899 236364 222
4380 531890 943
5168 740133 1626
5785 345686 696
7115 543223 782
7928 473209 134
8081 588605 352
6223 933010 34
8770 338629 904
636 304358 29
2902 454680 1408
85 91743 1348
2772 689682 553
6247 573564 4011
307 155959 1392
3279 805163 3272
4260 519478 345
7985 915979 3
1997 305602 244
4004 670719 21
6017 358573 2869
4932 879401 1397
9710 66246 209
2917 642255 1186
4803 820805 986
993 406476 3391
5688 707407 1692
1196 996584 1740
3007 675819 1901
9700 339728 423
8250 605610 101
9860 389036 507
9425 398550 109
8920 984688 1757
8305 569875 2603
9191 397358 1181
3431 630259 3082
9337 768678 569
3134 950694 198
3869 745630 122
6597 255443 1071
5629 674019 113
2169 543703 537
4738 825829 5045
6245 718658 16
5845 413463 1373
4703 366085 114
586 898294 1003
3772 725114 5395
1731 214311 106
2549 641061 81
5569 735943 1102
2226 804771 10
4813 751102 2249
7161 840992 2008
8756 590955 688
8953 102899 1640
1706 833046 66
3238 120708 1540
9741 395244 908
9572 687838 1238
9520 232807 112
1487 518232 600
7515 574054 298
4478 151615 3420
2868 812331 128
6097 649450 762
1982 850095 338
2101 99551 543
7810 336554 1064
6414 406270 142
8361 866630 39
8634 574886 21
2456 997794 348
2774 154983 327
2521 362910 967
9575 603388 4
6596 336185 194
9010 784016 1199
96 323270 2057
7644 946073 21
3857 521526 33
5717 469779 408
7774 899443 1935
6133 156358 2146
4994 649491 3694
1089 408263 2978
1629 709434 3438
9119 7643 5342
3045 43416 34
8587 831459 58
3910 159189 1049
5896 910585 1264
3551 488099 726
1432 115116 1160
6812 856839 1526
8134 713798 427
1649 753719 505
3196 552203 2188
3885 713277 456
4427 180780 78
3794 798560 27
6634 669441 701
7684 495016 1424
8767 878476 246
3768 224386 3328
1230 698031 355
5774 41747 2290
884 383538 157
9397 156917 9
5275 760320 3074
7438 35784 94
7120 811297 415
9605 947723 1529
4163 428380 748
5423 645897 1317
8496 165548 236
7675 358088 2894
1036 865670 579
2239 924339 50
6633 875832 7155
321 58103 2094
3985 737228 427
9340 951434 1061
238 880144 21
7808 926818 2565
442 315669 144
1579 163784 592
2856 487545 3226
5103 295989 22
697 709064 273
4511 414449 3
2512 45309 1202
211 668476 878
9921 272293 532
308 269368 3628
2697 683045 1918
3365 743221 116
9842 56343 174
393 94767 42
2019 421086 649
9807 675900 136
5071 511218 1457
1657 214341 268
2684 37759 2293
2244 234501 494
4766 639628 2197
4709 970021 3539
47 880507 526
4594 912536 214
2156 842561 235
9634 891278 2607
1767 385935 11
2107 632245 1499
3804 887442 4094
8862 428837 653
3914 315520 1695
9857 602502 704
8180 738343 1145
1007 230849 514
6775 504850 85
620 340448 10
2090 529915 1105
782 702793 1292
7458 418038 336
7646 174802 643
1148 247292 482
1743 394465 102
2818 664396 580
9139 527912 1010
1326 838655 69
2845 474388 4558
1136 306109 252
706 431758 5623
6551 571497 108
250 387864 132
6616 713692 1148
3645 532204 1572
8491 624814 174
114 531998 2343
7523 626334 1036
9965 940838 2731
9542 754691 18
50 29641 6043
8007 178143 1644
6212 588153 4530
9611 132873 207
9841 956067 133
4852 384418 711
4781 788308 354
7601 451853 2082
3758 673379 433
2398 716146 9
3295 231993 483
4558 681509 142
9482 52524 476
6287 743583 185
7501 79219 32
6913 209300 534
8147 806757 171
3406 752377 2456
3792 462223 375
8616 433252 1631
3448 750857 331
2956 739976 236
9974 641950 1647
1283 629687 343
6820 632610 2200
3481 274837 141
6861 173165 454
4003 191804 124
4108 99337 3951
2676 913757 1174
7278 578423 193
4069 248824 741
3874 654208 294
5744 278974 781
7698 588838 147
4075 384322 2498
1741 637210 1680
2079 76118 692
4987 389662 1084
4704 43183 1977
7269 323377 1524
1844 41117 240
1811 875318 126
5456 469101 1720
4938 569398 2392
9633 641375 1330
9265 426638 949
3352 696519 159
4283 977995 56
5608 379618 3277
1062 568139 1912
7119 358360 3940
5139 972113 168
9075 516542 160
6706 331353 2873
7570 317961 6584
6966 178098 530
2070 652624 40
22 668297 364
3921 422453 4696
9299 74578 1023
2745 805368 282
7218 644459 477
7106 865864 2824
7280 453059 2060
9553 753858 324
5449 851225 34
95 681855 92
9013 104433 155
7005 569162 140
8268 862170 37
3015 555354 3690
4097 431271 1000
9960 105158 4337
3868 989566 1456
5267 158049 1339
4947 278383 47
2849 112892 308
224 433248 2283
8409 430635 560
2415 223149 1634
3354 268670 929
8030 359116 2370
5441 61822 1083
4916 386743 1991
6701 292965 22
7927 962472 1057
7895 259393 118
1838 182233 251
1418 371691 371
2580 102139 431
3177 226705 1504
7031 663763 1236
2490 951101 6530
8204 214479 218
7423 102196 552
3226 340655 4572
2578 400156 2899
4808 104533 2188
2267 65562 528
3838 531988 6267
9910 442536 770
113 518253 144
5388 888551 414
5695 556942 1673
7236 101520 530
9167 391495 2413
5475 671746 186
1017 886631 6686
8156 483345 979
4333 728639 1914
193 981086 884
3306 726644 437
4090 109277 3870
1872 846013 2987
4355 579113 4245
9458 255572 3628
495 597856 524
5333 797743 79
2427 874653 96
4065 163197 573
5539 185288 280
94 564068 1580
9210 591924 857
728 497048 1128
2159 445512 1616
9224 344876 495
4457 930115 677
1205 756479 3161
7534 218210 200
4516 981315 179
3594 133941 1379
8091 950203 36
972 859609 5363
2683 710193 193
8365 547093 366
6753 235674 4812
8118 596074 309
8760 405163 1311
9424 568979 2971
5371 451871 736
4895 731038 414
2567 599982 297
4869 742893 318
2363 566847 149
5330 442806 837
1989 104543 786
3451 449047 89
3135 243226 475
8888 263545 242
4430 500726 1595
3422 238582 2778
1589 752512 1374
6777 976107 667
8998 638738 842
2029 133722 86
9962 18782 6
5302 643064 76
8509 391202 107
8389 451969 17
6611 985838 4565
3046 94149 137
2672 304462 612
1920 97687 2965
9483 30774 60
6119 25518 582
3953 241179 72
798 933711 890
8476 473997 5216
7493 687366 1402
689 731575 33
6036 267589 24
1790 155991 3398
447 214996 15
4169 468777 2759
2502 619469 615
9762 203637 1400
8232 43839 1843
8836 720545 742
9041 924454 2056
5888 928202 182
7327 764266 1101
6756 454337 426
1875 264098 8166
822 939478 4224
9843 394034 148
5641 100181 1
6640 437120 548
2564 386346 1037
484 356184 1774
8525 974322 169
9911 126285 1484
5176 181687 1307
6937 195376 1713
6934 27425 4276
5464 945444 76
965 905729 38
5480 288664 3742
480 247132 136
2783 151281 713
3513 735176 3833
6349 878760 305
3590 616840 3315
6083 549755 1530
7289 390512 424
7242 941753 1325
8324 495571 2866
5498 849344 889
6103 346136 4730
6049 180670 1594
9859 268674 113
512 785350 71
5157 183147 676
2635 713260 3
5402 244673 1272
7729 64783 1549
658 730647 614
7366 99208 52
2951 367159 3869
3858 95635 13
5712 437210 1576
6906 705955 6016
885 809464 5832
5254 630566 7301
6299 170641 2303
7688 813772 679
1524 853878 241
9342 596197 352
4488 630459 214
7365 943990 337
4798 321993 874
5912 791407 30
8212 445416 2055
4031 173645 3274
9587 219762 1838
6671 692351 6189
4484 494589 475
9329 308711 380
8617 256043 148
1630 269087 150
7673 213571 8
2087 709026 2
5484 868688 1759
9253 397662 1040
8283 309597 2586
2040 438250 899
4845 364439 143
1710 338837 26
1559 713146 282
3368 755097 535
4420 393472 1112
355 165389 299
4586 24339 719
900 43230 3712
4836 350508 811
8718 464190 3788
3380 919066 142
4729 428663 185
3625 622438 67
1943 425894 1764
1510 421864 375
7323 76102 544
1054 470026 773
9847 858005 800
1250 628083 5568
7859 395986 2161
3480 343861 461
6736 593216 2173
4086 243602 1078
5166 120315 186
5720 639682 9
6013 426258 951
8331 804088 1
3103 516769 642
3301 167814 3046
4534 447420 162
8739 832190 33
9985 366681 194
7940 716617 123
7094 383779 237
8418 369933 1260
2932 58883 148
5138 356781 915
1374 331825 7007
1218 112994 1812
7317 916592 1336
1100 226160 919
7573 20550 671
4358 554993 1529
1859 100854 4981
2045 489965 26
4727 89371 22
2851 56015 1035
3875 354386 1654
803 242987 396
8792 270195 629
8357 662418 641
7001 920349 3
5554 324112 80
5528 474440 1507
7118 60236 956
263 752391 132
6442 770128 315
1821 706088 30
5570 369370 834
6134 724134 1083
2109 978813 1768
5669 662773 843
8040 909465 258
2153 732476 1579
4119 169723 265
1627 500946 315
9946 652903 1445
7769 494785 1662
5614 462757 3615
8897 339152 17
2976 544504 44
4318 119471 589
7175 128336 903
1694 917381 1249
6979 264563 1540
9884 998894 616
2990 522060 281
4744 364610 2595
6052 260167 768
2059 858419 1688
9248 781276 718
8371 903465 62
5419 316197 3651
6749 315518 258
2205 984930 1911
757 944713 1754
7741 890126 1181
8955 348939 1547
2484 379482 3582
8843 122230 4536
5786 363158 1021
9188 790918 1088
9108 702823 230
8450 982833 451
3536 750328 2396
923 562908 200
2519 487193 1629
7979 339484 2996
4750 644959 1408
122 824368 57
6261 412903 232
4643 416300 131
1887 806043 1709
7521 996496 488
7141 414595 960
2160 481545 1055
3980 143872 474
6337 269700 1360
6554 556976 228
2231 731707 226
3484 512234 1959
6467 703215 228
1519 644605 392
6515 550060 417
3207 965179 1438
9411 92133 706
3522 408097 182
9837 256319 1367
7349 61554 198
2245 737967 383
2417 261849 272
3642 672432 1294
6499 542834 2733
8834 219390 115
1881 809158 4365
5651 601215 1970
3554 472567 1141
4867 121184 1774
851 428602 86
5600 338855 51
8298 649003 4239
4460 714451 1107
7492 121816 70
5981 544143 3923
3767 360659 37
5679 566841 1145
2995 276060 80
7902 71411 1307
316 56026 1092
3178 964107 686
5586 317966 102
1285 912678 4655
6773 600685 4250
8414 254143 800
7721 522206 72
6543 802158 1366
3939 381105 19
6910 818319 479
1087 619178 230
2125 66222 379
2394 623441 1022
7518 636423 1663
1813 230105 2412
6928 934503 426
4540 890440 5
7240 104075 1079
5533 326783 6088
7801 858711 1066
7606 58113 319
90 384807 402
1656 241394 1110
7176 874480 3508
470 199383 5473
6607 16286 771
9448 285049 2217
3699 421143 4314
297 317691 2612
2451 661943 34
3514 949974 3814
1546 879636 308
5398 220384 5009
6709 531178 838
1010 425916 13
4510 930838 3156
1110 969472 8
1181 569353 72
9993 55974 1306
9420 123407 639
7526 134637 659
8222 123166 1843
3478 199296 1854
9658 493182 108
2315 392890 610
9641 672351 35
1696 572438 5
3106 117240 166
9150 175045 277
8863 279662 540
8010 904612 240
7482 894915 3242
6216 25946 521
9015 643240 2
6786 135363 17
8071 71126 223
8113 143608 18
9166 378188 3472
8352 647986 442
9905 702535 931
726 88125 700
9708 853346 366
9938 238644 1725
3457 548686 1377
5732 884484 59
8484 575018 923
7696 360399 1224
3123 969484 511
2469 448939 788
1039 717663 45
4935 869921 5681
5178 108206 301
5624 829432 1525
5428 902165 1344
8594 937589 360
2066 308008 2344
6518 395312 2029
25 676843 2079
9870 571739 654
8672 229719 237
3195 361 98
8964 333776 177
4100 826364 30
7004 894643 527
6824 587668 4
3978 675115 3244
6952 823661 2504
6195 256132 798
1977 311438 1810
5327 322487 42
1615 486602 608
5235 513396 152
8271 131868 804
7276 842093 82
2448 511493 1461
4901 535759 257
3287 964190 130
8355 518939 23
9754 511049 303
8715 642010 375
9132 614108 563
3803 771769 113
7160 90169 195
1183 145072 208
1492 519608 1992
8451 187014 158
4418 997316 1028
2511 734928 433
3318 431756 661
7347 962613 242
1156 245578 51
9673 31209 335
9736 621478 188
9095 203523 867
1053 993474 1380
3199 730346 354
4500 589942 1093
1569 278415 3239
5716 993964 901
1045 330593 1923
5928 10011 841
1023 125544 1599
5807 991523 377
6208 712028 7
5239 236285 361
6071 544415 4
6255 705373 82
7433 20504 1233
6154 704084 1465
8001 68992 1144
4993 841175 57
3148 464899 567
6613 179378 560
1120 491732 1156
4499 973688 5054
1378 811139 2370
2935 139403 488
2780 335896 64
5534 81662 2081
2648 760497 24
242 428898 1916
6768 732552 1825
1572 412300 383
1986 584704 79
879 451019 1377
3124 835964 2672
8593 501403 165
2631 511298 1261
4379 224896 3
3130 731565 77
6179 78901 67
9339 941037 1737
9610 568256 100
1802 687305 664
4155 46701 416
9487 40839 383
5156 911474 1238
7043 724993 947
3253 280304 287
4557 795004 126
6109 670833 957
2751 639947 975
7213 624371 276
4830 783926 16
3389 344775 494
3498 205502 85
1843 377499 2248
7466 848443 1240
8948 481337 300
2052 9156 434
8148 247300 2401
1398 830850 20
15 107756 891
4067 778895 105
7899 978224 905
4952 166859 422
9389 504764 1979
2397 971186 719
8139 546194 47
6264 121975 1741
2012 212708 146
6194 427974 759
7719 957007 2060
6761 209347 145
8228 993164 1826
4462 408506 177
1056 887030 1576
1351 577350 621
6024 122290 15
5869 301282 615
1147 512175 2099
3151 24466 8
6433 492240 356
7981 265655 3136
6016 391986 605
5136 138413 1501
8891 261687 1197
2015 814000 687
5816 464320 299
7282 224450 178
3497 306336 413
5031 138010 341
2506 495347 841
4661 116407 822
9114 133861 569
6059 521345 891
8436 357864 7386
7623 324499 273
5965 568174 2675
5043 877219 328
181 798559 66
5696 932132 1426
2639 690170 298
3783 44710 167
2912 956834 2977
9746 33859 251
5148 780560 297
3738 613490 1965
8861 960105 2662
2062 758380 1425
2998 736087 2353
6774 993932 504
565 879469 2081
9053 987723 854
4814 689870 1853
3528 388404 55
1047 540085 348
5328 465380 418
341 990205 1972
5052 618089 2220
65 313400 2852
2474 860526 2456
6189 521923 654
6552 527650 621
2168 942531 101
5241 955164 99
5665 512907 129
5690 233868 1661
7699 78240 1208
2057 101039 2670
9244 714080 504
4468 712457 911
367 590131 46
9568 851781 2501
8678 608764 23
2637 743559 4
4877 286197 374
5212 56098 308
3468 514030 91
3216 864191 458
8158 684193 77
8910 149511 164
1166 758470 393
539 705540 365
6724 769438 6153
3613 40049 785
2507 689077 257
9101 787133 38
1042 969016 10
2154 22423 245
3303 879092 112
43 658346 66
5407 749462 1092
667 627615 1344
6988 830464 51
9124 275729 2567
1019 924522 142
6034 589447 806
2718 539750 2712
2600 462150 175
4091 127817 4167
6182 127142 3550
4634 228518 12
3191 695268 2275
3895 971433 65
3946 369436 145
7542 842660 3166
6748 274325 1029
1695 555811 742
3477 774853 1074
8326 820205 449
7773 584337 5595
9036 674496 1646
1850 976529 136
2253 840937 76
7540 761193 850
1092 747599 223
3227 705674 147
4793 328012 54
1929 812573 219
7901 783285 867
4461 515709 564
9338 814917 851
2013 914624 105
5002 392366 3113
2180 891488 32
1926 223528 6350
3117 148509 601
1422 221240 3335
2400 537634 75
4232 624211 1384
6248 135818 1532
3698 729407 7194
4305 571536 226
9264 901330 1541
3038 940079 3447
8312 471477 56
6992 524629 1128
1004 97112 293
7084 187173 248
9479 148173 1170
6358 392701 1030
2653 440712 89
2175 140392 1901
537 138839 87
6159 286217 624
2630 762736 2563
1275 165697 39
4697 755732 3376
7333 831044 1336
7537 233911 667
9818 402976 150
4693 742536 1329
8764 516077 110
405 596710 162
8136 717509 6423
2644 909421 1376
8123 428232 50
376 476454 4132
632 451162 176
3023 211962 176
5704 161298 598
1037 414592 156
8790 994703 382
3020 67171 783
6899 605386 46
420 790517 277
9381 242169 1374
1080 219431 568
5264 846608 1138
7995 36519 955
5548 89068 1876
6851 656731 1125
814 47324 2252
7126 675723 822
7763 286213 72
4578 274409 5367
2321 927203 12
2882 417231 3010
8966 879923 1473
9644 517567 180
8220 511516 2987
5311 773089 1210
2941 294983 2197
3044 19781 798
299 692033 589
7379 615506 433
1414 261154 386
8053 58843 1002
7108 772180 3975
3896 677002 1176
9182 430102 21
6998 844997 1205
3891 977994 605
3725 453679 7
3338 180748 1805
9903 187930 2448
5575 423746 1205
1839 318270 28
5111 507045 250
7600 776462 1770
98 687608 1231
345 738207 441
1548 301318 655
7724 229172 9
3214 157824 657
7352 739209 141
4327 150283 367
843 977878 91
2301 964225 160
3669 577958 1750
3417 992704 172
6815 495229 315
7835 175723 1868
7695 535746 2
1482 197344 709
3599 872608 236
654 596541 1981
4381 877966 37
2547 615558 541
