500
653 896223 4
9101 859613 3619
679 256927 575
1011 259891 2894
4061 359437 1156
6932 314581 1708
5533 540017 356
2057 140703 2
8612 25623 1888
6261 553959 96
609 243520 1127
998 427326 2219
2118 848552 274
8169 19432 1814
5053 784062 1221
8080 706520 3
2648 884168 7929
1634 287817 174
6601 145051 4464
5913 99357 180
4070 770294 1198
8430 596210 756
3491 203034 344
4360 236991 300
2404 649471 1230
115 807805 127
3114 939086 463
5337 506480 1551
1539 824666 12
3451 973720 225
8197 320524 583
8193 293606 1
7163 770206 3155
1727 371353 911
380 559727 632
7373 97581 787
3968 330102 432
8825 137664 79
9682 656431 4147
5455 506781 2237
2723 94340 1572
264 715077 127
3179 874281 3019
9064 368009 1873
2941 75053 7828
2480 777657 693
8108 936187 2780
3746 582496 109
799 136358 52
4384 985653 364
412 919215 3213
8582 863930 472
5737 844635 10
7095 348040 2162
5694 839149 1424
7183 306745 2
7900 884012 1175
1321 566330 4486
2779 816709 2602
9787 561957 61
9994 261664 1966
1983 40582 373
2147 168852 169
650 893813 602
4302 749243 3457
5648 182398 28
9901 254997 2460
5805 999848 153
8911 363624 1513
4492 882968 6388
9384 992909 282
1853 591711 2472
7686 878278 1872
6715 900410 47
5073 533886 65
5826 742009 293
9271 25566 663
5450 174028 2654
8846 121592 470
6646 556771 1281
273 52490 244
8782 648614 366
5474 951233 4356
8489 2851 30
2762 933691 15
1844 745020 250
9502 271682 53
6790 639291 610
2878 834476 1212
7168 680014 41
8176 736828 102
5955 521539 419
4520 315344 961
2562 95796 28
7263 395981 5075
9549 883215 94
4182 442905 871
2279 974679 316
7518 827059 511
4997 83414 675
1661 38341 261
9747 295559 692
6983 948877 315
5314 235261 707
8746 75040 2498
786 934352 12
7554 516875 379
5325 416397 2736
8654 6083 28
9120 659932 195
6465 304689 1119
2836 182507 401
2792 37424 2055
9899 860118 880
4173 425000 863
729 554936 3978
5814 994570 2596
7485 619434 195
7940 148028 725
1579 792351 41
2608 93110 2025
6217 622818 993
5207 264009 63
5593 159568 232
1934 203475 394
4523 878988 808
6415 414204 1569
7187 914885 771
6596 887872 5400
5428 636123 2406
3380 618773 3329
7882 706903 2457
2126 825602 981
8979 933922 262
5892 272762 2184
9119 125100 1117
8403 178211 29
2810 723578 78
6309 304974 815
9751 922890 423
7305 877573 860
6393 255001 4287
4060 718490 180
9139 330983 32
5372 850577 853
7358 733685 873
9898 903780 388
8611 321432 769
2398 379294 46
6595 983332 2266
3281 561827 1251
5503 853443 178
3622 394050 1375
4233 800974 192
6466 749450 1766
4682 230963 246
4402 785570 489
904 994332 2
465 195139 445
8443 567859 587
1170 976253 8
6717 983545 8
5843 243339 368
8596 711742 304
6129 610664 271
4804 444962 1028
7981 657664 185
6431 490452 976
4488 555660 91
5255 282586 3497
6927 602412 2030
2105 374246 640
7868 461454 5621
860 139173 3599
4424 440167 1628
3760 268424 3718
9442 825817 214
2768 515411 115
8509 663895 1977
7417 5609 135
8792 947749 258
7604 625390 81
7489 857395 26
3363 581481 219
7762 111367 102
4209 892165 99
9694 203672 44
6335 418272 331
4206 322096 379
9667 542213 3715
7506 851243 2343
2406 343704 537
2441 961333 328
1351 128740 602
448 28417 223
8872 542722 225
5858 64718 141
920 37306 3525
405 671747 412
6080 42212 107
9919 768677 64
1595 50432 2731
3735 769477 359
7786 385464 546
9658 789552 14
7811 126558 850
7611 907163 402
4433 818392 8
6192 78930 1214
4742 727858 5024
6119 500449 129
5359 973962 4071
9804 296019 4644
4021 692137 4156
2847 362971 3969
1177 394448 917
5398 866585 1052
141 541907 1403
5045 381022 1478
1280 18644 18
6179 254162 630
3690 912399 1852
9897 793607 1216
3369 969032 110
4544 150506 8
7734 984553 11
6274 591415 4624
8475 318776 1835
1743 740888 5590
9810 113737 85
1741 322805 6018
9565 206569 143
5396 865074 451
5484 363093 483
5935 389387 26
4068 565556 1
8784 660316 916
2438 705531 128
4175 470608 1354
9245 672588 2217
9500 592271 81
4420 816053 701
4219 956764 27
4053 956238 223
9895 992770 56
7320 347953 445
2208 281675 1025
3810 516550 178
2419 40157 2132
9863 102551 3931
4770 298233 3238
8051 651289 24
2095 404017 1324
3252 463525 386
8319 562627 36
4154 759996 814
20 420728 112
5541 847557 13
7957 360751 3223
6757 986633 96
8578 457730 17
2232 103627 61
2782 215994 1523
3865 621173 436
1168 684117 17
5901 474081 795
7466 8040 1722
3171 727037 32
4216 803672 2637
3310 567782 1382
4863 340442 1663
9864 143288 3087
2807 844732 1985
1618 818741 362
258 639786 163
4691 247930 3303
2124 523929 4551
9934 871360 727
941 937486 2958
4222 115721 7053
9929 707983 2256
5022 957655 351
3700 803266 792
4320 992742 60
3360 55258 193
2185 527728 373
681 284732 2248
9121 201006 21
265 508095 75
3600 530350 1324
829 417945 591
6795 618009 408
8078 175122 1198
6106 887216 15
9546 258415 1673
6686 15041 1060
4718 552490 3705
816 886539 1572
881 628909 2700
7314 512618 259
5313 666815 157
61 775650 10
3860 57415 4198
484 350349 2231
6009 862836 139
2580 660384 959
2019 550410 3269
3428 102422 470
7302 195807 39
3665 194391 292
4502 705601 85
3115 772572 1057
1642 679013 19
5442 67846 1112
9958 119875 4811
9503 359504 101
6363 970565 29
8262 859011 617
3969 931383 2494
231 323722 785
8146 555240 290
3302 156460 3055
1624 959088 243
2581 448455 688
741 63700 5889
6060 250938 67
2134 550930 1564
5506 169165 1409
1328 706147 522
7808 199300 470
3473 1879 135
5766 907465 1161
944 674296 68
4761 593083 111
4366 839233 8257
9740 262314 1101
7675 141279 3246
7890 372237 2214
430 696093 631
4813 938620 601
2009 591085 2267
4741 932705 225
4100 830233 619
199 992862 350
2988 314115 24
973 867160 414
9883 810317 83
1079 512031 821
7034 80740 2329
2401 61611 835
3602 216073 77
3610 834242 1211
1216 958522 3763
6155 735220 3077
6185 880701 417
3932 188137 533
1387 569456 210
1265 873236 1171
4575 755138 798
6241 447992 33
7153 530626 2560
7834 458030 79
8048 673166 110
3196 49941 50
8771 514812 1254
9467 873780 83
2037 437664 209
3916 922418 9
1514 77440 1036
4335 847337 664
1148 791140 952
8070 184789 31
6007 783859 2426
6024 620281 13
1815 53254 1610
9534 948936 1507
9945 632430 2435
4755 845127 1955
5077 609391 1397
8075 553591 370
4803 570386 547
578 231359 148
5727 771694 45
7538 449605 62
498 9627 1920
4251 417768 454
4069 392145 2795
8692 231365 1022
4457 196750 597
7371 483829 212
5656 684546 679
2818 275288 46
2085 499426 29
1036 406711 522
8073 993433 364
4724 243426 752
7289 267843 922
5590 694190 967
5570 104050 354
9857 684500 1771
7477 207473 2231
9851 517388 2004
3379 880856 2017
4518 682249 1385
1152 608107 264
8944 719250 2412
8946 785455 25
7335 609618 1822
5439 647754 7651
6264 677030 714
4944 264147 1276
9776 368891 135
2704 352305 98
4582 583188 351
2524 571332 5271
1359 221953 39
2613 525800 639
6066 478045 431
1043 553467 649
7830 849540 3580
3816 775362 87
8936 62923 7376
2722 798138 217
3676 716082 428
296 719861 5
1093 904091 550
9427 982832 456
5017 888966 895
1756 59708 1561
8751 221183 199
6966 182535 1827
3195 733912 262
2726 149623 469
5194 771683 2028
2604 129010 366
6826 91149 793
268 660129 9
2884 235854 251
4632 206709 87
2191 479937 313
586 513609 2952
1582 897293 106
4975 424631 3573
6424 825837 31
9196 366425 356
4277 124177 107
9492 63359 389
8129 810449 1051
9632 855695 1043
6829 610226 1341
4945 44344 3497
1938 143861 485
1961 266281 191
8447 397794 992
1911 355530 1393
7732 967567 82
8931 171068 283
2132 690594 1978
3292 96388 229
239 391052 1931
9303 631333 1257
4239 787476 213
2035 627686 737
2594 428444 5886
6515 340438 1699
1781 119368 3512
4827 598096 1161
3453 567745 2638
3351 459747 600
2392 143075 6
3190 747454 217
6489 992473 4413
2370 818097 1052
8232 317001 74
6918 617460 2604
4865 878303 247
5036 352664 1822
1680 45789 518
6538 975605 1497
9201 821637 576
3052 311665 655
1971 883039 747
1142 704970 7011
2064 255120 523
5793 146513 345
2841 501026 830
8002 767237 2518
820 827137 237
5941 552811 1631
2490 418969 216
8485 335470 534
2383 946762 194
6953 106545 1389
2016 126247 4400
9504 804438 3887
7229 797388 1263
880 782195 171
295 605327 3018
7453 681864 1548
3270 760954 971
