5000
2.0 2.0
2.0 4.1
2.0 6.2
3.1 2.0
3.1 4.1
3.1 6.2
4.2 2.0
4.2 4.1
4.2 6.2
5.3 2.0
5.3 4.1
5.3 6.2
6.4 2.0
6.4 4.1
6.4 6.2
7.5 2.0
7.5 4.1
7.5 6.2
8.6 2.0
8.6 4.1
8.6 6.2
9.7 2.0
9.7 4.1
9.7 6.2
10.8 2.0
10.8 4.1
10.8 6.2
11.9 2.0
11.9 4.1
11.9 6.2
13.0 2.0
13.0 4.1
13.0 6.2
14.1 2.0
14.1 4.1
14.1 6.2
15.2 2.0
15.2 4.1
15.2 6.2
16.3 2.0
16.3 4.1
16.3 6.2
17.4 2.0
17.4 4.1
17.4 6.2
18.5 2.0
18.5 4.1
18.5 6.2
19.6 2.0
19.6 4.1
19.6 6.2
20.7 2.0
20.7 4.1
20.7 6.2
21.8 2.0
21.8 4.1
21.8 6.2
22.9 2.0
22.9 4.1
22.9 6.2
24.0 2.0
24.0 4.1
24.0 6.2
25.1 2.0
25.1 4.1
25.1 6.2
26.2 2.0
26.2 4.1
26.2 6.2
27.3 2.0
27.3 4.1
27.3 6.2
28.4 2.0
28.4 4.1
28.4 6.2
29.5 2.0
29.5 4.1
29.5 6.2
30.6 2.0
30.6 4.1
30.6 6.2
31.7 2.0
31.7 4.1
31.7 6.2
32.8 2.0
32.8 4.1
32.8 6.2
33.9 2.0
33.9 4.1
33.9 6.2
35.0 2.0
35.0 4.1
35.0 6.2
36.1 2.0
36.1 4.1
36.1 6.2
37.2 2.0
37.2 4.1
37.2 6.2
38.3 2.0
38.3 4.1
38.3 6.2
39.4 2.0
39.4 4.1
39.4 6.2
40.5 2.0
40.5 4.1
40.5 6.2
41.6 2.0
41.6 4.1
41.6 6.2
42.7 2.0
42.7 4.1
42.7 6.2
43.8 2.0
43.8 4.1
43.8 6.2
44.9 2.0
44.9 4.1
44.9 6.2
46.0 2.0
46.0 4.1
46.0 6.2
47.1 2.0
47.1 4.1
47.1 6.2
48.2 2.0
48.2 4.1
48.2 6.2
49.3 2.0
49.3 4.1
49.3 6.2
50.4 2.0
50.4 4.1
50.4 6.2
51.5 2.0
51.5 4.1
51.5 6.2
52.6 2.0
52.6 4.1
52.6 6.2
53.7 2.0
53.7 4.1
53.7 6.2
54.8 2.0
54.8 4.1
54.8 6.2
55.9 2.0
55.9 4.1
55.9 6.2
57.0 2.0
57.0 4.1
57.0 6.2
58.1 2.0
58.1 4.1
58.1 6.2
59.2 2.0
59.2 4.1
59.2 6.2
60.3 2.0
60.3 4.1
60.3 6.2
61.4 2.0
61.4 4.1
61.4 6.2
62.5 2.0
62.5 4.1
62.5 6.2
63.6 2.0
63.6 4.1
63.6 6.2
64.7 2.0
64.7 4.1
64.7 6.2
65.8 2.0
65.8 4.1
65.8 6.2
66.9 2.0
66.9 4.1
66.9 6.2
68.0 2.0
68.0 4.1
68.0 6.2
69.1 2.0
69.1 4.1
69.1 6.2
70.2 2.0
70.2 4.1
70.2 6.2
71.3 2.0
71.3 4.1
71.3 6.2
72.4 2.0
72.4 4.1
72.4 6.2
73.5 2.0
73.5 4.1
73.5 6.2
74.6 2.0
74.6 4.1
74.6 6.2
75.7 2.0
75.7 4.1
75.7 6.2
76.8 2.0
76.8 4.1
76.8 6.2
77.9 2.0
77.9 4.1
77.9 6.2
79.0 2.0
79.0 4.1
79.0 6.2
80.1 2.0
80.1 4.1
80.1 6.2
81.2 2.0
81.2 4.1
81.2 6.2
82.3 2.0
82.3 4.1
82.3 6.2
83.4 2.0
83.4 4.1
83.4 6.2
84.5 2.0
84.5 4.1
84.5 6.2
85.6 2.0
85.6 4.1
85.6 6.2
86.7 2.0
86.7 4.1
86.7 6.2
87.8 2.0
87.8 4.1
87.8 6.2
88.9 2.0
88.9 4.1
88.9 6.2
90.0 2.0
90.0 4.1
90.0 6.2
91.1 2.0
91.1 4.1
91.1 6.2
92.2 2.0
92.2 4.1
92.2 6.2
93.3 2.0
93.3 4.1
93.3 6.2
94.4 2.0
94.4 4.1
94.4 6.2
95.5 2.0
95.5 4.1
95.5 6.2
96.6 2.0
96.6 4.1
96.6 6.2
97.7 2.0
97.7 4.1
97.7 6.2
98.8 2.0
98.8 4.1
98.8 6.2
99.9 2.0
99.9 4.1
99.9 6.2
101.0 2.0
101.0 4.1
101.0 6.2
102.1 2.0
102.1 4.1
102.1 6.2
103.2 2.0
103.2 4.1
103.2 6.2
104.3 2.0
104.3 4.1
104.3 6.2
105.4 2.0
105.4 4.1
105.4 6.2
106.5 2.0
106.5 4.1
106.5 6.2
107.6 2.0
107.6 4.1
107.6 6.2
108.7 2.0
108.7 4.1
108.7 6.2
109.8 2.0
109.8 4.1
109.8 6.2
110.9 2.0
110.9 4.1
110.9 6.2
112.0 2.0
112.0 4.1
112.0 6.2
113.1 2.0
113.1 4.1
113.1 6.2
114.2 2.0
114.2 4.1
114.2 6.2
115.3 2.0
115.3 4.1
115.3 6.2
116.4 2.0
116.4 4.1
116.4 6.2
117.5 2.0
117.5 4.1
117.5 6.2
118.6 2.0
118.6 4.1
118.6 6.2
119.7 2.0
119.7 4.1
119.7 6.2
120.8 2.0
120.8 4.1
120.8 6.2
121.9 2.0
121.9 4.1
121.9 6.2
123.0 2.0
123.0 4.1
123.0 6.2
124.1 2.0
124.1 4.1
124.1 6.2
125.2 2.0
125.2 4.1
125.2 6.2
126.3 2.0
126.3 4.1
126.3 6.2
127.4 2.0
127.4 4.1
127.4 6.2
128.5 2.0
128.5 4.1
128.5 6.2
129.6 2.0
129.6 4.1
129.6 6.2
130.7 2.0
130.7 4.1
130.7 6.2
131.8 2.0
131.8 4.1
131.8 6.2
132.9 2.0
132.9 4.1
132.9 6.2
134.0 2.0
134.0 4.1
134.0 6.2
135.1 2.0
135.1 4.1
135.1 6.2
136.2 2.0
136.2 4.1
136.2 6.2
137.3 2.0
137.3 4.1
137.3 6.2
138.4 2.0
138.4 4.1
138.4 6.2
139.5 2.0
139.5 4.1
139.5 6.2
140.6 2.0
140.6 4.1
140.6 6.2
141.7 2.0
141.7 4.1
141.7 6.2
142.8 2.0
142.8 4.1
142.8 6.2
143.9 2.0
143.9 4.1
143.9 6.2
145.0 2.0
145.0 4.1
145.0 6.2
146.1 2.0
146.1 4.1
146.1 6.2
147.2 2.0
147.2 4.1
147.2 6.2
148.3 2.0
148.3 4.1
148.3 6.2
149.4 2.0
149.4 4.1
149.4 6.2
150.5 2.0
150.5 4.1
150.5 6.2
151.6 2.0
151.6 4.1
151.6 6.2
152.7 2.0
152.7 4.1
152.7 6.2
153.8 2.0
153.8 4.1
153.8 6.2
154.9 2.0
154.9 4.1
154.9 6.2
156.0 2.0
156.0 4.1
156.0 6.2
157.1 2.0
157.1 4.1
157.1 6.2
158.2 2.0
158.2 4.1
158.2 6.2
159.3 2.0
159.3 4.1
159.3 6.2
160.4 2.0
160.4 4.1
160.4 6.2
161.5 2.0
161.5 4.1
161.5 6.2
162.6 2.0
162.6 4.1
162.6 6.2
163.7 2.0
163.7 4.1
163.7 6.2
164.8 2.0
164.8 4.1
164.8 6.2
165.9 2.0
165.9 4.1
165.9 6.2
167.0 2.0
167.0 4.1
167.0 6.2
168.1 2.0
168.1 4.1
168.1 6.2
169.2 2.0
169.2 4.1
169.2 6.2
170.3 2.0
170.3 4.1
170.3 6.2
171.4 2.0
171.4 4.1
171.4 6.2
172.5 2.0
172.5 4.1
172.5 6.2
173.6 2.0
173.6 4.1
173.6 6.2
174.7 2.0
174.7 4.1
174.7 6.2
175.8 2.0
175.8 4.1
175.8 6.2
176.9 2.0
176.9 4.1
176.9 6.2
178.0 2.0
178.0 4.1
178.0 6.2
179.1 2.0
179.1 4.1
179.1 6.2
180.2 2.0
180.2 4.1
180.2 6.2
181.3 2.0
181.3 4.1
181.3 6.2
182.4 2.0
182.4 4.1
182.4 6.2
183.5 2.0
183.5 4.1
183.5 6.2
184.6 2.0
184.6 4.1
184.6 6.2
185.7 2.0
185.7 4.1
185.7 6.2
186.8 2.0
186.8 4.1
186.8 6.2
187.9 2.0
187.9 4.1
187.9 6.2
189.0 2.0
189.0 4.1
189.0 6.2
190.1 2.0
190.1 4.1
190.1 6.2
191.2 2.0
191.2 4.1
191.2 6.2
192.3 2.0
192.3 4.1
192.3 6.2
193.4 2.0
193.4 4.1
193.4 6.2
194.5 2.0
194.5 4.1
194.5 6.2
195.6 2.0
195.6 4.1
195.6 6.2
196.7 2.0
196.7 4.1
196.7 6.2
197.8 2.0
197.8 4.1
197.8 6.2
198.9 2.0
198.9 4.1
198.9 6.2
200.0 2.0
200.0 4.1
200.0 6.2
201.1 2.0
201.1 4.1
201.1 6.2
202.2 2.0
202.2 4.1
202.2 6.2
203.3 2.0
203.3 4.1
203.3 6.2
204.4 2.0
204.4 4.1
204.4 6.2
205.5 2.0
205.5 4.1
205.5 6.2
206.6 2.0
206.6 4.1
206.6 6.2
207.7 2.0
207.7 4.1
207.7 6.2
208.8 2.0
208.8 4.1
208.8 6.2
209.9 2.0
209.9 4.1
209.9 6.2
211.0 2.0
211.0 4.1
211.0 6.2
212.1 2.0
212.1 4.1
212.1 6.2
213.2 2.0
213.2 4.1
213.2 6.2
214.3 2.0
214.3 4.1
214.3 6.2
215.4 2.0
215.4 4.1
215.4 6.2
216.5 2.0
216.5 4.1
216.5 6.2
217.6 2.0
217.6 4.1
217.6 6.2
218.7 2.0
218.7 4.1
218.7 6.2
219.8 2.0
219.8 4.1
219.8 6.2
220.9 2.0
220.9 4.1
220.9 6.2
222.0 2.0
222.0 4.1
222.0 6.2
223.1 2.0
223.1 4.1
223.1 6.2
224.2 2.0
224.2 4.1
224.2 6.2
225.3 2.0
225.3 4.1
225.3 6.2
226.4 2.0
226.4 4.1
226.4 6.2
227.5 2.0
227.5 4.1
227.5 6.2
228.6 2.0
228.6 4.1
228.6 6.2
229.7 2.0
229.7 4.1
229.7 6.2
230.8 2.0
230.8 4.1
230.8 6.2
231.9 2.0
231.9 4.1
231.9 6.2
233.0 2.0
233.0 4.1
233.0 6.2
234.1 2.0
234.1 4.1
234.1 6.2
235.2 2.0
235.2 4.1
235.2 6.2
236.3 2.0
236.3 4.1
236.3 6.2
237.4 2.0
237.4 4.1
237.4 6.2
238.5 2.0
238.5 4.1
238.5 6.2
239.6 2.0
239.6 4.1
239.6 6.2
240.7 2.0
240.7 4.1
240.7 6.2
241.8 2.0
241.8 4.1
241.8 6.2
242.9 2.0
242.9 4.1
242.9 6.2
244.0 2.0
244.0 4.1
244.0 6.2
245.1 2.0
245.1 4.1
245.1 6.2
246.2 2.0
246.2 4.1
246.2 6.2
247.3 2.0
247.3 4.1
247.3 6.2
248.4 2.0
248.4 4.1
248.4 6.2
249.5 2.0
249.5 4.1
249.5 6.2
250.6 2.0
250.6 4.1
250.6 6.2
251.7 2.0
251.7 4.1
251.7 6.2
252.8 2.0
252.8 4.1
252.8 6.2
253.9 2.0
253.9 4.1
253.9 6.2
255.0 2.0
255.0 4.1
255.0 6.2
256.1 2.0
256.1 4.1
256.1 6.2
257.2 2.0
257.2 4.1
257.2 6.2
258.3 2.0
258.3 4.1
258.3 6.2
259.4 2.0
259.4 4.1
259.4 6.2
260.5 2.0
260.5 4.1
260.5 6.2
261.6 2.0
261.6 4.1
261.6 6.2
262.7 2.0
262.7 4.1
262.7 6.2
263.8 2.0
263.8 4.1
263.8 6.2
264.9 2.0
264.9 4.1
264.9 6.2
266.0 2.0
266.0 4.1
266.0 6.2
267.1 2.0
267.1 4.1
267.1 6.2
268.2 2.0
268.2 4.1
268.2 6.2
269.3 2.0
269.3 4.1
269.3 6.2
270.4 2.0
270.4 4.1
270.4 6.2
271.5 2.0
271.5 4.1
271.5 6.2
272.6 2.0
272.6 4.1
272.6 6.2
273.7 2.0
273.7 4.1
273.7 6.2
274.8 2.0
274.8 4.1
274.8 6.2
275.9 2.0
275.9 4.1
275.9 6.2
277.0 2.0
277.0 4.1
277.0 6.2
278.1 2.0
278.1 4.1
278.1 6.2
279.2 2.0
279.2 4.1
279.2 6.2
280.3 2.0
280.3 4.1
280.3 6.2
281.4 2.0
281.4 4.1
281.4 6.2
282.5 2.0
282.5 4.1
282.5 6.2
283.6 2.0
283.6 4.1
283.6 6.2
284.7 2.0
284.7 4.1
284.7 6.2
285.8 2.0
285.8 4.1
285.8 6.2
286.9 2.0
286.9 4.1
286.9 6.2
288.0 2.0
288.0 4.1
288.0 6.2
289.1 2.0
289.1 4.1
289.1 6.2
290.2 2.0
290.2 4.1
290.2 6.2
291.3 2.0
291.3 4.1
291.3 6.2
292.4 2.0
292.4 4.1
292.4 6.2
293.5 2.0
293.5 4.1
293.5 6.2
294.6 2.0
294.6 4.1
294.6 6.2
295.7 2.0
295.7 4.1
295.7 6.2
296.8 2.0
296.8 4.1
296.8 6.2
297.9 2.0
297.9 4.1
297.9 6.2
299.0 2.0
299.0 4.1
299.0 6.2
300.1 2.0
300.1 4.1
300.1 6.2
301.2 2.0
301.2 4.1
301.2 6.2
302.3 2.0
302.3 4.1
302.3 6.2
303.4 2.0
303.4 4.1
303.4 6.2
304.5 2.0
304.5 4.1
304.5 6.2
305.6 2.0
305.6 4.1
305.6 6.2
306.7 2.0
306.7 4.1
306.7 6.2
307.8 2.0
307.8 4.1
307.8 6.2
308.9 2.0
308.9 4.1
308.9 6.2
310.0 2.0
310.0 4.1
310.0 6.2
311.1 2.0
311.1 4.1
311.1 6.2
312.2 2.0
312.2 4.1
312.2 6.2
313.3 2.0
313.3 4.1
313.3 6.2
314.4 2.0
314.4 4.1
314.4 6.2
315.5 2.0
315.5 4.1
315.5 6.2
316.6 2.0
316.6 4.1
316.6 6.2
317.7 2.0
317.7 4.1
317.7 6.2
318.8 2.0
318.8 4.1
318.8 6.2
319.9 2.0
319.9 4.1
319.9 6.2
321.0 2.0
321.0 4.1
321.0 6.2
322.1 2.0
322.1 4.1
322.1 6.2
323.2 2.0
323.2 4.1
323.2 6.2
324.3 2.0
324.3 4.1
324.3 6.2
325.4 2.0
325.4 4.1
325.4 6.2
326.5 2.0
326.5 4.1
326.5 6.2
327.6 2.0
327.6 4.1
327.6 6.2
328.7 2.0
328.7 4.1
328.7 6.2
329.8 2.0
329.8 4.1
329.8 6.2
330.9 2.0
330.9 4.1
330.9 6.2
332.0 2.0
332.0 4.1
332.0 6.2
333.1 2.0
333.1 4.1
333.1 6.2
334.2 2.0
334.2 4.1
334.2 6.2
335.3 2.0
335.3 4.1
335.3 6.2
336.4 2.0
336.4 4.1
336.4 6.2
337.5 2.0
337.5 4.1
337.5 6.2
338.6 2.0
338.6 4.1
338.6 6.2
339.7 2.0
339.7 4.1
339.7 6.2
340.8 2.0
340.8 4.1
340.8 6.2
341.9 2.0
341.9 4.1
341.9 6.2
343.0 2.0
343.0 4.1
343.0 6.2
344.1 2.0
344.1 4.1
344.1 6.2
345.2 2.0
345.2 4.1
345.2 6.2
346.3 2.0
346.3 4.1
346.3 6.2
347.4 2.0
347.4 4.1
347.4 6.2
348.5 2.0
348.5 4.1
348.5 6.2
349.6 2.0
349.6 4.1
349.6 6.2
350.7 2.0
350.7 4.1
350.7 6.2
351.8 2.0
351.8 4.1
351.8 6.2
352.9 2.0
352.9 4.1
352.9 6.2
354.0 2.0
354.0 4.1
354.0 6.2
355.1 2.0
355.1 4.1
355.1 6.2
356.2 2.0
356.2 4.1
356.2 6.2
357.3 2.0
357.3 4.1
357.3 6.2
358.4 2.0
358.4 4.1
358.4 6.2
359.5 2.0
359.5 4.1
359.5 6.2
360.6 2.0
360.6 4.1
360.6 6.2
361.7 2.0
361.7 4.1
361.7 6.2
362.8 2.0
362.8 4.1
362.8 6.2
363.9 2.0
363.9 4.1
363.9 6.2
365.0 2.0
365.0 4.1
365.0 6.2
366.1 2.0
366.1 4.1
366.1 6.2
367.2 2.0
367.2 4.1
367.2 6.2
368.3 2.0
368.3 4.1
368.3 6.2
369.4 2.0
369.4 4.1
369.4 6.2
370.5 2.0
370.5 4.1
370.5 6.2
371.6 2.0
371.6 4.1
371.6 6.2
372.7 2.0
372.7 4.1
372.7 6.2
373.8 2.0
373.8 4.1
373.8 6.2
374.9 2.0
374.9 4.1
374.9 6.2
376.0 2.0
376.0 4.1
376.0 6.2
377.1 2.0
377.1 4.1
377.1 6.2
378.2 2.0
378.2 4.1
378.2 6.2
379.3 2.0
379.3 4.1
379.3 6.2
380.4 2.0
380.4 4.1
380.4 6.2
381.5 2.0
381.5 4.1
381.5 6.2
382.6 2.0
382.6 4.1
382.6 6.2
383.7 2.0
383.7 4.1
383.7 6.2
384.8 2.0
384.8 4.1
384.8 6.2
385.9 2.0
385.9 4.1
385.9 6.2
387.0 2.0
387.0 4.1
387.0 6.2
388.1 2.0
388.1 4.1
388.1 6.2
389.2 2.0
389.2 4.1
389.2 6.2
390.3 2.0
390.3 4.1
390.3 6.2
391.4 2.0
391.4 4.1
391.4 6.2
392.5 2.0
392.5 4.1
392.5 6.2
393.6 2.0
393.6 4.1
393.6 6.2
394.7 2.0
394.7 4.1
394.7 6.2
395.8 2.0
395.8 4.1
395.8 6.2
396.9 2.0
396.9 4.1
396.9 6.2
398.0 2.0
398.0 4.1
398.0 6.2
399.1 2.0
399.1 4.1
399.1 6.2
400.2 2.0
400.2 4.1
400.2 6.2
401.3 2.0
401.3 4.1
401.3 6.2
402.4 2.0
402.4 4.1
402.4 6.2
403.5 2.0
403.5 4.1
403.5 6.2
404.6 2.0
404.6 4.1
404.6 6.2
405.7 2.0
405.7 4.1
405.7 6.2
406.8 2.0
406.8 4.1
406.8 6.2
407.9 2.0
407.9 4.1
407.9 6.2
409.0 2.0
409.0 4.1
409.0 6.2
410.1 2.0
410.1 4.1
410.1 6.2
411.2 2.0
411.2 4.1
411.2 6.2
412.3 2.0
412.3 4.1
412.3 6.2
413.4 2.0
413.4 4.1
413.4 6.2
414.5 2.0
414.5 4.1
414.5 6.2
415.6 2.0
415.6 4.1
415.6 6.2
416.7 2.0
416.7 4.1
416.7 6.2
417.8 2.0
417.8 4.1
417.8 6.2
418.9 2.0
418.9 4.1
418.9 6.2
420.0 2.0
420.0 4.1
420.0 6.2
421.1 2.0
421.1 4.1
421.1 6.2
422.2 2.0
422.2 4.1
422.2 6.2
423.3 2.0
423.3 4.1
423.3 6.2
424.4 2.0
424.4 4.1
424.4 6.2
425.5 2.0
425.5 4.1
425.5 6.2
426.6 2.0
426.6 4.1
426.6 6.2
427.7 2.0
427.7 4.1
427.7 6.2
428.8 2.0
428.8 4.1
428.8 6.2
429.9 2.0
429.9 4.1
429.9 6.2
431.0 2.0
431.0 4.1
431.0 6.2
432.1 2.0
432.1 4.1
432.1 6.2
433.2 2.0
433.2 4.1
433.2 6.2
434.3 2.0
434.3 4.1
434.3 6.2
435.4 2.0
435.4 4.1
435.4 6.2
436.5 2.0
436.5 4.1
436.5 6.2
437.6 2.0
437.6 4.1
437.6 6.2
438.7 2.0
438.7 4.1
438.7 6.2
439.8 2.0
439.8 4.1
439.8 6.2
440.9 2.0
440.9 4.1
440.9 6.2
442.0 2.0
442.0 4.1
442.0 6.2
443.1 2.0
443.1 4.1
443.1 6.2
444.2 2.0
444.2 4.1
444.2 6.2
445.3 2.0
445.3 4.1
445.3 6.2
446.4 2.0
446.4 4.1
446.4 6.2
447.5 2.0
447.5 4.1
447.5 6.2
448.6 2.0
448.6 4.1
448.6 6.2
449.7 2.0
449.7 4.1
449.7 6.2
450.8 2.0
450.8 4.1
450.8 6.2
451.9 2.0
451.9 4.1
451.9 6.2
453.0 2.0
453.0 4.1
453.0 6.2
454.1 2.0
454.1 4.1
454.1 6.2
455.2 2.0
455.2 4.1
455.2 6.2
456.3 2.0
456.3 4.1
456.3 6.2
457.4 2.0
457.4 4.1
457.4 6.2
458.5 2.0
458.5 4.1
458.5 6.2
459.6 2.0
459.6 4.1
459.6 6.2
460.7 2.0
460.7 4.1
460.7 6.2
461.8 2.0
461.8 4.1
461.8 6.2
462.9 2.0
462.9 4.1
462.9 6.2
464.0 2.0
464.0 4.1
464.0 6.2
465.1 2.0
465.1 4.1
465.1 6.2
466.2 2.0
466.2 4.1
466.2 6.2
467.3 2.0
467.3 4.1
467.3 6.2
468.4 2.0
468.4 4.1
468.4 6.2
469.5 2.0
469.5 4.1
469.5 6.2
470.6 2.0
470.6 4.1
470.6 6.2
471.7 2.0
471.7 4.1
471.7 6.2
472.8 2.0
472.8 4.1
472.8 6.2
473.9 2.0
473.9 4.1
473.9 6.2
475.0 2.0
475.0 4.1
475.0 6.2
476.1 2.0
476.1 4.1
476.1 6.2
477.2 2.0
477.2 4.1
477.2 6.2
478.3 2.0
478.3 4.1
478.3 6.2
479.4 2.0
479.4 4.1
479.4 6.2
480.5 2.0
480.5 4.1
480.5 6.2
481.6 2.0
481.6 4.1
481.6 6.2
482.7 2.0
482.7 4.1
482.7 6.2
483.8 2.0
483.8 4.1
483.8 6.2
484.9 2.0
484.9 4.1
484.9 6.2
486.0 2.0
486.0 4.1
486.0 6.2
487.1 2.0
487.1 4.1
487.1 6.2
488.2 2.0
488.2 4.1
488.2 6.2
489.3 2.0
489.3 4.1
489.3 6.2
490.4 2.0
490.4 4.1
490.4 6.2
491.5 2.0
491.5 4.1
491.5 6.2
492.6 2.0
492.6 4.1
492.6 6.2
493.7 2.0
493.7 4.1
493.7 6.2
494.8 2.0
494.8 4.1
494.8 6.2
495.9 2.0
495.9 4.1
495.9 6.2
497.0 2.0
497.0 4.1
497.0 6.2
498.1 2.0
498.1 4.1
498.1 6.2
499.2 2.0
499.2 4.1
499.2 6.2
500.3 2.0
500.3 4.1
500.3 6.2
501.4 2.0
501.4 4.1
501.4 6.2
502.5 2.0
502.5 4.1
502.5 6.2
503.6 2.0
503.6 4.1
503.6 6.2
504.7 2.0
504.7 4.1
504.7 6.2
505.8 2.0
505.8 4.1
505.8 6.2
506.9 2.0
506.9 4.1
506.9 6.2
508.0 2.0
508.0 4.1
508.0 6.2
509.1 2.0
509.1 4.1
509.1 6.2
510.2 2.0
510.2 4.1
510.2 6.2
511.3 2.0
511.3 4.1
511.3 6.2
512.4 2.0
512.4 4.1
512.4 6.2
513.5 2.0
513.5 4.1
513.5 6.2
514.6 2.0
514.6 4.1
514.6 6.2
515.7 2.0
515.7 4.1
515.7 6.2
516.8 2.0
516.8 4.1
516.8 6.2
517.9 2.0
517.9 4.1
517.9 6.2
519.0 2.0
519.0 4.1
519.0 6.2
520.1 2.0
520.1 4.1
520.1 6.2
521.2 2.0
521.2 4.1
521.2 6.2
522.3 2.0
522.3 4.1
522.3 6.2
523.4 2.0
523.4 4.1
523.4 6.2
524.5 2.0
524.5 4.1
524.5 6.2
525.6 2.0
525.6 4.1
525.6 6.2
526.7 2.0
526.7 4.1
526.7 6.2
527.8 2.0
527.8 4.1
527.8 6.2
528.9 2.0
528.9 4.1
528.9 6.2
530.0 2.0
530.0 4.1
530.0 6.2
531.1 2.0
531.1 4.1
531.1 6.2
532.2 2.0
532.2 4.1
532.2 6.2
533.3 2.0
533.3 4.1
533.3 6.2
534.4 2.0
534.4 4.1
534.4 6.2
535.5 2.0
535.5 4.1
535.5 6.2
536.6 2.0
536.6 4.1
536.6 6.2
537.7 2.0
537.7 4.1
537.7 6.2
538.8 2.0
538.8 4.1
538.8 6.2
539.9 2.0
539.9 4.1
539.9 6.2
541.0 2.0
541.0 4.1
541.0 6.2
542.1 2.0
542.1 4.1
542.1 6.2
543.2 2.0
543.2 4.1
543.2 6.2
544.3 2.0
544.3 4.1
544.3 6.2
545.4 2.0
545.4 4.1
545.4 6.2
546.5 2.0
546.5 4.1
546.5 6.2
547.6 2.0
547.6 4.1
547.6 6.2
548.7 2.0
548.7 4.1
548.7 6.2
549.8 2.0
549.8 4.1
549.8 6.2
550.9 2.0
550.9 4.1
550.9 6.2
552.0 2.0
552.0 4.1
552.0 6.2
553.1 2.0
553.1 4.1
553.1 6.2
554.2 2.0
554.2 4.1
554.2 6.2
555.3 2.0
555.3 4.1
555.3 6.2
556.4 2.0
556.4 4.1
556.4 6.2
557.5 2.0
557.5 4.1
557.5 6.2
558.6 2.0
558.6 4.1
558.6 6.2
559.7 2.0
559.7 4.1
559.7 6.2
560.8 2.0
560.8 4.1
560.8 6.2
561.9 2.0
561.9 4.1
561.9 6.2
563.0 2.0
563.0 4.1
563.0 6.2
564.1 2.0
564.1 4.1
564.1 6.2
565.2 2.0
565.2 4.1
565.2 6.2
566.3 2.0
566.3 4.1
566.3 6.2
567.4 2.0
567.4 4.1
567.4 6.2
568.5 2.0
568.5 4.1
568.5 6.2
569.6 2.0
569.6 4.1
569.6 6.2
570.7 2.0
570.7 4.1
570.7 6.2
571.8 2.0
571.8 4.1
571.8 6.2
572.9 2.0
572.9 4.1
572.9 6.2
574.0 2.0
574.0 4.1
574.0 6.2
575.1 2.0
575.1 4.1
575.1 6.2
576.2 2.0
576.2 4.1
576.2 6.2
577.3 2.0
577.3 4.1
577.3 6.2
578.4 2.0
578.4 4.1
578.4 6.2
579.5 2.0
579.5 4.1
579.5 6.2
580.6 2.0
580.6 4.1
580.6 6.2
581.7 2.0
581.7 4.1
581.7 6.2
582.8 2.0
582.8 4.1
582.8 6.2
583.9 2.0
583.9 4.1
583.9 6.2
585.0 2.0
585.0 4.1
585.0 6.2
586.1 2.0
586.1 4.1
586.1 6.2
587.2 2.0
587.2 4.1
587.2 6.2
588.3 2.0
588.3 4.1
588.3 6.2
589.4 2.0
589.4 4.1
589.4 6.2
590.5 2.0
590.5 4.1
590.5 6.2
591.6 2.0
591.6 4.1
591.6 6.2
592.7 2.0
592.7 4.1
592.7 6.2
593.8 2.0
593.8 4.1
593.8 6.2
594.9 2.0
594.9 4.1
594.9 6.2
596.0 2.0
596.0 4.1
596.0 6.2
597.1 2.0
597.1 4.1
597.1 6.2
598.2 2.0
598.2 4.1
598.2 6.2
599.3 2.0
599.3 4.1
599.3 6.2
600.4 2.0
600.4 4.1
600.4 6.2
601.5 2.0
601.5 4.1
601.5 6.2
602.6 2.0
602.6 4.1
602.6 6.2
603.7 2.0
603.7 4.1
603.7 6.2
604.8 2.0
604.8 4.1
604.8 6.2
605.9 2.0
605.9 4.1
605.9 6.2
607.0 2.0
607.0 4.1
607.0 6.2
608.1 2.0
608.1 4.1
608.1 6.2
609.2 2.0
609.2 4.1
609.2 6.2
610.3 2.0
610.3 4.1
610.3 6.2
611.4 2.0
611.4 4.1
611.4 6.2
612.5 2.0
612.5 4.1
612.5 6.2
613.6 2.0
613.6 4.1
613.6 6.2
614.7 2.0
614.7 4.1
614.7 6.2
615.8 2.0
615.8 4.1
615.8 6.2
616.9 2.0
616.9 4.1
616.9 6.2
618.0 2.0
618.0 4.1
618.0 6.2
619.1 2.0
619.1 4.1
619.1 6.2
620.2 2.0
620.2 4.1
620.2 6.2
621.3 2.0
621.3 4.1
621.3 6.2
622.4 2.0
622.4 4.1
622.4 6.2
623.5 2.0
623.5 4.1
623.5 6.2
624.6 2.0
624.6 4.1
624.6 6.2
625.7 2.0
625.7 4.1
625.7 6.2
626.8 2.0
626.8 4.1
626.8 6.2
627.9 2.0
627.9 4.1
627.9 6.2
629.0 2.0
629.0 4.1
629.0 6.2
630.1 2.0
630.1 4.1
630.1 6.2
631.2 2.0
631.2 4.1
631.2 6.2
632.3 2.0
632.3 4.1
632.3 6.2
633.4 2.0
633.4 4.1
633.4 6.2
634.5 2.0
634.5 4.1
634.5 6.2
635.6 2.0
635.6 4.1
635.6 6.2
636.7 2.0
636.7 4.1
636.7 6.2
637.8 2.0
637.8 4.1
637.8 6.2
638.9 2.0
638.9 4.1
638.9 6.2
640.0 2.0
640.0 4.1
640.0 6.2
641.1 2.0
641.1 4.1
641.1 6.2
642.2 2.0
642.2 4.1
642.2 6.2
643.3 2.0
643.3 4.1
643.3 6.2
644.4 2.0
644.4 4.1
644.4 6.2
645.5 2.0
645.5 4.1
645.5 6.2
646.6 2.0
646.6 4.1
646.6 6.2
647.7 2.0
647.7 4.1
647.7 6.2
648.8 2.0
648.8 4.1
648.8 6.2
649.9 2.0
649.9 4.1
649.9 6.2
651.0 2.0
651.0 4.1
651.0 6.2
652.1 2.0
652.1 4.1
652.1 6.2
653.2 2.0
653.2 4.1
653.2 6.2
654.3 2.0
654.3 4.1
654.3 6.2
655.4 2.0
655.4 4.1
655.4 6.2
656.5 2.0
656.5 4.1
656.5 6.2
657.6 2.0
657.6 4.1
657.6 6.2
658.7 2.0
658.7 4.1
658.7 6.2
659.8 2.0
659.8 4.1
659.8 6.2
660.9 2.0
660.9 4.1
660.9 6.2
662.0 2.0
662.0 4.1
662.0 6.2
663.1 2.0
663.1 4.1
663.1 6.2
664.2 2.0
664.2 4.1
664.2 6.2
665.3 2.0
665.3 4.1
665.3 6.2
666.4 2.0
666.4 4.1
666.4 6.2
667.5 2.0
667.5 4.1
667.5 6.2
668.6 2.0
668.6 4.1
668.6 6.2
669.7 2.0
669.7 4.1
669.7 6.2
670.8 2.0
670.8 4.1
670.8 6.2
671.9 2.0
671.9 4.1
671.9 6.2
673.0 2.0
673.0 4.1
673.0 6.2
674.1 2.0
674.1 4.1
674.1 6.2
675.2 2.0
675.2 4.1
675.2 6.2
676.3 2.0
676.3 4.1
676.3 6.2
677.4 2.0
677.4 4.1
677.4 6.2
678.5 2.0
678.5 4.1
678.5 6.2
679.6 2.0
679.6 4.1
679.6 6.2
680.7 2.0
680.7 4.1
680.7 6.2
681.8 2.0
681.8 4.1
681.8 6.2
682.9 2.0
682.9 4.1
682.9 6.2
684.0 2.0
684.0 4.1
684.0 6.2
685.1 2.0
685.1 4.1
685.1 6.2
686.2 2.0
686.2 4.1
686.2 6.2
687.3 2.0
687.3 4.1
687.3 6.2
688.4 2.0
688.4 4.1
688.4 6.2
689.5 2.0
689.5 4.1
689.5 6.2
690.6 2.0
690.6 4.1
690.6 6.2
691.7 2.0
691.7 4.1
691.7 6.2
692.8 2.0
692.8 4.1
692.8 6.2
693.9 2.0
693.9 4.1
693.9 6.2
695.0 2.0
695.0 4.1
695.0 6.2
696.1 2.0
696.1 4.1
696.1 6.2
697.2 2.0
697.2 4.1
697.2 6.2
698.3 2.0
698.3 4.1
698.3 6.2
699.4 2.0
699.4 4.1
699.4 6.2
700.5 2.0
700.5 4.1
700.5 6.2
701.6 2.0
701.6 4.1
701.6 6.2
702.7 2.0
702.7 4.1
702.7 6.2
703.8 2.0
703.8 4.1
703.8 6.2
704.9 2.0
704.9 4.1
704.9 6.2
706.0 2.0
706.0 4.1
706.0 6.2
707.1 2.0
707.1 4.1
707.1 6.2
708.2 2.0
708.2 4.1
708.2 6.2
709.3 2.0
709.3 4.1
709.3 6.2
710.4 2.0
710.4 4.1
710.4 6.2
711.5 2.0
711.5 4.1
711.5 6.2
712.6 2.0
712.6 4.1
712.6 6.2
713.7 2.0
713.7 4.1
713.7 6.2
714.8 2.0
714.8 4.1
714.8 6.2
715.9 2.0
715.9 4.1
715.9 6.2
717.0 2.0
717.0 4.1
717.0 6.2
718.1 2.0
718.1 4.1
718.1 6.2
719.2 2.0
719.2 4.1
719.2 6.2
720.3 2.0
720.3 4.1
720.3 6.2
721.4 2.0
721.4 4.1
721.4 6.2
722.5 2.0
722.5 4.1
722.5 6.2
723.6 2.0
723.6 4.1
723.6 6.2
724.7 2.0
724.7 4.1
724.7 6.2
725.8 2.0
725.8 4.1
725.8 6.2
726.9 2.0
726.9 4.1
726.9 6.2
728.0 2.0
728.0 4.1
728.0 6.2
729.1 2.0
729.1 4.1
729.1 6.2
730.2 2.0
730.2 4.1
730.2 6.2
731.3 2.0
731.3 4.1
731.3 6.2
732.4 2.0
732.4 4.1
732.4 6.2
733.5 2.0
733.5 4.1
733.5 6.2
734.6 2.0
734.6 4.1
734.6 6.2
735.7 2.0
735.7 4.1
735.7 6.2
736.8 2.0
736.8 4.1
736.8 6.2
737.9 2.0
737.9 4.1
737.9 6.2
739.0 2.0
739.0 4.1
739.0 6.2
740.1 2.0
740.1 4.1
740.1 6.2
741.2 2.0
741.2 4.1
741.2 6.2
742.3 2.0
742.3 4.1
742.3 6.2
743.4 2.0
743.4 4.1
743.4 6.2
744.5 2.0
744.5 4.1
744.5 6.2
745.6 2.0
745.6 4.1
745.6 6.2
746.7 2.0
746.7 4.1
746.7 6.2
747.8 2.0
747.8 4.1
747.8 6.2
748.9 2.0
748.9 4.1
748.9 6.2
750.0 2.0
750.0 4.1
750.0 6.2
751.1 2.0
751.1 4.1
751.1 6.2
752.2 2.0
752.2 4.1
752.2 6.2
753.3 2.0
753.3 4.1
753.3 6.2
754.4 2.0
754.4 4.1
754.4 6.2
755.5 2.0
755.5 4.1
755.5 6.2
756.6 2.0
756.6 4.1
756.6 6.2
757.7 2.0
757.7 4.1
757.7 6.2
758.8 2.0
758.8 4.1
758.8 6.2
759.9 2.0
759.9 4.1
759.9 6.2
761.0 2.0
761.0 4.1
761.0 6.2
762.1 2.0
762.1 4.1
762.1 6.2
763.2 2.0
763.2 4.1
763.2 6.2
764.3 2.0
764.3 4.1
764.3 6.2
765.4 2.0
765.4 4.1
765.4 6.2
766.5 2.0
766.5 4.1
766.5 6.2
767.6 2.0
767.6 4.1
767.6 6.2
768.7 2.0
768.7 4.1
768.7 6.2
769.8 2.0
769.8 4.1
769.8 6.2
770.9 2.0
770.9 4.1
770.9 6.2
772.0 2.0
772.0 4.1
772.0 6.2
773.1 2.0
773.1 4.1
773.1 6.2
774.2 2.0
774.2 4.1
774.2 6.2
775.3 2.0
775.3 4.1
775.3 6.2
776.4 2.0
776.4 4.1
776.4 6.2
777.5 2.0
777.5 4.1
777.5 6.2
778.6 2.0
778.6 4.1
778.6 6.2
779.7 2.0
779.7 4.1
779.7 6.2
780.8 2.0
780.8 4.1
780.8 6.2
781.9 2.0
781.9 4.1
781.9 6.2
783.0 2.0
783.0 4.1
783.0 6.2
784.1 2.0
784.1 4.1
784.1 6.2
785.2 2.0
785.2 4.1
785.2 6.2
786.3 2.0
786.3 4.1
786.3 6.2
787.4 2.0
787.4 4.1
787.4 6.2
788.5 2.0
788.5 4.1
788.5 6.2
789.6 2.0
789.6 4.1
789.6 6.2
790.7 2.0
790.7 4.1
790.7 6.2
791.8 2.0
791.8 4.1
791.8 6.2
792.9 2.0
792.9 4.1
792.9 6.2
794.0 2.0
794.0 4.1
794.0 6.2
795.1 2.0
795.1 4.1
795.1 6.2
796.2 2.0
796.2 4.1
796.2 6.2
797.3 2.0
797.3 4.1
797.3 6.2
798.4 2.0
798.4 4.1
798.4 6.2
799.5 2.0
799.5 4.1
799.5 6.2
800.6 2.0
800.6 4.1
800.6 6.2
801.7 2.0
801.7 4.1
801.7 6.2
802.8 2.0
802.8 4.1
802.8 6.2
803.9 2.0
803.9 4.1
803.9 6.2
805.0 2.0
805.0 4.1
805.0 6.2
806.1 2.0
806.1 4.1
806.1 6.2
807.2 2.0
807.2 4.1
807.2 6.2
808.3 2.0
808.3 4.1
808.3 6.2
809.4 2.0
809.4 4.1
809.4 6.2
810.5 2.0
810.5 4.1
810.5 6.2
811.6 2.0
811.6 4.1
811.6 6.2
812.7 2.0
812.7 4.1
812.7 6.2
813.8 2.0
813.8 4.1
813.8 6.2
814.9 2.0
814.9 4.1
814.9 6.2
816.0 2.0
816.0 4.1
816.0 6.2
817.1 2.0
817.1 4.1
817.1 6.2
818.2 2.0
818.2 4.1
818.2 6.2
819.3 2.0
819.3 4.1
819.3 6.2
820.4 2.0
820.4 4.1
820.4 6.2
821.5 2.0
821.5 4.1
821.5 6.2
822.6 2.0
822.6 4.1
822.6 6.2
823.7 2.0
823.7 4.1
823.7 6.2
824.8 2.0
824.8 4.1
824.8 6.2
825.9 2.0
825.9 4.1
825.9 6.2
827.0 2.0
827.0 4.1
827.0 6.2
828.1 2.0
828.1 4.1
828.1 6.2
829.2 2.0
829.2 4.1
829.2 6.2
830.3 2.0
830.3 4.1
830.3 6.2
831.4 2.0
831.4 4.1
831.4 6.2
832.5 2.0
832.5 4.1
832.5 6.2
833.6 2.0
833.6 4.1
833.6 6.2
834.7 2.0
834.7 4.1
834.7 6.2
835.8 2.0
835.8 4.1
835.8 6.2
836.9 2.0
836.9 4.1
836.9 6.2
838.0 2.0
838.0 4.1
838.0 6.2
839.1 2.0
839.1 4.1
839.1 6.2
840.2 2.0
840.2 4.1
840.2 6.2
841.3 2.0
841.3 4.1
841.3 6.2
842.4 2.0
842.4 4.1
842.4 6.2
843.5 2.0
843.5 4.1
843.5 6.2
844.6 2.0
844.6 4.1
844.6 6.2
845.7 2.0
845.7 4.1
845.7 6.2
846.8 2.0
846.8 4.1
846.8 6.2
847.9 2.0
847.9 4.1
847.9 6.2
849.0 2.0
849.0 4.1
849.0 6.2
850.1 2.0
850.1 4.1
850.1 6.2
851.2 2.0
851.2 4.1
851.2 6.2
852.3 2.0
852.3 4.1
852.3 6.2
853.4 2.0
853.4 4.1
853.4 6.2
854.5 2.0
854.5 4.1
854.5 6.2
855.6 2.0
855.6 4.1
855.6 6.2
856.7 2.0
856.7 4.1
856.7 6.2
857.8 2.0
857.8 4.1
857.8 6.2
858.9 2.0
858.9 4.1
858.9 6.2
860.0 2.0
860.0 4.1
860.0 6.2
861.1 2.0
861.1 4.1
861.1 6.2
862.2 2.0
862.2 4.1
862.2 6.2
863.3 2.0
863.3 4.1
863.3 6.2
864.4 2.0
864.4 4.1
864.4 6.2
865.5 2.0
865.5 4.1
865.5 6.2
866.6 2.0
866.6 4.1
866.6 6.2
867.7 2.0
867.7 4.1
867.7 6.2
868.8 2.0
868.8 4.1
868.8 6.2
869.9 2.0
869.9 4.1
869.9 6.2
871.0 2.0
871.0 4.1
871.0 6.2
872.1 2.0
872.1 4.1
872.1 6.2
873.2 2.0
873.2 4.1
873.2 6.2
874.3 2.0
874.3 4.1
874.3 6.2
875.4 2.0
875.4 4.1
875.4 6.2
876.5 2.0
876.5 4.1
876.5 6.2
877.6 2.0
877.6 4.1
877.6 6.2
878.7 2.0
878.7 4.1
878.7 6.2
879.8 2.0
879.8 4.1
879.8 6.2
880.9 2.0
880.9 4.1
880.9 6.2
882.0 2.0
882.0 4.1
882.0 6.2
883.1 2.0
883.1 4.1
883.1 6.2
884.2 2.0
884.2 4.1
884.2 6.2
885.3 2.0
885.3 4.1
885.3 6.2
886.4 2.0
886.4 4.1
886.4 6.2
887.5 2.0
887.5 4.1
887.5 6.2
888.6 2.0
888.6 4.1
888.6 6.2
889.7 2.0
889.7 4.1
889.7 6.2
890.8 2.0
890.8 4.1
890.8 6.2
891.9 2.0
891.9 4.1
891.9 6.2
893.0 2.0
893.0 4.1
893.0 6.2
894.1 2.0
894.1 4.1
894.1 6.2
895.2 2.0
895.2 4.1
895.2 6.2
896.3 2.0
896.3 4.1
896.3 6.2
897.4 2.0
897.4 4.1
897.4 6.2
898.5 2.0
898.5 4.1
898.5 6.2
899.6 2.0
899.6 4.1
899.6 6.2
900.7 2.0
900.7 4.1
900.7 6.2
901.8 2.0
901.8 4.1
901.8 6.2
902.9 2.0
902.9 4.1
902.9 6.2
904.0 2.0
904.0 4.1
904.0 6.2
905.1 2.0
905.1 4.1
905.1 6.2
906.2 2.0
906.2 4.1
906.2 6.2
907.3 2.0
907.3 4.1
907.3 6.2
908.4 2.0
908.4 4.1
908.4 6.2
909.5 2.0
909.5 4.1
909.5 6.2
910.6 2.0
910.6 4.1
910.6 6.2
911.7 2.0
911.7 4.1
911.7 6.2
912.8 2.0
912.8 4.1
912.8 6.2
913.9 2.0
913.9 4.1
913.9 6.2
915.0 2.0
915.0 4.1
915.0 6.2
916.1 2.0
916.1 4.1
916.1 6.2
917.2 2.0
917.2 4.1
917.2 6.2
918.3 2.0
918.3 4.1
918.3 6.2
919.4 2.0
919.4 4.1
919.4 6.2
920.5 2.0
920.5 4.1
920.5 6.2
921.6 2.0
921.6 4.1
921.6 6.2
922.7 2.0
922.7 4.1
922.7 6.2
923.8 2.0
923.8 4.1
923.8 6.2
924.9 2.0
924.9 4.1
924.9 6.2
926.0 2.0
926.0 4.1
926.0 6.2
927.1 2.0
927.1 4.1
927.1 6.2
928.2 2.0
928.2 4.1
928.2 6.2
929.3 2.0
929.3 4.1
929.3 6.2
930.4 2.0
930.4 4.1
930.4 6.2
931.5 2.0
931.5 4.1
931.5 6.2
932.6 2.0
932.6 4.1
932.6 6.2
933.7 2.0
933.7 4.1
933.7 6.2
934.8 2.0
934.8 4.1
934.8 6.2
935.9 2.0
935.9 4.1
935.9 6.2
937.0 2.0
937.0 4.1
937.0 6.2
938.1 2.0
938.1 4.1
938.1 6.2
939.2 2.0
939.2 4.1
939.2 6.2
940.3 2.0
940.3 4.1
940.3 6.2
941.4 2.0
941.4 4.1
941.4 6.2
942.5 2.0
942.5 4.1
942.5 6.2
943.6 2.0
943.6 4.1
943.6 6.2
944.7 2.0
944.7 4.1
944.7 6.2
945.8 2.0
945.8 4.1
945.8 6.2
946.9 2.0
946.9 4.1
946.9 6.2
948.0 2.0
948.0 4.1
948.0 6.2
949.1 2.0
949.1 4.1
949.1 6.2
950.2 2.0
950.2 4.1
950.2 6.2
951.3 2.0
951.3 4.1
951.3 6.2
952.4 2.0
952.4 4.1
952.4 6.2
953.5 2.0
953.5 4.1
953.5 6.2
954.6 2.0
954.6 4.1
954.6 6.2
955.7 2.0
955.7 4.1
955.7 6.2
956.8 2.0
956.8 4.1
956.8 6.2
957.9 2.0
957.9 4.1
957.9 6.2
959.0 2.0
959.0 4.1
959.0 6.2
960.1 2.0
960.1 4.1
960.1 6.2
961.2 2.0
961.2 4.1
961.2 6.2
962.3 2.0
962.3 4.1
962.3 6.2
963.4 2.0
963.4 4.1
963.4 6.2
964.5 2.0
964.5 4.1
964.5 6.2
965.6 2.0
965.6 4.1
965.6 6.2
966.7 2.0
966.7 4.1
966.7 6.2
967.8 2.0
967.8 4.1
967.8 6.2
968.9 2.0
968.9 4.1
968.9 6.2
970.0 2.0
970.0 4.1
970.0 6.2
971.1 2.0
971.1 4.1
971.1 6.2
972.2 2.0
972.2 4.1
972.2 6.2
973.3 2.0
973.3 4.1
973.3 6.2
974.4 2.0
974.4 4.1
974.4 6.2
975.5 2.0
975.5 4.1
975.5 6.2
976.6 2.0
976.6 4.1
976.6 6.2
977.7 2.0
977.7 4.1
977.7 6.2
978.8 2.0
978.8 4.1
978.8 6.2
979.9 2.0
979.9 4.1
979.9 6.2
981.0 2.0
981.0 4.1
981.0 6.2
982.1 2.0
982.1 4.1
982.1 6.2
983.2 2.0
983.2 4.1
983.2 6.2
984.3 2.0
984.3 4.1
984.3 6.2
985.4 2.0
985.4 4.1
985.4 6.2
986.5 2.0
986.5 4.1
986.5 6.2
987.6 2.0
987.6 4.1
987.6 6.2
988.7 2.0
988.7 4.1
988.7 6.2
989.8 2.0
989.8 4.1
989.8 6.2
990.9 2.0
990.9 4.1
990.9 6.2
992.0 2.0
992.0 4.1
992.0 6.2
993.1 2.0
993.1 4.1
993.1 6.2
994.2 2.0
994.2 4.1
994.2 6.2
995.3 2.0
995.3 4.1
995.3 6.2
996.4 2.0
996.4 4.1
996.4 6.2
997.5 2.0
997.5 4.1
997.5 6.2
998.6 2.0
998.6 4.1
998.6 6.2
999.7 2.0
999.7 4.1
999.7 6.2
1000.8 2.0
1000.8 4.1
1000.8 6.2
1001.9 2.0
1001.9 4.1
1001.9 6.2
1003.0 2.0
1003.0 4.1
1003.0 6.2
1004.1 2.0
1004.1 4.1
1004.1 6.2
1005.2 2.0
1005.2 4.1
1005.2 6.2
1006.3 2.0
1006.3 4.1
1006.3 6.2
1007.4 2.0
1007.4 4.1
1007.4 6.2
1008.5 2.0
1008.5 4.1
1008.5 6.2
1009.6 2.0
1009.6 4.1
1009.6 6.2
1010.7 2.0
1010.7 4.1
1010.7 6.2
1011.8 2.0
1011.8 4.1
1011.8 6.2
1012.9 2.0
1012.9 4.1
1012.9 6.2
1014.0 2.0
1014.0 4.1
1014.0 6.2
1015.1 2.0
1015.1 4.1
1015.1 6.2
1016.2 2.0
1016.2 4.1
1016.2 6.2
1017.3 2.0
1017.3 4.1
1017.3 6.2
1018.4 2.0
1018.4 4.1
1018.4 6.2
1019.5 2.0
1019.5 4.1
1019.5 6.2
1020.6 2.0
1020.6 4.1
1020.6 6.2
1021.7 2.0
1021.7 4.1
1021.7 6.2
1022.8 2.0
1022.8 4.1
1022.8 6.2
1023.9 2.0
1023.9 4.1
1023.9 6.2
1025.0 2.0
1025.0 4.1
1025.0 6.2
1026.1 2.0
1026.1 4.1
1026.1 6.2
1027.2 2.0
1027.2 4.1
1027.2 6.2
1028.3 2.0
1028.3 4.1
1028.3 6.2
1029.4 2.0
1029.4 4.1
1029.4 6.2
1030.5 2.0
1030.5 4.1
1030.5 6.2
1031.6 2.0
1031.6 4.1
1031.6 6.2
1032.7 2.0
1032.7 4.1
1032.7 6.2
1033.8 2.0
1033.8 4.1
1033.8 6.2
1034.9 2.0
1034.9 4.1
1034.9 6.2
1036.0 2.0
1036.0 4.1
1036.0 6.2
1037.1 2.0
1037.1 4.1
1037.1 6.2
1038.2 2.0
1038.2 4.1
1038.2 6.2
1039.3 2.0
1039.3 4.1
1039.3 6.2
1040.4 2.0
1040.4 4.1
1040.4 6.2
1041.5 2.0
1041.5 4.1
1041.5 6.2
1042.6 2.0
1042.6 4.1
1042.6 6.2
1043.7 2.0
1043.7 4.1
1043.7 6.2
1044.8 2.0
1044.8 4.1
1044.8 6.2
1045.9 2.0
1045.9 4.1
1045.9 6.2
1047.0 2.0
1047.0 4.1
1047.0 6.2
1048.1 2.0
1048.1 4.1
1048.1 6.2
1049.2 2.0
1049.2 4.1
1049.2 6.2
1050.3 2.0
1050.3 4.1
1050.3 6.2
1051.4 2.0
1051.4 4.1
1051.4 6.2
1052.5 2.0
1052.5 4.1
1052.5 6.2
1053.6 2.0
1053.6 4.1
1053.6 6.2
1054.7 2.0
1054.7 4.1
1054.7 6.2
1055.8 2.0
1055.8 4.1
1055.8 6.2
1056.9 2.0
1056.9 4.1
1056.9 6.2
1058.0 2.0
1058.0 4.1
1058.0 6.2
1059.1 2.0
1059.1 4.1
1059.1 6.2
1060.2 2.0
1060.2 4.1
1060.2 6.2
1061.3 2.0
1061.3 4.1
1061.3 6.2
1062.4 2.0
1062.4 4.1
1062.4 6.2
1063.5 2.0
1063.5 4.1
1063.5 6.2
1064.6 2.0
1064.6 4.1
1064.6 6.2
1065.7 2.0
1065.7 4.1
1065.7 6.2
1066.8 2.0
1066.8 4.1
1066.8 6.2
1067.9 2.0
1067.9 4.1
1067.9 6.2
1069.0 2.0
1069.0 4.1
1069.0 6.2
1070.1 2.0
1070.1 4.1
1070.1 6.2
1071.2 2.0
1071.2 4.1
1071.2 6.2
1072.3 2.0
1072.3 4.1
1072.3 6.2
1073.4 2.0
1073.4 4.1
1073.4 6.2
1074.5 2.0
1074.5 4.1
1074.5 6.2
1075.6 2.0
1075.6 4.1
1075.6 6.2
1076.7 2.0
1076.7 4.1
1076.7 6.2
1077.8 2.0
1077.8 4.1
1077.8 6.2
1078.9 2.0
1078.9 4.1
1078.9 6.2
1080.0 2.0
1080.0 4.1
1080.0 6.2
1081.1 2.0
1081.1 4.1
1081.1 6.2
1082.2 2.0
1082.2 4.1
1082.2 6.2
1083.3 2.0
1083.3 4.1
1083.3 6.2
1084.4 2.0
1084.4 4.1
1084.4 6.2
1085.5 2.0
1085.5 4.1
1085.5 6.2
1086.6 2.0
1086.6 4.1
1086.6 6.2
1087.7 2.0
1087.7 4.1
1087.7 6.2
1088.8 2.0
1088.8 4.1
1088.8 6.2
1089.9 2.0
1089.9 4.1
1089.9 6.2
1091.0 2.0
1091.0 4.1
1091.0 6.2
1092.1 2.0
1092.1 4.1
1092.1 6.2
1093.2 2.0
1093.2 4.1
1093.2 6.2
1094.3 2.0
1094.3 4.1
1094.3 6.2
1095.4 2.0
1095.4 4.1
1095.4 6.2
1096.5 2.0
1096.5 4.1
1096.5 6.2
1097.6 2.0
1097.6 4.1
1097.6 6.2
1098.7 2.0
1098.7 4.1
1098.7 6.2
1099.8 2.0
1099.8 4.1
1099.8 6.2
1100.9 2.0
1100.9 4.1
1100.9 6.2
1102.0 4.1
1102.0 6.2
1103.1 4.1
1103.1 6.2
1104.2 4.1
1104.2 6.2
1105.3 4.1
1105.3 6.2
1106.4 4.1
1106.4 6.2
1107.5 4.1
1107.5 6.2
1108.6 4.1
1108.6 6.2
1109.7 4.1
1109.7 6.2
1110.8 4.1
1110.8 6.2
1111.9 4.1
1111.9 6.2
1113.0 4.1
1113.0 6.2
1114.1 4.1
1114.1 6.2
1115.2 4.1
1115.2 6.2
1116.3 4.1
1116.3 6.2
1117.4 4.1
1117.4 6.2
1118.5 4.1
1118.5 6.2
1119.6 4.1
1119.6 6.2
1120.7 4.1
1120.7 6.2
1121.8 4.1
1121.8 6.2
1122.9 4.1
1122.9 6.2
1124.0 4.1
1124.0 6.2
1125.1 4.1
1125.1 6.2
1126.2 4.1
1126.2 6.2
1127.3 4.1
1127.3 6.2
1128.4 4.1
1128.4 6.2
1129.5 4.1
1129.5 6.2
1130.6 4.1
1130.6 6.2
1131.7 4.1
1131.7 6.2
1132.8 4.1
1132.8 6.2
1133.9 4.1
1133.9 6.2
1135.0 4.1
1135.0 6.2
1136.1 4.1
1136.1 6.2
1137.2 4.1
1137.2 6.2
1138.3 4.1
1138.3 6.2
1139.4 4.1
1139.4 6.2
1140.5 4.1
1140.5 6.2
1141.6 4.1
1141.6 6.2
1142.7 4.1
1142.7 6.2
1143.8 4.1
1143.8 6.2
1144.9 4.1
1144.9 6.2
1146.0 4.1
1146.0 6.2
1147.1 4.1
1147.1 6.2
1148.2 4.1
1148.2 6.2
1149.3 4.1
1149.3 6.2
1150.4 4.1
1150.4 6.2
1151.5 4.1
1151.5 6.2
1152.6 4.1
1152.6 6.2
1153.7 4.1
1153.7 6.2
1154.8 4.1
1154.8 6.2
1155.9 4.1
1155.9 6.2
1157.0 4.1
1157.0 6.2
1158.1 4.1
1158.1 6.2
1159.2 4.1
1159.2 6.2
1160.3 4.1
1160.3 6.2
1161.4 4.1
1161.4 6.2
1162.5 4.1
1162.5 6.2
1163.6 4.1
1163.6 6.2
1164.7 4.1
1164.7 6.2
1165.8 4.1
1165.8 6.2
1166.9 4.1
1166.9 6.2
1168.0 4.1
1168.0 6.2
1169.1 4.1
1169.1 6.2
1170.2 4.1
1170.2 6.2
1171.3 4.1
1171.3 6.2
1172.4 4.1
1172.4 6.2
1173.5 4.1
1173.5 6.2
1174.6 4.1
1174.6 6.2
1175.7 4.1
1175.7 6.2
1176.8 4.1
1176.8 6.2
1177.9 4.1
1177.9 6.2
1179.0 4.1
1179.0 6.2
1180.1 4.1
1180.1 6.2
1181.2 4.1
1181.2 6.2
1182.3 4.1
1182.3 6.2
1183.4 4.1
1183.4 6.2
1184.5 4.1
1184.5 6.2
1185.6 4.1
1185.6 6.2
1186.7 4.1
1186.7 6.2
1187.8 4.1
1187.8 6.2
1188.9 4.1
1188.9 6.2
1190.0 4.1
1190.0 6.2
1191.1 4.1
1191.1 6.2
1192.2 4.1
1192.2 6.2
1193.3 4.1
1193.3 6.2
1194.4 4.1
1194.4 6.2
1195.5 4.1
1195.5 6.2
1196.6 4.1
1196.6 6.2
1197.7 4.1
1197.7 6.2
1198.8 4.1
1198.8 6.2
1199.9 4.1
1199.9 6.2
1201.0 4.1
1201.0 6.2
1202.1 4.1
1202.1 6.2
1203.2 4.1
1203.2 6.2
1204.3 4.1
1204.3 6.2
1205.4 4.1
1205.4 6.2
1206.5 4.1
1206.5 6.2
1207.6 4.1
1207.6 6.2
1208.7 4.1
1208.7 6.2
1209.8 4.1
1209.8 6.2
1210.9 4.1
1210.9 6.2
1212.0 4.1
1212.0 6.2
1213.1 4.1
1213.1 6.2
1214.2 4.1
1214.2 6.2
1215.3 4.1
1215.3 6.2
1216.4 4.1
1216.4 6.2
1217.5 4.1
1217.5 6.2
1218.6 4.1
1218.6 6.2
1219.7 4.1
1219.7 6.2
1220.8 4.1
1220.8 6.2
1221.9 4.1
1221.9 6.2
1223.0 4.1
1223.0 6.2
1224.1 4.1
1224.1 6.2
1225.2 4.1
1225.2 6.2
1226.3 4.1
1226.3 6.2
1227.4 4.1
1227.4 6.2
1228.5 4.1
1228.5 6.2
1229.6 4.1
1229.6 6.2
1230.7 4.1
1230.7 6.2
1231.8 4.1
1231.8 6.2
1232.9 4.1
1232.9 6.2
1234.0 4.1
1234.0 6.2
1235.1 4.1
1235.1 6.2
1236.2 4.1
1236.2 6.2
1237.3 4.1
1237.3 6.2
1238.4 4.1
1238.4 6.2
1239.5 4.1
1239.5 6.2
1240.6 4.1
1240.6 6.2
1241.7 4.1
1241.7 6.2
1242.8 4.1
1242.8 6.2
1243.9 4.1
1243.9 6.2
1245.0 4.1
1245.0 6.2
1246.1 4.1
1246.1 6.2
1247.2 4.1
1247.2 6.2
1248.3 4.1
1248.3 6.2
1249.4 4.1
1249.4 6.2
1250.5 4.1
1250.5 6.2
1251.6 4.1
1251.6 6.2
1252.7 4.1
1252.7 6.2
1253.8 4.1
1253.8 6.2
1254.9 4.1
1254.9 6.2
1256.0 4.1
1256.0 6.2
1257.1 4.1
1257.1 6.2
1258.2 4.1
1258.2 6.2
1259.3 4.1
1259.3 6.2
1260.4 4.1
1260.4 6.2
1261.5 4.1
1261.5 6.2
1262.6 4.1
1262.6 6.2
1263.7 4.1
1263.7 6.2
1264.8 4.1
1264.8 6.2
1265.9 4.1
1265.9 6.2
1267.0 4.1
1267.0 6.2
1268.1 4.1
1268.1 6.2
1269.2 4.1
1269.2 6.2
1270.3 4.1
1270.3 6.2
1271.4 4.1
1271.4 6.2
1272.5 4.1
1272.5 6.2
1273.6 4.1
1273.6 6.2
1274.7 4.1
1274.7 6.2
1275.8 4.1
1275.8 6.2
1276.9 4.1
1276.9 6.2
1278.0 4.1
1278.0 6.2
1279.1 4.1
1279.1 6.2
1280.2 4.1
1280.2 6.2
1281.3 4.1
1281.3 6.2
1282.4 4.1
1282.4 6.2
1283.5 4.1
1283.5 6.2
1284.6 4.1
1284.6 6.2
1285.7 4.1
1285.7 6.2
1286.8 4.1
1286.8 6.2
1287.9 4.1
1287.9 6.2
1289.0 4.1
1289.0 6.2
1290.1 4.1
1290.1 6.2
1291.2 4.1
1291.2 6.2
1292.3 4.1
1292.3 6.2
1293.4 4.1
1293.4 6.2
1294.5 4.1
1294.5 6.2
1295.6 4.1
1295.6 6.2
1296.7 4.1
1296.7 6.2
1297.8 4.1
1297.8 6.2
1298.9 4.1
1298.9 6.2
1300.0 4.1
1300.0 6.2
1301.1 4.1
1301.1 6.2
1302.2 4.1
1302.2 6.2
1303.3 4.1
1303.3 6.2
1304.4 4.1
1304.4 6.2
1305.5 4.1
1305.5 6.2
1306.6 4.1
1306.6 6.2
1307.7 4.1
1307.7 6.2
1308.8 4.1
1308.8 6.2
1309.9 4.1
1309.9 6.2
1311.0 4.1
1311.0 6.2
1312.1 4.1
1312.1 6.2
1313.2 4.1
1313.2 6.2
1314.3 4.1
1314.3 6.2
1315.4 4.1
1315.4 6.2
1316.5 4.1
1316.5 6.2
1317.6 4.1
1317.6 6.2
1318.7 4.1
1318.7 6.2
1319.8 4.1
1319.8 6.2
1320.9 4.1
1320.9 6.2
1322.0 4.1
1322.0 6.2
1323.1 4.1
1323.1 6.2
1324.2 4.1
1324.2 6.2
1325.3 4.1
1325.3 6.2
1326.4 4.1
1326.4 6.2
1327.5 4.1
1327.5 6.2
1328.6 4.1
1328.6 6.2
1329.7 4.1
1329.7 6.2
1330.8 4.1
1330.8 6.2
1331.9 4.1
1331.9 6.2
1333.0 4.1
1333.0 6.2
1334.1 4.1
1334.1 6.2
1335.2 4.1
1335.2 6.2
1336.3 4.1
1336.3 6.2
1337.4 4.1
1337.4 6.2
1338.5 4.1
1338.5 6.2
1339.6 4.1
1339.6 6.2
1340.7 4.1
1340.7 6.2
1341.8 4.1
1341.8 6.2
1342.9 4.1
1342.9 6.2
1344.0 4.1
1344.0 6.2
1345.1 4.1
1345.1 6.2
1346.2 4.1
1346.2 6.2
1347.3 4.1
1347.3 6.2
1348.4 4.1
1348.4 6.2
1349.5 4.1
1349.5 6.2
1350.6 4.1
1350.6 6.2
1351.7 4.1
1351.7 6.2
1352.8 4.1
1352.8 6.2
1353.9 4.1
1353.9 6.2
1355.0 4.1
1355.0 6.2
1356.1 4.1
1356.1 6.2
1357.2 4.1
1357.2 6.2
1358.3 4.1
1358.3 6.2
1359.4 4.1
1359.4 6.2
1360.5 4.1
1360.5 6.2
1361.6 4.1
1361.6 6.2
1362.7 4.1
1362.7 6.2
1363.8 4.1
1363.8 6.2
1364.9 4.1
1364.9 6.2
1366.0 4.1
1366.0 6.2
1367.1 4.1
1367.1 6.2
1368.2 4.1
1368.2 6.2
1369.3 4.1
1369.3 6.2
1370.4 4.1
1370.4 6.2
1371.5 4.1
1371.5 6.2
1372.6 4.1
1372.6 6.2
1373.7 4.1
1373.7 6.2
1374.8 4.1
1374.8 6.2
1375.9 4.1
1375.9 6.2
1377.0 4.1
1377.0 6.2
1378.1 4.1
1378.1 6.2
1379.2 4.1
1379.2 6.2
1380.3 4.1
1380.3 6.2
1381.4 4.1
1381.4 6.2
1382.5 4.1
1382.5 6.2
1383.6 4.1
1383.6 6.2
1384.7 4.1
1384.7 6.2
1385.8 4.1
1385.8 6.2
1386.9 4.1
1386.9 6.2
1388.0 4.1
1388.0 6.2
1389.1 4.1
1389.1 6.2
1390.2 4.1
1390.2 6.2
1391.3 4.1
1391.3 6.2
1392.4 4.1
1392.4 6.2
1393.5 4.1
1393.5 6.2
1394.6 4.1
1394.6 6.2
1395.7 4.1
1395.7 6.2
1396.8 4.1
1396.8 6.2
1397.9 4.1
1397.9 6.2
1399.0 4.1
1399.0 6.2
1400.1 4.1
1400.1 6.2
1401.2 4.1
1401.2 6.2
1402.3 4.1
1402.3 6.2
1403.4 4.1
1403.4 6.2
1404.5 4.1
1404.5 6.2
1405.6 4.1
1405.6 6.2
1406.7 4.1
1406.7 6.2
1407.8 4.1
1407.8 6.2
1408.9 4.1
1408.9 6.2
1410.0 4.1
1410.0 6.2
1411.1 4.1
1411.1 6.2
1412.2 4.1
1412.2 6.2
1413.3 4.1
1413.3 6.2
1414.4 4.1
1414.4 6.2
1415.5 4.1
1415.5 6.2
1416.6 4.1
1416.6 6.2
1417.7 4.1
1417.7 6.2
1418.8 4.1
1418.8 6.2
1419.9 4.1
1419.9 6.2
1421.0 4.1
1421.0 6.2
1422.1 4.1
1422.1 6.2
1423.2 4.1
1423.2 6.2
1424.3 4.1
1424.3 6.2
1425.4 4.1
1425.4 6.2
1426.5 4.1
1426.5 6.2
1427.6 4.1
1427.6 6.2
1428.7 4.1
1428.7 6.2
1429.8 4.1
1429.8 6.2
1430.9 4.1
1430.9 6.2
1432.0 4.1
1432.0 6.2
1433.1 4.1
1433.1 6.2
1434.2 4.1
1434.2 6.2
1435.3 4.1
1435.3 6.2
1436.4 4.1
1436.4 6.2
1437.5 4.1
1437.5 6.2
1438.6 4.1
1438.6 6.2
1439.7 4.1
1439.7 6.2
1440.8 4.1
1440.8 6.2
1441.9 4.1
1441.9 6.2
1443.0 4.1
1443.0 6.2
1444.1 4.1
1444.1 6.2
1445.2 4.1
1445.2 6.2
1446.3 4.1
1446.3 6.2
1447.4 4.1
1447.4 6.2
1448.5 4.1
1448.5 6.2
1449.6 4.1
1449.6 6.2
1450.7 4.1
1450.7 6.2
1451.8 4.1
1451.8 6.2
1452.9 4.1
1452.9 6.2
1454.0 4.1
1454.0 6.2
1455.1 4.1
1455.1 6.2
1456.2 4.1
1456.2 6.2
1457.3 4.1
1457.3 6.2
1458.4 4.1
1458.4 6.2
1459.5 4.1
1459.5 6.2
1460.6 4.1
1460.6 6.2
1461.7 4.1
1461.7 6.2
1462.8 4.1
1462.8 6.2
1463.9 4.1
1463.9 6.2
1465.0 4.1
1465.0 6.2
1466.1 4.1
1466.1 6.2
1467.2 4.1
1467.2 6.2
1468.3 4.1
1468.3 6.2
1469.4 4.1
1469.4 6.2
1470.5 4.1
1470.5 6.2
1471.6 4.1
1471.6 6.2
1472.7 4.1
1472.7 6.2
1473.8 4.1
1473.8 6.2
1474.9 4.1
1474.9 6.2
1476.0 4.1
1476.0 6.2
1477.1 4.1
1477.1 6.2
1478.2 4.1
1478.2 6.2
1479.3 4.1
1479.3 6.2
1480.4 4.1
1480.4 6.2
1481.5 4.1
1481.5 6.2
1482.6 4.1
1482.6 6.2
1483.7 4.1
1483.7 6.2
1484.8 4.1
1484.8 6.2
1485.9 4.1
1485.9 6.2
1487.0 4.1
1487.0 6.2
1488.1 4.1
1488.1 6.2
1489.2 4.1
1489.2 6.2
1490.3 4.1
1490.3 6.2
1491.4 4.1
1491.4 6.2
1492.5 4.1
1492.5 6.2
1493.6 4.1
1493.6 6.2
1494.7 4.1
1494.7 6.2
1495.8 4.1
1495.8 6.2
1496.9 4.1
1496.9 6.2
1498.0 4.1
1498.0 6.2
1499.1 4.1
1499.1 6.2
1500.2 4.1
1500.2 6.2
1501.3 4.1
1501.3 6.2
1502.4 4.1
1502.4 6.2
1503.5 4.1
1503.5 6.2
1504.6 4.1
1504.6 6.2
1505.7 4.1
1505.7 6.2
1506.8 4.1
1506.8 6.2
1507.9 4.1
1507.9 6.2
1509.0 4.1
1509.0 6.2
1510.1 4.1
1510.1 6.2
1511.2 4.1
1511.2 6.2
1512.3 4.1
1512.3 6.2
1513.4 4.1
1513.4 6.2
1514.5 4.1
1514.5 6.2
1515.6 4.1
1515.6 6.2
1516.7 4.1
1516.7 6.2
1517.8 4.1
1517.8 6.2
1518.9 4.1
1518.9 6.2
1520.0 4.1
1520.0 6.2
1521.1 4.1
1521.1 6.2
1522.2 4.1
1522.2 6.2
1523.3 4.1
1523.3 6.2
1524.4 4.1
1524.4 6.2
1525.5 4.1
1525.5 6.2
1526.6 4.1
1526.6 6.2
1527.7 4.1
1527.7 6.2
1528.8 4.1
1528.8 6.2
1529.9 4.1
1529.9 6.2
1531.0 4.1
1531.0 6.2
1532.1 4.1
1532.1 6.2
1533.2 4.1
1533.2 6.2
1534.3 4.1
1534.3 6.2
1535.4 4.1
1535.4 6.2
1536.5 4.1
1536.5 6.2
1537.6 4.1
1537.6 6.2
1538.7 4.1
1538.7 6.2
1539.8 4.1
1539.8 6.2
1540.9 4.1
1540.9 6.2
1542.0 4.1
1542.0 6.2
1543.1 4.1
1543.1 6.2
1544.2 4.1
1544.2 6.2
1545.3 4.1
1545.3 6.2
1546.4 4.1
1546.4 6.2
1547.5 4.1
1547.5 6.2
1548.6 4.1
1548.6 6.2
1549.7 4.1
1549.7 6.2
1550.8 4.1
1550.8 6.2
1551.9 4.1
1551.9 6.2
1553.0 4.1
1553.0 6.2
1554.1 4.1
1554.1 6.2
1555.2 4.1
1555.2 6.2
1556.3 4.1
1556.3 6.2
1557.4 4.1
1557.4 6.2
1558.5 4.1
1558.5 6.2
1559.6 4.1
1559.6 6.2
1560.7 4.1
1560.7 6.2
1561.8 4.1
1561.8 6.2
1562.9 4.1
1562.9 6.2
1564.0 4.1
1564.0 6.2
1565.1 4.1
1565.1 6.2
1566.2 4.1
1566.2 6.2
1567.3 4.1
1567.3 6.2
1568.4 4.1
1568.4 6.2
1569.5 4.1
1569.5 6.2
1570.6 4.1
1570.6 6.2
1571.7 4.1
1571.7 6.2
1572.8 4.1
1572.8 6.2
1573.9 4.1
1573.9 6.2
1575.0 4.1
1575.0 6.2
1576.1 4.1
1576.1 6.2
1577.2 4.1
1577.2 6.2
1578.3 4.1
1578.3 6.2
1579.4 4.1
1579.4 6.2
1580.5 4.1
1580.5 6.2
1581.6 4.1
1581.6 6.2
1582.7 4.1
1582.7 6.2
1583.8 4.1
1583.8 6.2
1584.9 4.1
1584.9 6.2
1586.0 4.1
1586.0 6.2
1587.1 4.1
1587.1 6.2
1588.2 4.1
1588.2 6.2
1589.3 4.1
1589.3 6.2
1590.4 4.1
1590.4 6.2
1591.5 4.1
1591.5 6.2
1592.6 4.1
1592.6 6.2
1593.7 4.1
1593.7 6.2
1594.8 4.1
1594.8 6.2
1595.9 4.1
1595.9 6.2
1597.0 4.1
1597.0 6.2
1598.1 4.1
1598.1 6.2
1599.2 4.1
1599.2 6.2
1600.3 4.1
1600.3 6.2
1601.4 4.1
1601.4 6.2
1602.5 4.1
1602.5 6.2
1603.6 4.1
1603.6 6.2
1604.7 4.1
1604.7 6.2
1605.8 4.1
1605.8 6.2
1606.9 4.1
1606.9 6.2
1608.0 4.1
1608.0 6.2
1609.1 4.1
1609.1 6.2
1610.2 4.1
1610.2 6.2
1611.3 4.1
1611.3 6.2
1612.4 4.1
1612.4 6.2
1613.5 4.1
1613.5 6.2
1614.6 4.1
1614.6 6.2
1615.7 4.1
1615.7 6.2
1616.8 4.1
1616.8 6.2
1617.9 4.1
1617.9 6.2
1619.0 4.1
1619.0 6.2
1620.1 4.1
1620.1 6.2
1621.2 4.1
1621.2 6.2
1622.3 4.1
1622.3 6.2
1623.4 4.1
1623.4 6.2
1624.5 4.1
1624.5 6.2
1625.6 4.1
1625.6 6.2
1626.7 4.1
1626.7 6.2
1627.8 4.1
1627.8 6.2
1628.9 4.1
1628.9 6.2
1630.0 4.1
1630.0 6.2
1631.1 4.1
1631.1 6.2
1632.2 4.1
1632.2 6.2
1633.3 4.1
1633.3 6.2
1634.4 4.1
1634.4 6.2
1635.5 4.1
1635.5 6.2
1636.6 4.1
1636.6 6.2
1637.7 4.1
1637.7 6.2
1638.8 4.1
1638.8 6.2
1639.9 4.1
1639.9 6.2
1641.0 4.1
1641.0 6.2
1642.1 4.1
1642.1 6.2
1643.2 4.1
1643.2 6.2
1644.3 4.1
1644.3 6.2
1645.4 4.1
1645.4 6.2
1646.5 4.1
1646.5 6.2
1647.6 4.1
1647.6 6.2
1648.7 4.1
1648.7 6.2
1649.8 4.1
1649.8 6.2
1650.9 4.1
1650.9 6.2
1652.0 4.1
1652.0 6.2
1653.1 4.1
1653.1 6.2
1654.2 4.1
1654.2 6.2
1655.3 4.1
1655.3 6.2
1656.4 4.1
1656.4 6.2
1657.5 4.1
1657.5 6.2
1658.6 4.1
1658.6 6.2
1659.7 4.1
1659.7 6.2
1660.8 4.1
1660.8 6.2
1661.9 4.1
1661.9 6.2
1663.0 4.1
1663.0 6.2
1664.1 4.1
1664.1 6.2
1665.2 4.1
1665.2 6.2
1666.3 4.1
1666.3 6.2
1667.4 4.1
1667.4 6.2
1668.5 4.1
1668.5 6.2
1669.6 4.1
1669.6 6.2
1670.7 4.1
1670.7 6.2
1671.8 4.1
1671.8 6.2
1672.9 4.1
1672.9 6.2
1674.0 4.1
1674.0 6.2
1675.1 4.1
1675.1 6.2
1676.2 4.1
1676.2 6.2
1677.3 4.1
1677.3 6.2
1678.4 4.1
1678.4 6.2
1679.5 4.1
1679.5 6.2
1680.6 4.1
1680.6 6.2
1681.7 4.1
1681.7 6.2
1682.8 4.1
1682.8 6.2
1683.9 4.1
1683.9 6.2
1685.0 4.1
1685.0 6.2
1686.1 4.1
1686.1 6.2
1687.2 4.1
1687.2 6.2
1688.3 4.1
1688.3 6.2
1689.4 4.1
1689.4 6.2
1690.5 4.1
1690.5 6.2
1691.6 4.1
1691.6 6.2
1692.7 4.1
1692.7 6.2
1693.8 4.1
1693.8 6.2
1694.9 4.1
1694.9 6.2
1696.0 4.1
1696.0 6.2
1697.1 4.1
1697.1 6.2
1698.2 4.1
1698.2 6.2
1699.3 4.1
1699.3 6.2
1700.4 4.1
1700.4 6.2
1701.5 4.1
1701.5 6.2
1702.6 4.1
1702.6 6.2
1703.7 4.1
1703.7 6.2
1704.8 4.1
1704.8 6.2
1705.9 4.1
1705.9 6.2
1707.0 4.1
1707.0 6.2
1708.1 4.1
1708.1 6.2
1709.2 4.1
1709.2 6.2
1710.3 4.1
1710.3 6.2
1711.4 4.1
1711.4 6.2
1712.5 4.1
1712.5 6.2
1713.6 4.1
1713.6 6.2
1714.7 4.1
1714.7 6.2
1715.8 4.1
1715.8 6.2
1716.9 4.1
1716.9 6.2
1718.0 4.1
1718.0 6.2
1719.1 4.1
1719.1 6.2
1720.2 4.1
1720.2 6.2
1721.3 4.1
1721.3 6.2
1722.4 4.1
1722.4 6.2
1723.5 4.1
1723.5 6.2
1724.6 4.1
1724.6 6.2
1725.7 4.1
1725.7 6.2
1726.8 4.1
1726.8 6.2
1727.9 4.1
1727.9 6.2
1729.0 4.1
1729.0 6.2
1730.1 4.1
1730.1 6.2
1731.2 4.1
1731.2 6.2
1732.3 4.1
1732.3 6.2
1733.4 4.1
1733.4 6.2
1734.5 4.1
1734.5 6.2
1735.6 4.1
1735.6 6.2
1736.7 4.1
1736.7 6.2
1737.8 4.1
1737.8 6.2
1738.9 4.1
1738.9 6.2
1740.0 4.1
1740.0 6.2
1741.1 4.1
1741.1 6.2
1742.2 4.1
1742.2 6.2
1743.3 4.1
1743.3 6.2
1744.4 4.1
1744.4 6.2
1745.5 4.1
1745.5 6.2
1746.6 4.1
1746.6 6.2
1747.7 4.1
1747.7 6.2
1748.8 4.1
1748.8 6.2
1749.9 4.1
1749.9 6.2
1751.0 4.1
1751.0 6.2
1752.1 4.1
1752.1 6.2
1753.2 4.1
1753.2 6.2
1754.3 4.1
1754.3 6.2
1755.4 4.1
1755.4 6.2
1756.5 4.1
1756.5 6.2
1757.6 4.1
1757.6 6.2
1758.7 4.1
1758.7 6.2
1759.8 4.1
1759.8 6.2
1760.9 4.1
1760.9 6.2
1762.0 4.1
1762.0 6.2
1763.1 4.1
1763.1 6.2
1764.2 4.1
1764.2 6.2
1765.3 4.1
1765.3 6.2
1766.4 4.1
1766.4 6.2
1767.5 4.1
1767.5 6.2
1768.6 4.1
1768.6 6.2
1769.7 4.1
1769.7 6.2
1770.8 4.1
1770.8 6.2
1771.9 4.1
1771.9 6.2
1773.0 4.1
1773.0 6.2
1774.1 4.1
1774.1 6.2
1775.2 4.1
1775.2 6.2
1776.3 4.1
1776.3 6.2
1777.4 4.1
1777.4 6.2
1778.5 4.1
1778.5 6.2
1779.6 4.1
1779.6 6.2
1780.7 4.1
1780.7 6.2
1781.8 4.1
1781.8 6.2
1782.9 4.1
1782.9 6.2
1784.0 4.1
1784.0 6.2
1785.1 4.1
1785.1 6.2
1786.2 4.1
1786.2 6.2
1787.3 4.1
1787.3 6.2
1788.4 4.1
1788.4 6.2
1789.5 4.1
1789.5 6.2
1790.6 4.1
1790.6 6.2
1791.7 4.1
1791.7 6.2
1792.8 4.1
1792.8 6.2
1793.9 4.1
1793.9 6.2
1795.0 4.1
1795.0 6.2
1796.1 4.1
1796.1 6.2
1797.2 4.1
1797.2 6.2
1798.3 4.1
1798.3 6.2
1799.4 4.1
1799.4 6.2
1800.5 4.1
1800.5 6.2
1801.6 4.1
1801.6 6.2
1802.7 4.1
1802.7 6.2
1803.8 4.1
1803.8 6.2
1804.9 4.1
1804.9 6.2
1806.0 4.1
1806.0 6.2
1807.1 4.1
1807.1 6.2
1808.2 4.1
1808.2 6.2
1809.3 4.1
1809.3 6.2
1810.4 4.1
1810.4 6.2
1811.5 4.1
1811.5 6.2
1812.6 4.1
1812.6 6.2
1813.7 4.1
1813.7 6.2
1814.8 4.1
1814.8 6.2
1815.9 4.1
1815.9 6.2
1817.0 4.1
1817.0 6.2
1818.1 4.1
1818.1 6.2
1819.2 4.1
1819.2 6.2
1820.3 4.1
1820.3 6.2
1821.4 4.1
1821.4 6.2
1822.5 4.1
1822.5 6.2
1823.6 4.1
1823.6 6.2
1824.7 4.1
1824.7 6.2
1825.8 4.1
1825.8 6.2
1826.9 4.1
1826.9 6.2
1828.0 4.1
1828.0 6.2
1829.1 4.1
1829.1 6.2
1830.2 4.1
1830.2 6.2
1831.3 4.1
1831.3 6.2
1832.4 4.1
1832.4 6.2
1833.5 4.1
1833.5 6.2
1834.6 4.1
1834.6 6.2
1835.7 4.1
1835.7 6.2
1836.8 4.1
1836.8 6.2
1837.9 4.1
1837.9 6.2
1839.0 4.1
1839.0 6.2
1840.1 4.1
1840.1 6.2
1841.2 4.1
1841.2 6.2
1842.3 4.1
1842.3 6.2
1843.4 4.1
1843.4 6.2
1844.5 4.1
1844.5 6.2
1845.6 4.1
1845.6 6.2
1846.7 4.1
1846.7 6.2
1847.8 4.1
1847.8 6.2
1848.9 4.1
1848.9 6.2
1850.0 4.1
1850.0 6.2
1851.1 4.1
1851.1 6.2
1852.2 4.1
1852.2 6.2
1853.3 4.1
1853.3 6.2
1854.4 4.1
1854.4 6.2
1855.5 4.1
1855.5 6.2
1856.6 4.1
1856.6 6.2
1857.7 4.1
1857.7 6.2
1858.8 4.1
1858.8 6.2
1859.9 4.1
1859.9 6.2
1861.0 4.1
1861.0 6.2
1862.1 4.1
1862.1 6.2
1863.2 4.1
1863.2 6.2
1864.3 4.1
1864.3 6.2
1865.4 4.1
1865.4 6.2
1866.5 4.1
1866.5 6.2
1867.6 4.1
1867.6 6.2
1868.7 4.1
1868.7 6.2
1869.8 4.1
1869.8 6.2
1870.9 4.1
1870.9 6.2
1872.0 4.1
1872.0 6.2
1873.1 4.1
1873.1 6.2
1874.2 4.1
1874.2 6.2
1875.3 4.1
1875.3 6.2
1876.4 4.1
1876.4 6.2
1877.5 4.1
1877.5 6.2
1878.6 4.1
1878.6 6.2
1879.7 4.1
1879.7 6.2
1880.8 4.1
1880.8 6.2
1881.9 4.1
1881.9 6.2
1883.0 4.1
1883.0 6.2
1884.1 4.1
1884.1 6.2
1885.2 4.1
1885.2 6.2
1886.3 4.1
1886.3 6.2
1887.4 4.1
1887.4 6.2
1888.5 4.1
1888.5 6.2
1889.6 4.1
1889.6 6.2
1890.7 4.1
1890.7 6.2
1891.8 4.1
1891.8 6.2
1892.9 4.1
1892.9 6.2
1894.0 4.1
1894.0 6.2
1895.1 4.1
1895.1 6.2
1896.2 4.1
1896.2 6.2
1897.3 4.1
1897.3 6.2
1898.4 4.1
1898.4 6.2
1899.5 4.1
1899.5 6.2
1900.6 4.1
1900.6 6.2
1901.7 4.1
1901.7 6.2
1902.8 4.1
1902.8 6.2
1903.9 4.1
1903.9 6.2
1905.0 4.1
1905.0 6.2
1906.1 4.1
1906.1 6.2
1907.2 4.1
1907.2 6.2
1908.3 4.1
1908.3 6.2
1909.4 4.1
1909.4 6.2
1910.5 4.1
1910.5 6.2
1911.6 4.1
1911.6 6.2
1912.7 4.1
1912.7 6.2
1913.8 4.1
1913.8 6.2
1914.9 4.1
1914.9 6.2
1916.0 4.1
1916.0 6.2
1917.1 4.1
1917.1 6.2
1918.2 4.1
1918.2 6.2
1919.3 4.1
1919.3 6.2
1920.4 4.1
1920.4 6.2
1921.5 4.1
1921.5 6.2
1922.6 4.1
1922.6 6.2
1923.7 4.1
1923.7 6.2
1924.8 4.1
1924.8 6.2
1925.9 4.1
1925.9 6.2
1927.0 4.1
1927.0 6.2
1928.1 4.1
1928.1 6.2
1929.2 4.1
1929.2 6.2
1930.3 4.1
1930.3 6.2
1931.4 4.1
1931.4 6.2
1932.5 4.1
1932.5 6.2
1933.6 4.1
1933.6 6.2
1934.7 4.1
1934.7 6.2
1935.8 4.1
1935.8 6.2
1936.9 4.1
1936.9 6.2
1938.0 4.1
1938.0 6.2
1939.1 4.1
1939.1 6.2
1940.2 4.1
1940.2 6.2
1941.3 4.1
1941.3 6.2
1942.4 4.1
1942.4 6.2
1943.5 4.1
1943.5 6.2
1944.6 4.1
1944.6 6.2
1945.7 4.1
1945.7 6.2
1946.8 4.1
1946.8 6.2
1947.9 4.1
1947.9 6.2
1949.0 4.1
1949.0 6.2
1950.1 4.1
1950.1 6.2
1951.2 4.1
1951.2 6.2
1952.3 4.1
1952.3 6.2
1953.4 4.1
1953.4 6.2
1954.5 4.1
1954.5 6.2
1955.6 4.1
1955.6 6.2
1956.7 4.1
1956.7 6.2
1957.8 4.1
1957.8 6.2
1958.9 4.1
1958.9 6.2
1960.0 4.1
1960.0 6.2
1961.1 4.1
1961.1 6.2
1962.2 4.1
1962.2 6.2
1963.3 4.1
1963.3 6.2
1964.4 4.1
1964.4 6.2
1965.5 4.1
1965.5 6.2
1966.6 4.1
1966.6 6.2
1967.7 4.1
1967.7 6.2
1968.8 4.1
1968.8 6.2
1969.9 4.1
1969.9 6.2
1971.0 4.1
1971.0 6.2
1972.1 4.1
1972.1 6.2
1973.2 4.1
1973.2 6.2
1974.3 4.1
1974.3 6.2
1975.4 4.1
1975.4 6.2
1976.5 4.1
1976.5 6.2
1977.6 4.1
1977.6 6.2
1978.7 4.1
1978.7 6.2
1979.8 4.1
1979.8 6.2
1980.9 4.1
1980.9 6.2
1982.0 4.1
1982.0 6.2
1983.1 4.1
1983.1 6.2
1984.2 4.1
1984.2 6.2
1985.3 4.1
1985.3 6.2
1986.4 4.1
1986.4 6.2
1987.5 4.1
1987.5 6.2
1988.6 4.1
1988.6 6.2
1989.7 4.1
1989.7 6.2
1990.8 4.1
1990.8 6.2
1991.9 4.1
1991.9 6.2
1993.0 4.1
1993.0 6.2
1994.1 4.1
1994.1 6.2
1995.2 4.1
1995.2 6.2
1996.3 4.1
1996.3 6.2
1997.4 4.1
1997.4 6.2
1998.5 4.1
1998.5 6.2
1999.6 4.1
1999.6 6.2
2000.7 4.1
2000.7 6.2
2001.8 4.1
2001.8 6.2
2002.9 4.1
2002.9 6.2
2004.0 4.1
2004.0 6.2
2005.1 4.1
2005.1 6.2
2006.2 4.1
2006.2 6.2
2007.3 4.1
2007.3 6.2
2008.4 4.1
2008.4 6.2
2009.5 4.1
2009.5 6.2
2010.6 4.1
2010.6 6.2
2011.7 4.1
2011.7 6.2
2012.8 4.1
2012.8 6.2
2013.9 4.1
2013.9 6.2
2015.0 4.1
2015.0 6.2
2016.1 4.1
2016.1 6.2
2017.2 4.1
2017.2 6.2
2018.3 4.1
2018.3 6.2
2019.4 4.1
2019.4 6.2
2020.5 4.1
2020.5 6.2
2021.6 4.1
2021.6 6.2
2022.7 4.1
2022.7 6.2
2023.8 4.1
2023.8 6.2
2024.9 4.1
2024.9 6.2
2026.0 4.1
2026.0 6.2
2027.1 4.1
2027.1 6.2
2028.2 4.1
2028.2 6.2
2029.3 4.1
2029.3 6.2
2030.4 4.1
2030.4 6.2
2031.5 4.1
2031.5 6.2
2032.6 4.1
2032.6 6.2
2033.7 4.1
2033.7 6.2
2034.8 4.1
2034.8 6.2
2035.9 4.1
2035.9 6.2
2037.0 4.1
2037.0 6.2
2038.1 4.1
2038.1 6.2
2039.2 4.1
2039.2 6.2
2040.3 4.1
2040.3 6.2
2041.4 4.1
2041.4 6.2
2042.5 4.1
2042.5 6.2
2043.6 4.1
2043.6 6.2
2044.7 4.1
2044.7 6.2
2045.8 4.1
2045.8 6.2
2046.9 4.1
2046.9 6.2
2048.0 4.1
2048.0 6.2
2049.1 4.1
2049.1 6.2
2050.2 4.1
2050.2 6.2
2051.3 4.1
2051.3 6.2
2052.4 4.1
2052.4 6.2
2053.5 4.1
2053.5 6.2
2054.6 4.1
2054.6 6.2
2055.7 4.1
2055.7 6.2
2056.8 4.1
2056.8 6.2
2057.9 4.1
2057.9 6.2
2059.0 4.1
2059.0 6.2
2060.1 4.1
2060.1 6.2
2061.2 4.1
2061.2 6.2
2062.3 4.1
2062.3 6.2
2063.4 4.1
2063.4 6.2
2064.5 4.1
2064.5 6.2
2065.6 4.1
2065.6 6.2
2066.7 4.1
2066.7 6.2
2067.8 4.1
2067.8 6.2
2068.9 4.1
2068.9 6.2
2070.0 4.1
2070.0 6.2
2071.1 4.1
2071.1 6.2
2072.2 4.1
2072.2 6.2
2073.3 4.1
2073.3 6.2
2074.4 4.1
2074.4 6.2
2075.5 4.1
2075.5 6.2
2076.6 4.1
2076.6 6.2
2077.7 4.1
2077.7 6.2
2078.8 4.1
2078.8 6.2
2079.9 4.1
2079.9 6.2
2081.0 4.1
2081.0 6.2
2082.1 4.1
2082.1 6.2
2083.2 4.1
2083.2 6.2
2084.3 4.1
2084.3 6.2
2085.4 4.1
2085.4 6.2
2086.5 4.1
2086.5 6.2
2087.6 4.1
2087.6 6.2
2088.7 4.1
2088.7 6.2
2089.8 4.1
2089.8 6.2
2090.9 4.1
2090.9 6.2
2092.0 4.1
2092.0 6.2
2093.1 4.1
2093.1 6.2
2094.2 4.1
2094.2 6.2
2095.3 4.1
2095.3 6.2
2096.4 4.1
2096.4 6.2
2097.5 4.1
2097.5 6.2
2098.6 4.1
2098.6 6.2
2099.7 4.1
2099.7 6.2
2100.8 4.1
2100.8 6.2
2101.9 4.1
2101.9 6.2
2103.0 4.1
2103.0 6.2
2104.1 4.1
2104.1 6.2
2105.2 4.1
2105.2 6.2
2106.3 4.1
2106.3 6.2
2107.4 4.1
2107.4 6.2
2108.5 4.1
2108.5 6.2
2109.6 4.1
2109.6 6.2
2110.7 4.1
2110.7 6.2
2111.8 4.1
2111.8 6.2
2112.9 4.1
2112.9 6.2
2114.0 4.1
2114.0 6.2
2115.1 4.1
2115.1 6.2
2116.2 4.1
2116.2 6.2
2117.3 4.1
2117.3 6.2
2118.4 4.1
2118.4 6.2
2119.5 4.1
2119.5 6.2
2120.6 4.1
2120.6 6.2
2121.7 4.1
2121.7 6.2
2122.8 4.1
2122.8 6.2
2123.9 4.1
2123.9 6.2
2125.0 4.1
2125.0 6.2
2126.1 4.1
2126.1 6.2
2127.2 4.1
2127.2 6.2
2128.3 4.1
2128.3 6.2
2129.4 4.1
2129.4 6.2
2130.5 4.1
2130.5 6.2
2131.6 4.1
2131.6 6.2
2132.7 4.1
2132.7 6.2
2133.8 4.1
2133.8 6.2
2134.9 4.1
2134.9 6.2
2136.0 4.1
2136.0 6.2
2137.1 4.1
2137.1 6.2
2138.2 4.1
2138.2 6.2
2139.3 4.1
2139.3 6.2
2140.4 4.1
2140.4 6.2
2141.5 4.1
2141.5 6.2
2142.6 4.1
2142.6 6.2
2143.7 4.1
2143.7 6.2
2144.8 4.1
2144.8 6.2
2145.9 4.1
2145.9 6.2
2147.0 4.1
2147.0 6.2
2148.1 4.1
2148.1 6.2
2149.2 4.1
2149.2 6.2
2150.3 4.1
2150.3 6.2
2151.4 4.1
2151.4 6.2
2152.5 4.1
2152.5 6.2
2153.6 4.1
2153.6 6.2
2154.7 4.1
2154.7 6.2
2155.8 4.1
2155.8 6.2
2156.9 4.1
2156.9 6.2
2158.0 4.1
2158.0 6.2
2159.1 4.1
2159.1 6.2
2160.2 4.1
2160.2 6.2
2161.3 4.1
2161.3 6.2
2162.4 4.1
2162.4 6.2
2163.5 4.1
2163.5 6.2
2164.6 4.1
2164.6 6.2
2165.7 4.1
2165.7 6.2
2166.8 4.1
2166.8 6.2
2167.9 4.1
2167.9 6.2
2169.0 4.1
2169.0 6.2
2170.1 4.1
2170.1 6.2
2171.2 4.1
2171.2 6.2
2172.3 4.1
2172.3 6.2
2173.4 4.1
2173.4 6.2
2174.5 4.1
2174.5 6.2
2175.6 4.1
2175.6 6.2
2176.7 4.1
2176.7 6.2
2177.8 4.1
2177.8 6.2
2178.9 4.1
2178.9 6.2
2180.0 4.1
2180.0 6.2
2181.1 4.1
2181.1 6.2
2182.2 4.1
2182.2 6.2
2183.3 4.1
2183.3 6.2
2184.4 4.1
2184.4 6.2
2185.5 4.1
2185.5 6.2
2186.6 4.1
2186.6 6.2
2187.7 4.1
2187.7 6.2
2188.8 4.1
2188.8 6.2
2189.9 4.1
2189.9 6.2
2191.0 4.1
2191.0 6.2
2192.1 4.1
2192.1 6.2
2193.2 4.1
2193.2 6.2
2194.3 4.1
2194.3 6.2
2195.4 4.1
2195.4 6.2
2196.5 4.1
2196.5 6.2
2197.6 4.1
2197.6 6.2
2198.7 4.1
2198.7 6.2
2199.8 4.1
2199.8 6.2
2200.9 4.1
2200.9 6.2
