5000
49998.5 50000.0
50000.0 50001.5
50001.5 50000.0
50000.0 49998.5
49997.4 50000.0
50000.0 50002.6
50002.6 50000.0
50000.0 49997.4
49996.3 50000.0
50000.0 50003.7
50003.7 50000.0
50000.0 49996.3
49995.2 50000.0
50000.0 50004.8
50004.8 50000.0
50000.0 49995.2
49994.1 50000.0
50000.0 50005.9
50005.9 50000.0
50000.0 49994.1
49993.0 50000.0
50000.0 50007.0
50007.0 50000.0
50000.0 49993.0
49991.9 50000.0
50000.0 50008.1
50008.1 50000.0
50000.0 49991.9
49990.8 50000.0
50000.0 50009.2
50009.2 50000.0
50000.0 49990.8
49989.7 50000.0
50000.0 50010.3
50010.3 50000.0
50000.0 49989.7
49988.6 50000.0
50000.0 50011.4
50011.4 50000.0
50000.0 49988.6
49987.5 50000.0
50000.0 50012.5
50012.5 50000.0
50000.0 49987.5
49986.4 50000.0
50000.0 50013.6
50013.6 50000.0
50000.0 49986.4
49985.3 50000.0
50000.0 50014.7
50014.7 50000.0
50000.0 49985.3
49984.2 50000.0
50000.0 50015.8
50015.8 50000.0
50000.0 49984.2
49983.1 50000.0
50000.0 50016.9
50016.9 50000.0
50000.0 49983.1
49982.0 50000.0
50000.0 50018.0
50018.0 50000.0
50000.0 49982.0
49980.9 50000.0
50000.0 50019.1
50019.1 50000.0
50000.0 49980.9
49979.8 50000.0
50000.0 50020.2
50020.2 50000.0
50000.0 49979.8
49978.7 50000.0
50000.0 50021.3
50021.3 50000.0
50000.0 49978.7
49977.6 50000.0
50000.0 50022.4
50022.4 50000.0
50000.0 49977.6
49976.5 50000.0
50000.0 50023.5
50023.5 50000.0
50000.0 49976.5
49975.4 50000.0
50000.0 50024.6
50024.6 50000.0
50000.0 49975.4
49974.3 50000.0
50000.0 50025.7
50025.7 50000.0
50000.0 49974.3
49973.2 50000.0
50000.0 50026.8
50026.8 50000.0
50000.0 49973.2
49972.1 50000.0
50000.0 50027.9
50027.9 50000.0
50000.0 49972.1
49971.0 50000.0
50000.0 50029.0
50029.0 50000.0
50000.0 49971.0
49969.9 50000.0
50000.0 50030.1
50030.1 50000.0
50000.0 49969.9
49968.8 50000.0
50000.0 50031.2
50031.2 50000.0
50000.0 49968.8
49967.7 50000.0
50000.0 50032.3
50032.3 50000.0
50000.0 49967.7
49966.6 50000.0
50000.0 50033.4
50033.4 50000.0
50000.0 49966.6
49965.5 50000.0
50000.0 50034.5
50034.5 50000.0
50000.0 49965.5
49964.4 50000.0
50000.0 50035.6
50035.6 50000.0
50000.0 49964.4
49963.3 50000.0
50000.0 50036.7
50036.7 50000.0
50000.0 49963.3
49962.2 50000.0
50000.0 50037.8
50037.8 50000.0
50000.0 49962.2
49961.1 50000.0
50000.0 50038.9
50038.9 50000.0
50000.0 49961.1
49960.0 50000.0
50000.0 50040.0
50040.0 50000.0
50000.0 49960.0
49958.9 50000.0
50000.0 50041.1
50041.1 50000.0
50000.0 49958.9
49957.8 50000.0
50000.0 50042.2
50042.2 50000.0
50000.0 49957.8
49956.7 50000.0
50000.0 50043.3
50043.3 50000.0
50000.0 49956.7
49955.6 50000.0
50000.0 50044.4
50044.4 50000.0
50000.0 49955.6
49954.5 50000.0
50000.0 50045.5
50045.5 50000.0
50000.0 49954.5
49953.4 50000.0
50000.0 50046.6
50046.6 50000.0
50000.0 49953.4
49952.3 50000.0
50000.0 50047.7
50047.7 50000.0
50000.0 49952.3
49951.2 50000.0
50000.0 50048.8
50048.8 50000.0
50000.0 49951.2
49950.1 50000.0
50000.0 50049.9
50049.9 50000.0
50000.0 49950.1
49949.0 50000.0
50000.0 50051.0
50051.0 50000.0
50000.0 49949.0
49947.9 50000.0
50000.0 50052.1
50052.1 50000.0
50000.0 49947.9
49946.8 50000.0
50000.0 50053.2
50053.2 50000.0
50000.0 49946.8
49945.7 50000.0
50000.0 50054.3
50054.3 50000.0
50000.0 49945.7
49944.6 50000.0
50000.0 50055.4
50055.4 50000.0
50000.0 49944.6
49943.5 50000.0
50000.0 50056.5
50056.5 50000.0
50000.0 49943.5
49942.4 50000.0
50000.0 50057.6
50057.6 50000.0
50000.0 49942.4
49941.3 50000.0
50000.0 50058.7
50058.7 50000.0
50000.0 49941.3
49940.2 50000.0
50000.0 50059.8
50059.8 50000.0
50000.0 49940.2
49939.1 50000.0
50000.0 50060.9
50060.9 50000.0
50000.0 49939.1
49938.0 50000.0
50000.0 50062.0
50062.0 50000.0
50000.0 49938.0
49936.9 50000.0
50000.0 50063.1
50063.1 50000.0
50000.0 49936.9
49935.8 50000.0
50000.0 50064.2
50064.2 50000.0
50000.0 49935.8
49934.7 50000.0
50000.0 50065.3
50065.3 50000.0
50000.0 49934.7
49933.6 50000.0
50000.0 50066.4
50066.4 50000.0
50000.0 49933.6
49932.5 50000.0
50000.0 50067.5
50067.5 50000.0
50000.0 49932.5
49931.4 50000.0
50000.0 50068.6
50068.6 50000.0
50000.0 49931.4
49930.3 50000.0
50000.0 50069.7
50069.7 50000.0
50000.0 49930.3
49929.2 50000.0
50000.0 50070.8
50070.8 50000.0
50000.0 49929.2
49928.1 50000.0
50000.0 50071.9
50071.9 50000.0
50000.0 49928.1
49927.0 50000.0
50000.0 50073.0
50073.0 50000.0
50000.0 49927.0
49925.9 50000.0
50000.0 50074.1
50074.1 50000.0
50000.0 49925.9
49924.8 50000.0
50000.0 50075.2
50075.2 50000.0
50000.0 49924.8
49923.7 50000.0
50000.0 50076.3
50076.3 50000.0
50000.0 49923.7
49922.6 50000.0
50000.0 50077.4
50077.4 50000.0
50000.0 49922.6
49921.5 50000.0
50000.0 50078.5
50078.5 50000.0
50000.0 49921.5
49920.4 50000.0
50000.0 50079.6
50079.6 50000.0
50000.0 49920.4
49919.3 50000.0
50000.0 50080.7
50080.7 50000.0
50000.0 49919.3
49918.2 50000.0
50000.0 50081.8
50081.8 50000.0
50000.0 49918.2
49917.1 50000.0
50000.0 50082.9
50082.9 50000.0
50000.0 49917.1
49916.0 50000.0
50000.0 50084.0
50084.0 50000.0
50000.0 49916.0
49914.9 50000.0
50000.0 50085.1
50085.1 50000.0
50000.0 49914.9
49913.8 50000.0
50000.0 50086.2
50086.2 50000.0
50000.0 49913.8
49912.7 50000.0
50000.0 50087.3
50087.3 50000.0
50000.0 49912.7
49911.6 50000.0
50000.0 50088.4
50088.4 50000.0
50000.0 49911.6
49910.5 50000.0
50000.0 50089.5
50089.5 50000.0
50000.0 49910.5
49909.4 50000.0
50000.0 50090.6
50090.6 50000.0
50000.0 49909.4
49908.3 50000.0
50000.0 50091.7
50091.7 50000.0
50000.0 49908.3
49907.2 50000.0
50000.0 50092.8
50092.8 50000.0
50000.0 49907.2
49906.1 50000.0
50000.0 50093.9
50093.9 50000.0
50000.0 49906.1
49905.0 50000.0
50000.0 50095.0
50095.0 50000.0
50000.0 49905.0
49903.9 50000.0
50000.0 50096.1
50096.1 50000.0
50000.0 49903.9
49902.8 50000.0
50000.0 50097.2
50097.2 50000.0
50000.0 49902.8
49901.7 50000.0
50000.0 50098.3
50098.3 50000.0
50000.0 49901.7
49900.6 50000.0
50000.0 50099.4
50099.4 50000.0
50000.0 49900.6
49899.5 50000.0
50000.0 50100.5
50100.5 50000.0
50000.0 49899.5
49898.4 50000.0
50000.0 50101.6
50101.6 50000.0
50000.0 49898.4
49897.3 50000.0
50000.0 50102.7
50102.7 50000.0
50000.0 49897.3
49896.2 50000.0
50000.0 50103.8
50103.8 50000.0
50000.0 49896.2
49895.1 50000.0
50000.0 50104.9
50104.9 50000.0
50000.0 49895.1
49894.0 50000.0
50000.0 50106.0
50106.0 50000.0
50000.0 49894.0
49892.9 50000.0
50000.0 50107.1
50107.1 50000.0
50000.0 49892.9
49891.8 50000.0
50000.0 50108.2
50108.2 50000.0
50000.0 49891.8
49890.7 50000.0
50000.0 50109.3
50109.3 50000.0
50000.0 49890.7
49889.6 50000.0
50000.0 50110.4
50110.4 50000.0
50000.0 49889.6
49888.5 50000.0
50000.0 50111.5
50111.5 50000.0
50000.0 49888.5
49887.4 50000.0
50000.0 50112.6
50112.6 50000.0
50000.0 49887.4
49886.3 50000.0
50000.0 50113.7
50113.7 50000.0
50000.0 49886.3
49885.2 50000.0
50000.0 50114.8
50114.8 50000.0
50000.0 49885.2
49884.1 50000.0
50000.0 50115.9
50115.9 50000.0
50000.0 49884.1
49883.0 50000.0
50000.0 50117.0
50117.0 50000.0
50000.0 49883.0
49881.9 50000.0
50000.0 50118.1
50118.1 50000.0
50000.0 49881.9
49880.8 50000.0
50000.0 50119.2
50119.2 50000.0
50000.0 49880.8
49879.7 50000.0
50000.0 50120.3
50120.3 50000.0
50000.0 49879.7
49878.6 50000.0
50000.0 50121.4
50121.4 50000.0
50000.0 49878.6
49877.5 50000.0
50000.0 50122.5
50122.5 50000.0
50000.0 49877.5
49876.4 50000.0
50000.0 50123.6
50123.6 50000.0
50000.0 49876.4
49875.3 50000.0
50000.0 50124.7
50124.7 50000.0
50000.0 49875.3
49874.2 50000.0
50000.0 50125.8
50125.8 50000.0
50000.0 49874.2
49873.1 50000.0
50000.0 50126.9
50126.9 50000.0
50000.0 49873.1
49872.0 50000.0
50000.0 50128.0
50128.0 50000.0
50000.0 49872.0
49870.9 50000.0
50000.0 50129.1
50129.1 50000.0
50000.0 49870.9
49869.8 50000.0
50000.0 50130.2
50130.2 50000.0
50000.0 49869.8
49868.7 50000.0
50000.0 50131.3
50131.3 50000.0
50000.0 49868.7
49867.6 50000.0
50000.0 50132.4
50132.4 50000.0
50000.0 49867.6
49866.5 50000.0
50000.0 50133.5
50133.5 50000.0
50000.0 49866.5
49865.4 50000.0
50000.0 50134.6
50134.6 50000.0
50000.0 49865.4
49864.3 50000.0
50000.0 50135.7
50135.7 50000.0
50000.0 49864.3
49863.2 50000.0
50000.0 50136.8
50136.8 50000.0
50000.0 49863.2
49862.1 50000.0
50000.0 50137.9
50137.9 50000.0
50000.0 49862.1
49861.0 50000.0
50000.0 50139.0
50139.0 50000.0
50000.0 49861.0
49859.9 50000.0
50000.0 50140.1
50140.1 50000.0
50000.0 49859.9
49858.8 50000.0
50000.0 50141.2
50141.2 50000.0
50000.0 49858.8
49857.7 50000.0
50000.0 50142.3
50142.3 50000.0
50000.0 49857.7
49856.6 50000.0
50000.0 50143.4
50143.4 50000.0
50000.0 49856.6
49855.5 50000.0
50000.0 50144.5
50144.5 50000.0
50000.0 49855.5
49854.4 50000.0
50000.0 50145.6
50145.6 50000.0
50000.0 49854.4
49853.3 50000.0
50000.0 50146.7
50146.7 50000.0
50000.0 49853.3
49852.2 50000.0
50000.0 50147.8
50147.8 50000.0
50000.0 49852.2
49851.1 50000.0
50000.0 50148.9
50148.9 50000.0
50000.0 49851.1
49850.0 50000.0
50000.0 50150.0
50150.0 50000.0
50000.0 49850.0
49848.9 50000.0
50000.0 50151.1
50151.1 50000.0
50000.0 49848.9
49847.8 50000.0
50000.0 50152.2
50152.2 50000.0
50000.0 49847.8
49846.7 50000.0
50000.0 50153.3
50153.3 50000.0
50000.0 49846.7
49845.6 50000.0
50000.0 50154.4
50154.4 50000.0
50000.0 49845.6
49844.5 50000.0
50000.0 50155.5
50155.5 50000.0
50000.0 49844.5
49843.4 50000.0
50000.0 50156.6
50156.6 50000.0
50000.0 49843.4
49842.3 50000.0
50000.0 50157.7
50157.7 50000.0
50000.0 49842.3
49841.2 50000.0
50000.0 50158.8
50158.8 50000.0
50000.0 49841.2
49840.1 50000.0
50000.0 50159.9
50159.9 50000.0
50000.0 49840.1
49839.0 50000.0
50000.0 50161.0
50161.0 50000.0
50000.0 49839.0
49837.9 50000.0
50000.0 50162.1
50162.1 50000.0
50000.0 49837.9
49836.8 50000.0
50000.0 50163.2
50163.2 50000.0
50000.0 49836.8
49835.7 50000.0
50000.0 50164.3
50164.3 50000.0
50000.0 49835.7
49834.6 50000.0
50000.0 50165.4
50165.4 50000.0
50000.0 49834.6
49833.5 50000.0
50000.0 50166.5
50166.5 50000.0
50000.0 49833.5
49832.4 50000.0
50000.0 50167.6
50167.6 50000.0
50000.0 49832.4
49831.3 50000.0
50000.0 50168.7
50168.7 50000.0
50000.0 49831.3
49830.2 50000.0
50000.0 50169.8
50169.8 50000.0
50000.0 49830.2
49829.1 50000.0
50000.0 50170.9
50170.9 50000.0
50000.0 49829.1
49828.0 50000.0
50000.0 50172.0
50172.0 50000.0
50000.0 49828.0
49826.9 50000.0
50000.0 50173.1
50173.1 50000.0
50000.0 49826.9
49825.8 50000.0
50000.0 50174.2
50174.2 50000.0
50000.0 49825.8
49824.7 50000.0
50000.0 50175.3
50175.3 50000.0
50000.0 49824.7
49823.6 50000.0
50000.0 50176.4
50176.4 50000.0
50000.0 49823.6
49822.5 50000.0
50000.0 50177.5
50177.5 50000.0
50000.0 49822.5
49821.4 50000.0
50000.0 50178.6
50178.6 50000.0
50000.0 49821.4
49820.3 50000.0
50000.0 50179.7
50179.7 50000.0
50000.0 49820.3
49819.2 50000.0
50000.0 50180.8
50180.8 50000.0
50000.0 49819.2
49818.1 50000.0
50000.0 50181.9
50181.9 50000.0
50000.0 49818.1
49817.0 50000.0
50000.0 50183.0
50183.0 50000.0
50000.0 49817.0
49815.9 50000.0
50000.0 50184.1
50184.1 50000.0
50000.0 49815.9
49814.8 50000.0
50000.0 50185.2
50185.2 50000.0
50000.0 49814.8
49813.7 50000.0
50000.0 50186.3
50186.3 50000.0
50000.0 49813.7
49812.6 50000.0
50000.0 50187.4
50187.4 50000.0
50000.0 49812.6
49811.5 50000.0
50000.0 50188.5
50188.5 50000.0
50000.0 49811.5
49810.4 50000.0
50000.0 50189.6
50189.6 50000.0
50000.0 49810.4
49809.3 50000.0
50000.0 50190.7
50190.7 50000.0
50000.0 49809.3
49808.2 50000.0
50000.0 50191.8
50191.8 50000.0
50000.0 49808.2
49807.1 50000.0
50000.0 50192.9
50192.9 50000.0
50000.0 49807.1
49806.0 50000.0
50000.0 50194.0
50194.0 50000.0
50000.0 49806.0
49804.9 50000.0
50000.0 50195.1
50195.1 50000.0
50000.0 49804.9
49803.8 50000.0
50000.0 50196.2
50196.2 50000.0
50000.0 49803.8
49802.7 50000.0
50000.0 50197.3
50197.3 50000.0
50000.0 49802.7
49801.6 50000.0
50000.0 50198.4
50198.4 50000.0
50000.0 49801.6
49800.5 50000.0
50000.0 50199.5
50199.5 50000.0
50000.0 49800.5
49799.4 50000.0
50000.0 50200.6
50200.6 50000.0
50000.0 49799.4
49798.3 50000.0
50000.0 50201.7
50201.7 50000.0
50000.0 49798.3
49797.2 50000.0
50000.0 50202.8
50202.8 50000.0
50000.0 49797.2
49796.1 50000.0
50000.0 50203.9
50203.9 50000.0
50000.0 49796.1
49795.0 50000.0
50000.0 50205.0
50205.0 50000.0
50000.0 49795.0
49793.9 50000.0
50000.0 50206.1
50206.1 50000.0
50000.0 49793.9
49792.8 50000.0
50000.0 50207.2
50207.2 50000.0
50000.0 49792.8
49791.7 50000.0
50000.0 50208.3
50208.3 50000.0
50000.0 49791.7
49790.6 50000.0
50000.0 50209.4
50209.4 50000.0
50000.0 49790.6
49789.5 50000.0
50000.0 50210.5
50210.5 50000.0
50000.0 49789.5
49788.4 50000.0
50000.0 50211.6
50211.6 50000.0
50000.0 49788.4
49787.3 50000.0
50000.0 50212.7
50212.7 50000.0
50000.0 49787.3
49786.2 50000.0
50000.0 50213.8
50213.8 50000.0
50000.0 49786.2
49785.1 50000.0
50000.0 50214.9
50214.9 50000.0
50000.0 49785.1
49784.0 50000.0
50000.0 50216.0
50216.0 50000.0
50000.0 49784.0
49782.9 50000.0
50000.0 50217.1
50217.1 50000.0
50000.0 49782.9
49781.8 50000.0
50000.0 50218.2
50218.2 50000.0
50000.0 49781.8
49780.7 50000.0
50000.0 50219.3
50219.3 50000.0
50000.0 49780.7
49779.6 50000.0
50000.0 50220.4
50220.4 50000.0
50000.0 49779.6
49778.5 50000.0
50000.0 50221.5
50221.5 50000.0
50000.0 49778.5
49777.4 50000.0
50000.0 50222.6
50222.6 50000.0
50000.0 49777.4
49776.3 50000.0
50000.0 50223.7
50223.7 50000.0
50000.0 49776.3
49775.2 50000.0
50000.0 50224.8
50224.8 50000.0
50000.0 49775.2
49774.1 50000.0
50000.0 50225.9
50225.9 50000.0
50000.0 49774.1
49773.0 50000.0
50000.0 50227.0
50227.0 50000.0
50000.0 49773.0
49771.9 50000.0
50000.0 50228.1
50228.1 50000.0
50000.0 49771.9
49770.8 50000.0
50000.0 50229.2
50229.2 50000.0
50000.0 49770.8
49769.7 50000.0
50000.0 50230.3
50230.3 50000.0
50000.0 49769.7
49768.6 50000.0
50000.0 50231.4
50231.4 50000.0
50000.0 49768.6
49767.5 50000.0
50000.0 50232.5
50232.5 50000.0
50000.0 49767.5
49766.4 50000.0
50000.0 50233.6
50233.6 50000.0
50000.0 49766.4
49765.3 50000.0
50000.0 50234.7
50234.7 50000.0
50000.0 49765.3
49764.2 50000.0
50000.0 50235.8
50235.8 50000.0
50000.0 49764.2
49763.1 50000.0
50000.0 50236.9
50236.9 50000.0
50000.0 49763.1
49762.0 50000.0
50000.0 50238.0
50238.0 50000.0
50000.0 49762.0
49760.9 50000.0
50000.0 50239.1
50239.1 50000.0
50000.0 49760.9
49759.8 50000.0
50000.0 50240.2
50240.2 50000.0
50000.0 49759.8
49758.7 50000.0
50000.0 50241.3
50241.3 50000.0
50000.0 49758.7
49757.6 50000.0
50000.0 50242.4
50242.4 50000.0
50000.0 49757.6
49756.5 50000.0
50000.0 50243.5
50243.5 50000.0
50000.0 49756.5
49755.4 50000.0
50000.0 50244.6
50244.6 50000.0
50000.0 49755.4
49754.3 50000.0
50000.0 50245.7
50245.7 50000.0
50000.0 49754.3
49753.2 50000.0
50000.0 50246.8
50246.8 50000.0
50000.0 49753.2
49752.1 50000.0
50000.0 50247.9
50247.9 50000.0
50000.0 49752.1
49751.0 50000.0
50000.0 50249.0
50249.0 50000.0
50000.0 49751.0
49749.9 50000.0
50000.0 50250.1
50250.1 50000.0
50000.0 49749.9
49748.8 50000.0
50000.0 50251.2
50251.2 50000.0
50000.0 49748.8
49747.7 50000.0
50000.0 50252.3
50252.3 50000.0
50000.0 49747.7
49746.6 50000.0
50000.0 50253.4
50253.4 50000.0
50000.0 49746.6
49745.5 50000.0
50000.0 50254.5
50254.5 50000.0
50000.0 49745.5
49744.4 50000.0
50000.0 50255.6
50255.6 50000.0
50000.0 49744.4
49743.3 50000.0
50000.0 50256.7
50256.7 50000.0
50000.0 49743.3
49742.2 50000.0
50000.0 50257.8
50257.8 50000.0
50000.0 49742.2
49741.1 50000.0
50000.0 50258.9
50258.9 50000.0
50000.0 49741.1
49740.0 50000.0
50000.0 50260.0
50260.0 50000.0
50000.0 49740.0
49738.9 50000.0
50000.0 50261.1
50261.1 50000.0
50000.0 49738.9
49737.8 50000.0
50000.0 50262.2
50262.2 50000.0
50000.0 49737.8
49736.7 50000.0
50000.0 50263.3
50263.3 50000.0
50000.0 49736.7
49735.6 50000.0
50000.0 50264.4
50264.4 50000.0
50000.0 49735.6
49734.5 50000.0
50000.0 50265.5
50265.5 50000.0
50000.0 49734.5
49733.4 50000.0
50000.0 50266.6
50266.6 50000.0
50000.0 49733.4
49732.3 50000.0
50000.0 50267.7
50267.7 50000.0
50000.0 49732.3
49731.2 50000.0
50000.0 50268.8
50268.8 50000.0
50000.0 49731.2
49730.1 50000.0
50000.0 50269.9
50269.9 50000.0
50000.0 49730.1
49729.0 50000.0
50000.0 50271.0
50271.0 50000.0
50000.0 49729.0
49727.9 50000.0
50000.0 50272.1
50272.1 50000.0
50000.0 49727.9
49726.8 50000.0
50000.0 50273.2
50273.2 50000.0
50000.0 49726.8
49725.7 50000.0
50000.0 50274.3
50274.3 50000.0
50000.0 49725.7
49724.6 50000.0
50000.0 50275.4
50275.4 50000.0
50000.0 49724.6
49723.5 50000.0
50000.0 50276.5
50276.5 50000.0
50000.0 49723.5
49722.4 50000.0
50000.0 50277.6
50277.6 50000.0
50000.0 49722.4
49721.3 50000.0
50000.0 50278.7
50278.7 50000.0
50000.0 49721.3
49720.2 50000.0
50000.0 50279.8
50279.8 50000.0
50000.0 49720.2
49719.1 50000.0
50000.0 50280.9
50280.9 50000.0
50000.0 49719.1
49718.0 50000.0
50000.0 50282.0
50282.0 50000.0
50000.0 49718.0
49716.9 50000.0
50000.0 50283.1
50283.1 50000.0
50000.0 49716.9
49715.8 50000.0
50000.0 50284.2
50284.2 50000.0
50000.0 49715.8
49714.7 50000.0
50000.0 50285.3
50285.3 50000.0
50000.0 49714.7
49713.6 50000.0
50000.0 50286.4
50286.4 50000.0
50000.0 49713.6
49712.5 50000.0
50000.0 50287.5
50287.5 50000.0
50000.0 49712.5
49711.4 50000.0
50000.0 50288.6
50288.6 50000.0
50000.0 49711.4
49710.3 50000.0
50000.0 50289.7
50289.7 50000.0
50000.0 49710.3
49709.2 50000.0
50000.0 50290.8
50290.8 50000.0
50000.0 49709.2
49708.1 50000.0
50000.0 50291.9
50291.9 50000.0
50000.0 49708.1
49707.0 50000.0
50000.0 50293.0
50293.0 50000.0
50000.0 49707.0
49705.9 50000.0
50000.0 50294.1
50294.1 50000.0
50000.0 49705.9
49704.8 50000.0
50000.0 50295.2
50295.2 50000.0
50000.0 49704.8
49703.7 50000.0
50000.0 50296.3
50296.3 50000.0
50000.0 49703.7
49702.6 50000.0
50000.0 50297.4
50297.4 50000.0
50000.0 49702.6
49701.5 50000.0
50000.0 50298.5
50298.5 50000.0
50000.0 49701.5
49700.4 50000.0
50000.0 50299.6
50299.6 50000.0
50000.0 49700.4
49699.3 50000.0
50000.0 50300.7
50300.7 50000.0
50000.0 49699.3
49698.2 50000.0
50000.0 50301.8
50301.8 50000.0
50000.0 49698.2
49697.1 50000.0
50000.0 50302.9
50302.9 50000.0
50000.0 49697.1
49696.0 50000.0
50000.0 50304.0
50304.0 50000.0
50000.0 49696.0
49694.9 50000.0
50000.0 50305.1
50305.1 50000.0
50000.0 49694.9
49693.8 50000.0
50000.0 50306.2
50306.2 50000.0
50000.0 49693.8
49692.7 50000.0
50000.0 50307.3
50307.3 50000.0
50000.0 49692.7
49691.6 50000.0
50000.0 50308.4
50308.4 50000.0
50000.0 49691.6
49690.5 50000.0
50000.0 50309.5
50309.5 50000.0
50000.0 49690.5
49689.4 50000.0
50000.0 50310.6
50310.6 50000.0
50000.0 49689.4
49688.3 50000.0
50000.0 50311.7
50311.7 50000.0
50000.0 49688.3
49687.2 50000.0
50000.0 50312.8
50312.8 50000.0
50000.0 49687.2
49686.1 50000.0
50000.0 50313.9
50313.9 50000.0
50000.0 49686.1
49685.0 50000.0
50000.0 50315.0
50315.0 50000.0
50000.0 49685.0
49683.9 50000.0
50000.0 50316.1
50316.1 50000.0
50000.0 49683.9
49682.8 50000.0
50000.0 50317.2
50317.2 50000.0
50000.0 49682.8
49681.7 50000.0
50000.0 50318.3
50318.3 50000.0
50000.0 49681.7
49680.6 50000.0
50000.0 50319.4
50319.4 50000.0
50000.0 49680.6
49679.5 50000.0
50000.0 50320.5
50320.5 50000.0
50000.0 49679.5
49678.4 50000.0
50000.0 50321.6
50321.6 50000.0
50000.0 49678.4
49677.3 50000.0
50000.0 50322.7
50322.7 50000.0
50000.0 49677.3
49676.2 50000.0
50000.0 50323.8
50323.8 50000.0
50000.0 49676.2
49675.1 50000.0
50000.0 50324.9
50324.9 50000.0
50000.0 49675.1
49674.0 50000.0
50000.0 50326.0
50326.0 50000.0
50000.0 49674.0
49672.9 50000.0
50000.0 50327.1
50327.1 50000.0
50000.0 49672.9
49671.8 50000.0
50000.0 50328.2
50328.2 50000.0
50000.0 49671.8
49670.7 50000.0
50000.0 50329.3
50329.3 50000.0
50000.0 49670.7
49669.6 50000.0
50000.0 50330.4
50330.4 50000.0
50000.0 49669.6
49668.5 50000.0
50000.0 50331.5
50331.5 50000.0
50000.0 49668.5
49667.4 50000.0
50000.0 50332.6
50332.6 50000.0
50000.0 49667.4
49666.3 50000.0
50000.0 50333.7
50333.7 50000.0
50000.0 49666.3
49665.2 50000.0
50000.0 50334.8
50334.8 50000.0
50000.0 49665.2
49664.1 50000.0
50000.0 50335.9
50335.9 50000.0
50000.0 49664.1
49663.0 50000.0
50000.0 50337.0
50337.0 50000.0
50000.0 49663.0
49661.9 50000.0
50000.0 50338.1
50338.1 50000.0
50000.0 49661.9
49660.8 50000.0
50000.0 50339.2
50339.2 50000.0
50000.0 49660.8
49659.7 50000.0
50000.0 50340.3
50340.3 50000.0
50000.0 49659.7
49658.6 50000.0
50000.0 50341.4
50341.4 50000.0
50000.0 49658.6
49657.5 50000.0
50000.0 50342.5
50342.5 50000.0
50000.0 49657.5
49656.4 50000.0
50000.0 50343.6
50343.6 50000.0
50000.0 49656.4
49655.3 50000.0
50000.0 50344.7
50344.7 50000.0
50000.0 49655.3
49654.2 50000.0
50000.0 50345.8
50345.8 50000.0
50000.0 49654.2
49653.1 50000.0
50000.0 50346.9
50346.9 50000.0
50000.0 49653.1
49652.0 50000.0
50000.0 50348.0
50348.0 50000.0
50000.0 49652.0
49650.9 50000.0
50000.0 50349.1
50349.1 50000.0
50000.0 49650.9
49649.8 50000.0
50000.0 50350.2
50350.2 50000.0
50000.0 49649.8
49648.7 50000.0
50000.0 50351.3
50351.3 50000.0
50000.0 49648.7
49647.6 50000.0
50000.0 50352.4
50352.4 50000.0
50000.0 49647.6
49646.5 50000.0
50000.0 50353.5
50353.5 50000.0
50000.0 49646.5
49645.4 50000.0
50000.0 50354.6
50354.6 50000.0
50000.0 49645.4
49644.3 50000.0
50000.0 50355.7
50355.7 50000.0
50000.0 49644.3
49643.2 50000.0
50000.0 50356.8
50356.8 50000.0
50000.0 49643.2
49642.1 50000.0
50000.0 50357.9
50357.9 50000.0
50000.0 49642.1
49641.0 50000.0
50000.0 50359.0
50359.0 50000.0
50000.0 49641.0
49639.9 50000.0
50000.0 50360.1
50360.1 50000.0
50000.0 49639.9
49638.8 50000.0
50000.0 50361.2
50361.2 50000.0
50000.0 49638.8
49637.7 50000.0
50000.0 50362.3
50362.3 50000.0
50000.0 49637.7
49636.6 50000.0
50000.0 50363.4
50363.4 50000.0
50000.0 49636.6
49635.5 50000.0
50000.0 50364.5
50364.5 50000.0
50000.0 49635.5
49634.4 50000.0
50000.0 50365.6
50365.6 50000.0
50000.0 49634.4
49633.3 50000.0
50000.0 50366.7
50366.7 50000.0
50000.0 49633.3
49632.2 50000.0
50000.0 50367.8
50367.8 50000.0
50000.0 49632.2
49631.1 50000.0
50000.0 50368.9
50368.9 50000.0
50000.0 49631.1
49630.0 50000.0
50000.0 50370.0
50370.0 50000.0
50000.0 49630.0
49628.9 50000.0
50000.0 50371.1
50371.1 50000.0
50000.0 49628.9
49627.8 50000.0
50000.0 50372.2
50372.2 50000.0
50000.0 49627.8
49626.7 50000.0
50000.0 50373.3
50373.3 50000.0
50000.0 49626.7
49625.6 50000.0
50000.0 50374.4
50374.4 50000.0
50000.0 49625.6
49624.5 50000.0
50000.0 50375.5
50375.5 50000.0
50000.0 49624.5
49623.4 50000.0
50000.0 50376.6
50376.6 50000.0
50000.0 49623.4
49622.3 50000.0
50000.0 50377.7
50377.7 50000.0
50000.0 49622.3
49621.2 50000.0
50000.0 50378.8
50378.8 50000.0
50000.0 49621.2
49620.1 50000.0
50000.0 50379.9
50379.9 50000.0
50000.0 49620.1
49619.0 50000.0
50000.0 50381.0
50381.0 50000.0
50000.0 49619.0
49617.9 50000.0
50000.0 50382.1
50382.1 50000.0
50000.0 49617.9
49616.8 50000.0
50000.0 50383.2
50383.2 50000.0
50000.0 49616.8
49615.7 50000.0
50000.0 50384.3
50384.3 50000.0
50000.0 49615.7
49614.6 50000.0
50000.0 50385.4
50385.4 50000.0
50000.0 49614.6
49613.5 50000.0
50000.0 50386.5
50386.5 50000.0
50000.0 49613.5
49612.4 50000.0
50000.0 50387.6
50387.6 50000.0
50000.0 49612.4
49611.3 50000.0
50000.0 50388.7
50388.7 50000.0
50000.0 49611.3
49610.2 50000.0
50000.0 50389.8
50389.8 50000.0
50000.0 49610.2
49609.1 50000.0
50000.0 50390.9
50390.9 50000.0
50000.0 49609.1
49608.0 50000.0
50000.0 50392.0
50392.0 50000.0
50000.0 49608.0
49606.9 50000.0
50000.0 50393.1
50393.1 50000.0
50000.0 49606.9
49605.8 50000.0
50000.0 50394.2
50394.2 50000.0
50000.0 49605.8
49604.7 50000.0
50000.0 50395.3
50395.3 50000.0
50000.0 49604.7
49603.6 50000.0
50000.0 50396.4
50396.4 50000.0
50000.0 49603.6
49602.5 50000.0
50000.0 50397.5
50397.5 50000.0
50000.0 49602.5
49601.4 50000.0
50000.0 50398.6
50398.6 50000.0
50000.0 49601.4
49600.3 50000.0
50000.0 50399.7
50399.7 50000.0
50000.0 49600.3
49599.2 50000.0
50000.0 50400.8
50400.8 50000.0
50000.0 49599.2
49598.1 50000.0
50000.0 50401.9
50401.9 50000.0
50000.0 49598.1
49597.0 50000.0
50000.0 50403.0
50403.0 50000.0
50000.0 49597.0
49595.9 50000.0
50000.0 50404.1
50404.1 50000.0
50000.0 49595.9
49594.8 50000.0
50000.0 50405.2
50405.2 50000.0
50000.0 49594.8
49593.7 50000.0
50000.0 50406.3
50406.3 50000.0
50000.0 49593.7
49592.6 50000.0
50000.0 50407.4
50407.4 50000.0
50000.0 49592.6
49591.5 50000.0
50000.0 50408.5
50408.5 50000.0
50000.0 49591.5
49590.4 50000.0
50000.0 50409.6
50409.6 50000.0
50000.0 49590.4
49589.3 50000.0
50000.0 50410.7
50410.7 50000.0
50000.0 49589.3
49588.2 50000.0
50000.0 50411.8
50411.8 50000.0
50000.0 49588.2
49587.1 50000.0
50000.0 50412.9
50412.9 50000.0
50000.0 49587.1
49586.0 50000.0
50000.0 50414.0
50414.0 50000.0
50000.0 49586.0
49584.9 50000.0
50000.0 50415.1
50415.1 50000.0
50000.0 49584.9
49583.8 50000.0
50000.0 50416.2
50416.2 50000.0
50000.0 49583.8
49582.7 50000.0
50000.0 50417.3
50417.3 50000.0
50000.0 49582.7
49581.6 50000.0
50000.0 50418.4
50418.4 50000.0
50000.0 49581.6
49580.5 50000.0
50000.0 50419.5
50419.5 50000.0
50000.0 49580.5
49579.4 50000.0
50000.0 50420.6
50420.6 50000.0
50000.0 49579.4
49578.3 50000.0
50000.0 50421.7
50421.7 50000.0
50000.0 49578.3
49577.2 50000.0
50000.0 50422.8
50422.8 50000.0
50000.0 49577.2
49576.1 50000.0
50000.0 50423.9
50423.9 50000.0
50000.0 49576.1
49575.0 50000.0
50000.0 50425.0
50425.0 50000.0
50000.0 49575.0
49573.9 50000.0
50000.0 50426.1
50426.1 50000.0
50000.0 49573.9
49572.8 50000.0
50000.0 50427.2
50427.2 50000.0
50000.0 49572.8
49571.7 50000.0
50000.0 50428.3
50428.3 50000.0
50000.0 49571.7
49570.6 50000.0
50000.0 50429.4
50429.4 50000.0
50000.0 49570.6
49569.5 50000.0
50000.0 50430.5
50430.5 50000.0
50000.0 49569.5
49568.4 50000.0
50000.0 50431.6
50431.6 50000.0
50000.0 49568.4
49567.3 50000.0
50000.0 50432.7
50432.7 50000.0
50000.0 49567.3
49566.2 50000.0
50000.0 50433.8
50433.8 50000.0
50000.0 49566.2
49565.1 50000.0
50000.0 50434.9
50434.9 50000.0
50000.0 49565.1
49564.0 50000.0
50000.0 50436.0
50436.0 50000.0
50000.0 49564.0
49562.9 50000.0
50000.0 50437.1
50437.1 50000.0
50000.0 49562.9
49561.8 50000.0
50000.0 50438.2
50438.2 50000.0
50000.0 49561.8
49560.7 50000.0
50000.0 50439.3
50439.3 50000.0
50000.0 49560.7
49559.6 50000.0
50000.0 50440.4
50440.4 50000.0
50000.0 49559.6
49558.5 50000.0
50000.0 50441.5
50441.5 50000.0
50000.0 49558.5
49557.4 50000.0
50000.0 50442.6
50442.6 50000.0
50000.0 49557.4
49556.3 50000.0
50000.0 50443.7
50443.7 50000.0
50000.0 49556.3
49555.2 50000.0
50000.0 50444.8
50444.8 50000.0
50000.0 49555.2
49554.1 50000.0
50000.0 50445.9
50445.9 50000.0
50000.0 49554.1
49553.0 50000.0
50000.0 50447.0
50447.0 50000.0
50000.0 49553.0
49551.9 50000.0
50000.0 50448.1
50448.1 50000.0
50000.0 49551.9
49550.8 50000.0
50000.0 50449.2
50449.2 50000.0
50000.0 49550.8
49549.7 50000.0
50000.0 50450.3
50450.3 50000.0
50000.0 49549.7
49548.6 50000.0
50000.0 50451.4
50451.4 50000.0
50000.0 49548.6
49547.5 50000.0
50000.0 50452.5
50452.5 50000.0
50000.0 49547.5
49546.4 50000.0
50000.0 50453.6
50453.6 50000.0
50000.0 49546.4
49545.3 50000.0
50000.0 50454.7
50454.7 50000.0
50000.0 49545.3
49544.2 50000.0
50000.0 50455.8
50455.8 50000.0
50000.0 49544.2
49543.1 50000.0
50000.0 50456.9
50456.9 50000.0
50000.0 49543.1
49542.0 50000.0
50000.0 50458.0
50458.0 50000.0
50000.0 49542.0
49540.9 50000.0
50000.0 50459.1
50459.1 50000.0
50000.0 49540.9
49539.8 50000.0
50000.0 50460.2
50460.2 50000.0
50000.0 49539.8
49538.7 50000.0
50000.0 50461.3
50461.3 50000.0
50000.0 49538.7
49537.6 50000.0
50000.0 50462.4
50462.4 50000.0
50000.0 49537.6
49536.5 50000.0
50000.0 50463.5
50463.5 50000.0
50000.0 49536.5
49535.4 50000.0
50000.0 50464.6
50464.6 50000.0
50000.0 49535.4
49534.3 50000.0
50000.0 50465.7
50465.7 50000.0
50000.0 49534.3
49533.2 50000.0
50000.0 50466.8
50466.8 50000.0
50000.0 49533.2
49532.1 50000.0
50000.0 50467.9
50467.9 50000.0
50000.0 49532.1
49531.0 50000.0
50000.0 50469.0
50469.0 50000.0
50000.0 49531.0
49529.9 50000.0
50000.0 50470.1
50470.1 50000.0
50000.0 49529.9
49528.8 50000.0
50000.0 50471.2
50471.2 50000.0
50000.0 49528.8
49527.7 50000.0
50000.0 50472.3
50472.3 50000.0
50000.0 49527.7
49526.6 50000.0
50000.0 50473.4
50473.4 50000.0
50000.0 49526.6
49525.5 50000.0
50000.0 50474.5
50474.5 50000.0
50000.0 49525.5
49524.4 50000.0
50000.0 50475.6
50475.6 50000.0
50000.0 49524.4
49523.3 50000.0
50000.0 50476.7
50476.7 50000.0
50000.0 49523.3
49522.2 50000.0
50000.0 50477.8
50477.8 50000.0
50000.0 49522.2
49521.1 50000.0
50000.0 50478.9
50478.9 50000.0
50000.0 49521.1
49520.0 50000.0
50000.0 50480.0
50480.0 50000.0
50000.0 49520.0
49518.9 50000.0
50000.0 50481.1
50481.1 50000.0
50000.0 49518.9
49517.8 50000.0
50000.0 50482.2
50482.2 50000.0
50000.0 49517.8
49516.7 50000.0
50000.0 50483.3
50483.3 50000.0
50000.0 49516.7
49515.6 50000.0
50000.0 50484.4
50484.4 50000.0
50000.0 49515.6
49514.5 50000.0
50000.0 50485.5
50485.5 50000.0
50000.0 49514.5
49513.4 50000.0
50000.0 50486.6
50486.6 50000.0
50000.0 49513.4
49512.3 50000.0
50000.0 50487.7
50487.7 50000.0
50000.0 49512.3
49511.2 50000.0
50000.0 50488.8
50488.8 50000.0
50000.0 49511.2
49510.1 50000.0
50000.0 50489.9
50489.9 50000.0
50000.0 49510.1
49509.0 50000.0
50000.0 50491.0
50491.0 50000.0
50000.0 49509.0
49507.9 50000.0
50000.0 50492.1
50492.1 50000.0
50000.0 49507.9
49506.8 50000.0
50000.0 50493.2
50493.2 50000.0
50000.0 49506.8
49505.7 50000.0
50000.0 50494.3
50494.3 50000.0
50000.0 49505.7
49504.6 50000.0
50000.0 50495.4
50495.4 50000.0
50000.0 49504.6
49503.5 50000.0
50000.0 50496.5
50496.5 50000.0
50000.0 49503.5
49502.4 50000.0
50000.0 50497.6
50497.6 50000.0
50000.0 49502.4
49501.3 50000.0
50000.0 50498.7
50498.7 50000.0
50000.0 49501.3
49500.2 50000.0
50000.0 50499.8
50499.8 50000.0
50000.0 49500.2
49499.1 50000.0
50000.0 50500.9
50500.9 50000.0
50000.0 49499.1
49498.0 50000.0
50000.0 50502.0
50502.0 50000.0
50000.0 49498.0
49496.9 50000.0
50000.0 50503.1
50503.1 50000.0
50000.0 49496.9
49495.8 50000.0
50000.0 50504.2
50504.2 50000.0
50000.0 49495.8
49494.7 50000.0
50000.0 50505.3
50505.3 50000.0
50000.0 49494.7
49493.6 50000.0
50000.0 50506.4
50506.4 50000.0
50000.0 49493.6
49492.5 50000.0
50000.0 50507.5
50507.5 50000.0
50000.0 49492.5
49491.4 50000.0
50000.0 50508.6
50508.6 50000.0
50000.0 49491.4
49490.3 50000.0
50000.0 50509.7
50509.7 50000.0
50000.0 49490.3
49489.2 50000.0
50000.0 50510.8
50510.8 50000.0
50000.0 49489.2
49488.1 50000.0
50000.0 50511.9
50511.9 50000.0
50000.0 49488.1
49487.0 50000.0
50000.0 50513.0
50513.0 50000.0
50000.0 49487.0
49485.9 50000.0
50000.0 50514.1
50514.1 50000.0
50000.0 49485.9
49484.8 50000.0
50000.0 50515.2
50515.2 50000.0
50000.0 49484.8
49483.7 50000.0
50000.0 50516.3
50516.3 50000.0
50000.0 49483.7
49482.6 50000.0
50000.0 50517.4
50517.4 50000.0
50000.0 49482.6
49481.5 50000.0
50000.0 50518.5
50518.5 50000.0
50000.0 49481.5
49480.4 50000.0
50000.0 50519.6
50519.6 50000.0
50000.0 49480.4
49479.3 50000.0
50000.0 50520.7
50520.7 50000.0
50000.0 49479.3
49478.2 50000.0
50000.0 50521.8
50521.8 50000.0
50000.0 49478.2
49477.1 50000.0
50000.0 50522.9
50522.9 50000.0
50000.0 49477.1
49476.0 50000.0
50000.0 50524.0
50524.0 50000.0
50000.0 49476.0
49474.9 50000.0
50000.0 50525.1
50525.1 50000.0
50000.0 49474.9
49473.8 50000.0
50000.0 50526.2
50526.2 50000.0
50000.0 49473.8
49472.7 50000.0
50000.0 50527.3
50527.3 50000.0
50000.0 49472.7
49471.6 50000.0
50000.0 50528.4
50528.4 50000.0
50000.0 49471.6
49470.5 50000.0
50000.0 50529.5
50529.5 50000.0
50000.0 49470.5
49469.4 50000.0
50000.0 50530.6
50530.6 50000.0
50000.0 49469.4
49468.3 50000.0
50000.0 50531.7
50531.7 50000.0
50000.0 49468.3
49467.2 50000.0
50000.0 50532.8
50532.8 50000.0
50000.0 49467.2
49466.1 50000.0
50000.0 50533.9
50533.9 50000.0
50000.0 49466.1
49465.0 50000.0
50000.0 50535.0
50535.0 50000.0
50000.0 49465.0
49463.9 50000.0
50000.0 50536.1
50536.1 50000.0
50000.0 49463.9
49462.8 50000.0
50000.0 50537.2
50537.2 50000.0
50000.0 49462.8
49461.7 50000.0
50000.0 50538.3
50538.3 50000.0
50000.0 49461.7
49460.6 50000.0
50000.0 50539.4
50539.4 50000.0
50000.0 49460.6
49459.5 50000.0
50000.0 50540.5
50540.5 50000.0
50000.0 49459.5
49458.4 50000.0
50000.0 50541.6
50541.6 50000.0
50000.0 49458.4
49457.3 50000.0
50000.0 50542.7
50542.7 50000.0
50000.0 49457.3
49456.2 50000.0
50000.0 50543.8
50543.8 50000.0
50000.0 49456.2
49455.1 50000.0
50000.0 50544.9
50544.9 50000.0
50000.0 49455.1
49454.0 50000.0
50000.0 50546.0
50546.0 50000.0
50000.0 49454.0
49452.9 50000.0
50000.0 50547.1
50547.1 50000.0
50000.0 49452.9
49451.8 50000.0
50000.0 50548.2
50548.2 50000.0
50000.0 49451.8
49450.7 50000.0
50000.0 50549.3
50549.3 50000.0
50000.0 49450.7
49449.6 50000.0
50000.0 50550.4
50550.4 50000.0
50000.0 49449.6
49448.5 50000.0
50000.0 50551.5
50551.5 50000.0
50000.0 49448.5
49447.4 50000.0
50000.0 50552.6
50552.6 50000.0
50000.0 49447.4
49446.3 50000.0
50000.0 50553.7
50553.7 50000.0
50000.0 49446.3
49445.2 50000.0
50000.0 50554.8
50554.8 50000.0
50000.0 49445.2
49444.1 50000.0
50000.0 50555.9
50555.9 50000.0
50000.0 49444.1
49443.0 50000.0
50000.0 50557.0
50557.0 50000.0
50000.0 49443.0
49441.9 50000.0
50000.0 50558.1
50558.1 50000.0
50000.0 49441.9
49440.8 50000.0
50000.0 50559.2
50559.2 50000.0
50000.0 49440.8
49439.7 50000.0
50000.0 50560.3
50560.3 50000.0
50000.0 49439.7
49438.6 50000.0
50000.0 50561.4
50561.4 50000.0
50000.0 49438.6
49437.5 50000.0
50000.0 50562.5
50562.5 50000.0
50000.0 49437.5
49436.4 50000.0
50000.0 50563.6
50563.6 50000.0
50000.0 49436.4
49435.3 50000.0
50000.0 50564.7
50564.7 50000.0
50000.0 49435.3
49434.2 50000.0
50000.0 50565.8
50565.8 50000.0
50000.0 49434.2
49433.1 50000.0
50000.0 50566.9
50566.9 50000.0
50000.0 49433.1
49432.0 50000.0
50000.0 50568.0
50568.0 50000.0
50000.0 49432.0
49430.9 50000.0
50000.0 50569.1
50569.1 50000.0
50000.0 49430.9
49429.8 50000.0
50000.0 50570.2
50570.2 50000.0
50000.0 49429.8
49428.7 50000.0
50000.0 50571.3
50571.3 50000.0
50000.0 49428.7
49427.6 50000.0
50000.0 50572.4
50572.4 50000.0
50000.0 49427.6
49426.5 50000.0
50000.0 50573.5
50573.5 50000.0
50000.0 49426.5
49425.4 50000.0
50000.0 50574.6
50574.6 50000.0
50000.0 49425.4
49424.3 50000.0
50000.0 50575.7
50575.7 50000.0
50000.0 49424.3
49423.2 50000.0
50000.0 50576.8
50576.8 50000.0
50000.0 49423.2
49422.1 50000.0
50000.0 50577.9
50577.9 50000.0
50000.0 49422.1
49421.0 50000.0
50000.0 50579.0
50579.0 50000.0
50000.0 49421.0
49419.9 50000.0
50000.0 50580.1
50580.1 50000.0
50000.0 49419.9
49418.8 50000.0
50000.0 50581.2
50581.2 50000.0
50000.0 49418.8
49417.7 50000.0
50000.0 50582.3
50582.3 50000.0
50000.0 49417.7
49416.6 50000.0
50000.0 50583.4
50583.4 50000.0
50000.0 49416.6
49415.5 50000.0
50000.0 50584.5
50584.5 50000.0
50000.0 49415.5
49414.4 50000.0
50000.0 50585.6
50585.6 50000.0
50000.0 49414.4
49413.3 50000.0
50000.0 50586.7
50586.7 50000.0
50000.0 49413.3
49412.2 50000.0
50000.0 50587.8
50587.8 50000.0
50000.0 49412.2
49411.1 50000.0
50000.0 50588.9
50588.9 50000.0
50000.0 49411.1
49410.0 50000.0
50000.0 50590.0
50590.0 50000.0
50000.0 49410.0
49408.9 50000.0
50000.0 50591.1
50591.1 50000.0
50000.0 49408.9
49407.8 50000.0
50000.0 50592.2
50592.2 50000.0
50000.0 49407.8
49406.7 50000.0
50000.0 50593.3
50593.3 50000.0
50000.0 49406.7
49405.6 50000.0
50000.0 50594.4
50594.4 50000.0
50000.0 49405.6
49404.5 50000.0
50000.0 50595.5
50595.5 50000.0
50000.0 49404.5
49403.4 50000.0
50000.0 50596.6
50596.6 50000.0
50000.0 49403.4
49402.3 50000.0
50000.0 50597.7
50597.7 50000.0
50000.0 49402.3
49401.2 50000.0
50000.0 50598.8
50598.8 50000.0
50000.0 49401.2
49400.1 50000.0
50000.0 50599.9
50599.9 50000.0
50000.0 49400.1
49399.0 50000.0
50000.0 50601.0
50601.0 50000.0
50000.0 49399.0
49397.9 50000.0
50000.0 50602.1
50602.1 50000.0
50000.0 49397.9
49396.8 50000.0
50000.0 50603.2
50603.2 50000.0
50000.0 49396.8
49395.7 50000.0
50000.0 50604.3
50604.3 50000.0
50000.0 49395.7
49394.6 50000.0
50000.0 50605.4
50605.4 50000.0
50000.0 49394.6
49393.5 50000.0
50000.0 50606.5
50606.5 50000.0
50000.0 49393.5
49392.4 50000.0
50000.0 50607.6
50607.6 50000.0
50000.0 49392.4
49391.3 50000.0
50000.0 50608.7
50608.7 50000.0
50000.0 49391.3
49390.2 50000.0
50000.0 50609.8
50609.8 50000.0
50000.0 49390.2
49389.1 50000.0
50000.0 50610.9
50610.9 50000.0
50000.0 49389.1
49388.0 50000.0
50000.0 50612.0
50612.0 50000.0
50000.0 49388.0
49386.9 50000.0
50000.0 50613.1
50613.1 50000.0
50000.0 49386.9
49385.8 50000.0
50000.0 50614.2
50614.2 50000.0
50000.0 49385.8
49384.7 50000.0
50000.0 50615.3
50615.3 50000.0
50000.0 49384.7
49383.6 50000.0
50000.0 50616.4
50616.4 50000.0
50000.0 49383.6
49382.5 50000.0
50000.0 50617.5
50617.5 50000.0
50000.0 49382.5
49381.4 50000.0
50000.0 50618.6
50618.6 50000.0
50000.0 49381.4
49380.3 50000.0
50000.0 50619.7
50619.7 50000.0
50000.0 49380.3
49379.2 50000.0
50000.0 50620.8
50620.8 50000.0
50000.0 49379.2
49378.1 50000.0
50000.0 50621.9
50621.9 50000.0
50000.0 49378.1
49377.0 50000.0
50000.0 50623.0
50623.0 50000.0
50000.0 49377.0
49375.9 50000.0
50000.0 50624.1
50624.1 50000.0
50000.0 49375.9
49374.8 50000.0
50000.0 50625.2
50625.2 50000.0
50000.0 49374.8
49373.7 50000.0
50000.0 50626.3
50626.3 50000.0
50000.0 49373.7
49372.6 50000.0
50000.0 50627.4
50627.4 50000.0
50000.0 49372.6
49371.5 50000.0
50000.0 50628.5
50628.5 50000.0
50000.0 49371.5
49370.4 50000.0
50000.0 50629.6
50629.6 50000.0
50000.0 49370.4
49369.3 50000.0
50000.0 50630.7
50630.7 50000.0
50000.0 49369.3
49368.2 50000.0
50000.0 50631.8
50631.8 50000.0
50000.0 49368.2
49367.1 50000.0
50000.0 50632.9
50632.9 50000.0
50000.0 49367.1
49366.0 50000.0
50000.0 50634.0
50634.0 50000.0
50000.0 49366.0
49364.9 50000.0
50000.0 50635.1
50635.1 50000.0
50000.0 49364.9
49363.8 50000.0
50000.0 50636.2
50636.2 50000.0
50000.0 49363.8
49362.7 50000.0
50000.0 50637.3
50637.3 50000.0
50000.0 49362.7
49361.6 50000.0
50000.0 50638.4
50638.4 50000.0
50000.0 49361.6
49360.5 50000.0
50000.0 50639.5
50639.5 50000.0
50000.0 49360.5
49359.4 50000.0
50000.0 50640.6
50640.6 50000.0
50000.0 49359.4
49358.3 50000.0
50000.0 50641.7
50641.7 50000.0
50000.0 49358.3
49357.2 50000.0
50000.0 50642.8
50642.8 50000.0
50000.0 49357.2
49356.1 50000.0
50000.0 50643.9
50643.9 50000.0
50000.0 49356.1
49355.0 50000.0
50000.0 50645.0
50645.0 50000.0
50000.0 49355.0
49353.9 50000.0
50000.0 50646.1
50646.1 50000.0
50000.0 49353.9
49352.8 50000.0
50000.0 50647.2
50647.2 50000.0
50000.0 49352.8
49351.7 50000.0
50000.0 50648.3
50648.3 50000.0
50000.0 49351.7
49350.6 50000.0
50000.0 50649.4
50649.4 50000.0
50000.0 49350.6
49349.5 50000.0
50000.0 50650.5
50650.5 50000.0
50000.0 49349.5
49348.4 50000.0
50000.0 50651.6
50651.6 50000.0
50000.0 49348.4
49347.3 50000.0
50000.0 50652.7
50652.7 50000.0
50000.0 49347.3
49346.2 50000.0
50000.0 50653.8
50653.8 50000.0
50000.0 49346.2
49345.1 50000.0
50000.0 50654.9
50654.9 50000.0
50000.0 49345.1
49344.0 50000.0
50000.0 50656.0
50656.0 50000.0
50000.0 49344.0
49342.9 50000.0
50000.0 50657.1
50657.1 50000.0
50000.0 49342.9
49341.8 50000.0
50000.0 50658.2
50658.2 50000.0
50000.0 49341.8
49340.7 50000.0
50000.0 50659.3
50659.3 50000.0
50000.0 49340.7
49339.6 50000.0
50000.0 50660.4
50660.4 50000.0
50000.0 49339.6
49338.5 50000.0
50000.0 50661.5
50661.5 50000.0
50000.0 49338.5
49337.4 50000.0
50000.0 50662.6
50662.6 50000.0
50000.0 49337.4
49336.3 50000.0
50000.0 50663.7
50663.7 50000.0
50000.0 49336.3
49335.2 50000.0
50000.0 50664.8
50664.8 50000.0
50000.0 49335.2
49334.1 50000.0
50000.0 50665.9
50665.9 50000.0
50000.0 49334.1
49333.0 50000.0
50000.0 50667.0
50667.0 50000.0
50000.0 49333.0
49331.9 50000.0
50000.0 50668.1
50668.1 50000.0
50000.0 49331.9
49330.8 50000.0
50000.0 50669.2
50669.2 50000.0
50000.0 49330.8
49329.7 50000.0
50000.0 50670.3
50670.3 50000.0
50000.0 49329.7
49328.6 50000.0
50000.0 50671.4
50671.4 50000.0
50000.0 49328.6
49327.5 50000.0
50000.0 50672.5
50672.5 50000.0
50000.0 49327.5
49326.4 50000.0
50000.0 50673.6
50673.6 50000.0
50000.0 49326.4
49325.3 50000.0
50000.0 50674.7
50674.7 50000.0
50000.0 49325.3
49324.2 50000.0
50000.0 50675.8
50675.8 50000.0
50000.0 49324.2
49323.1 50000.0
50000.0 50676.9
50676.9 50000.0
50000.0 49323.1
49322.0 50000.0
50000.0 50678.0
50678.0 50000.0
50000.0 49322.0
49320.9 50000.0
50000.0 50679.1
50679.1 50000.0
50000.0 49320.9
49319.8 50000.0
50000.0 50680.2
50680.2 50000.0
50000.0 49319.8
49318.7 50000.0
50000.0 50681.3
50681.3 50000.0
50000.0 49318.7
49317.6 50000.0
50000.0 50682.4
50682.4 50000.0
50000.0 49317.6
49316.5 50000.0
50000.0 50683.5
50683.5 50000.0
50000.0 49316.5
49315.4 50000.0
50000.0 50684.6
50684.6 50000.0
50000.0 49315.4
49314.3 50000.0
50000.0 50685.7
50685.7 50000.0
50000.0 49314.3
49313.2 50000.0
50000.0 50686.8
50686.8 50000.0
50000.0 49313.2
49312.1 50000.0
50000.0 50687.9
50687.9 50000.0
50000.0 49312.1
49311.0 50000.0
50000.0 50689.0
50689.0 50000.0
50000.0 49311.0
49309.9 50000.0
50000.0 50690.1
50690.1 50000.0
50000.0 49309.9
49308.8 50000.0
50000.0 50691.2
50691.2 50000.0
50000.0 49308.8
49307.7 50000.0
50000.0 50692.3
50692.3 50000.0
50000.0 49307.7
49306.6 50000.0
50000.0 50693.4
50693.4 50000.0
50000.0 49306.6
49305.5 50000.0
50000.0 50694.5
50694.5 50000.0
50000.0 49305.5
49304.4 50000.0
50000.0 50695.6
50695.6 50000.0
50000.0 49304.4
49303.3 50000.0
50000.0 50696.7
50696.7 50000.0
50000.0 49303.3
49302.2 50000.0
50000.0 50697.8
50697.8 50000.0
50000.0 49302.2
49301.1 50000.0
50000.0 50698.9
50698.9 50000.0
50000.0 49301.1
49300.0 50000.0
50000.0 50700.0
50700.0 50000.0
50000.0 49300.0
49298.9 50000.0
50000.0 50701.1
50701.1 50000.0
50000.0 49298.9
49297.8 50000.0
50000.0 50702.2
50702.2 50000.0
50000.0 49297.8
49296.7 50000.0
50000.0 50703.3
50703.3 50000.0
50000.0 49296.7
49295.6 50000.0
50000.0 50704.4
50704.4 50000.0
50000.0 49295.6
49294.5 50000.0
50000.0 50705.5
50705.5 50000.0
50000.0 49294.5
49293.4 50000.0
50000.0 50706.6
50706.6 50000.0
50000.0 49293.4
49292.3 50000.0
50000.0 50707.7
50707.7 50000.0
50000.0 49292.3
49291.2 50000.0
50000.0 50708.8
50708.8 50000.0
50000.0 49291.2
49290.1 50000.0
50000.0 50709.9
50709.9 50000.0
50000.0 49290.1
49289.0 50000.0
50000.0 50711.0
50711.0 50000.0
50000.0 49289.0
49287.9 50000.0
50000.0 50712.1
50712.1 50000.0
50000.0 49287.9
49286.8 50000.0
50000.0 50713.2
50713.2 50000.0
50000.0 49286.8
49285.7 50000.0
50000.0 50714.3
50714.3 50000.0
50000.0 49285.7
49284.6 50000.0
50000.0 50715.4
50715.4 50000.0
50000.0 49284.6
49283.5 50000.0
50000.0 50716.5
50716.5 50000.0
50000.0 49283.5
49282.4 50000.0
50000.0 50717.6
50717.6 50000.0
50000.0 49282.4
49281.3 50000.0
50000.0 50718.7
50718.7 50000.0
50000.0 49281.3
49280.2 50000.0
50000.0 50719.8
50719.8 50000.0
50000.0 49280.2
49279.1 50000.0
50000.0 50720.9
50720.9 50000.0
50000.0 49279.1
49278.0 50000.0
50000.0 50722.0
50722.0 50000.0
50000.0 49278.0
49276.9 50000.0
50000.0 50723.1
50723.1 50000.0
50000.0 49276.9
49275.8 50000.0
50000.0 50724.2
50724.2 50000.0
50000.0 49275.8
49274.7 50000.0
50000.0 50725.3
50725.3 50000.0
50000.0 49274.7
49273.6 50000.0
50000.0 50726.4
50726.4 50000.0
50000.0 49273.6
49272.5 50000.0
50000.0 50727.5
50727.5 50000.0
50000.0 49272.5
49271.4 50000.0
50000.0 50728.6
50728.6 50000.0
50000.0 49271.4
49270.3 50000.0
50000.0 50729.7
50729.7 50000.0
50000.0 49270.3
49269.2 50000.0
50000.0 50730.8
50730.8 50000.0
50000.0 49269.2
49268.1 50000.0
50000.0 50731.9
50731.9 50000.0
50000.0 49268.1
49267.0 50000.0
50000.0 50733.0
50733.0 50000.0
50000.0 49267.0
49265.9 50000.0
50000.0 50734.1
50734.1 50000.0
50000.0 49265.9
49264.8 50000.0
50000.0 50735.2
50735.2 50000.0
50000.0 49264.8
49263.7 50000.0
50000.0 50736.3
50736.3 50000.0
50000.0 49263.7
49262.6 50000.0
50000.0 50737.4
50737.4 50000.0
50000.0 49262.6
49261.5 50000.0
50000.0 50738.5
50738.5 50000.0
50000.0 49261.5
49260.4 50000.0
50000.0 50739.6
50739.6 50000.0
50000.0 49260.4
49259.3 50000.0
50000.0 50740.7
50740.7 50000.0
50000.0 49259.3
49258.2 50000.0
50000.0 50741.8
50741.8 50000.0
50000.0 49258.2
49257.1 50000.0
50000.0 50742.9
50742.9 50000.0
50000.0 49257.1
49256.0 50000.0
50000.0 50744.0
50744.0 50000.0
50000.0 49256.0
49254.9 50000.0
50000.0 50745.1
50745.1 50000.0
50000.0 49254.9
49253.8 50000.0
50000.0 50746.2
50746.2 50000.0
50000.0 49253.8
49252.7 50000.0
50000.0 50747.3
50747.3 50000.0
50000.0 49252.7
49251.6 50000.0
50000.0 50748.4
50748.4 50000.0
50000.0 49251.6
49250.5 50000.0
50000.0 50749.5
50749.5 50000.0
50000.0 49250.5
49249.4 50000.0
50000.0 50750.6
50750.6 50000.0
50000.0 49249.4
49248.3 50000.0
50000.0 50751.7
50751.7 50000.0
50000.0 49248.3
49247.2 50000.0
50000.0 50752.8
50752.8 50000.0
50000.0 49247.2
49246.1 50000.0
50000.0 50753.9
50753.9 50000.0
50000.0 49246.1
49245.0 50000.0
50000.0 50755.0
50755.0 50000.0
50000.0 49245.0
49243.9 50000.0
50000.0 50756.1
50756.1 50000.0
50000.0 49243.9
49242.8 50000.0
50000.0 50757.2
50757.2 50000.0
50000.0 49242.8
49241.7 50000.0
50000.0 50758.3
50758.3 50000.0
50000.0 49241.7
49240.6 50000.0
50000.0 50759.4
50759.4 50000.0
50000.0 49240.6
49239.5 50000.0
50000.0 50760.5
50760.5 50000.0
50000.0 49239.5
49238.4 50000.0
50000.0 50761.6
50761.6 50000.0
50000.0 49238.4
49237.3 50000.0
50000.0 50762.7
50762.7 50000.0
50000.0 49237.3
49236.2 50000.0
50000.0 50763.8
50763.8 50000.0
50000.0 49236.2
49235.1 50000.0
50000.0 50764.9
50764.9 50000.0
50000.0 49235.1
49234.0 50000.0
50000.0 50766.0
50766.0 50000.0
50000.0 49234.0
49232.9 50000.0
50000.0 50767.1
50767.1 50000.0
50000.0 49232.9
49231.8 50000.0
50000.0 50768.2
50768.2 50000.0
50000.0 49231.8
49230.7 50000.0
50000.0 50769.3
50769.3 50000.0
50000.0 49230.7
49229.6 50000.0
50000.0 50770.4
50770.4 50000.0
50000.0 49229.6
49228.5 50000.0
50000.0 50771.5
50771.5 50000.0
50000.0 49228.5
49227.4 50000.0
50000.0 50772.6
50772.6 50000.0
50000.0 49227.4
49226.3 50000.0
50000.0 50773.7
50773.7 50000.0
50000.0 49226.3
49225.2 50000.0
50000.0 50774.8
50774.8 50000.0
50000.0 49225.2
49224.1 50000.0
50000.0 50775.9
50775.9 50000.0
50000.0 49224.1
49223.0 50000.0
50000.0 50777.0
50777.0 50000.0
50000.0 49223.0
49221.9 50000.0
50000.0 50778.1
50778.1 50000.0
50000.0 49221.9
49220.8 50000.0
50000.0 50779.2
50779.2 50000.0
50000.0 49220.8
49219.7 50000.0
50000.0 50780.3
50780.3 50000.0
50000.0 49219.7
49218.6 50000.0
50000.0 50781.4
50781.4 50000.0
50000.0 49218.6
49217.5 50000.0
50000.0 50782.5
50782.5 50000.0
50000.0 49217.5
49216.4 50000.0
50000.0 50783.6
50783.6 50000.0
50000.0 49216.4
49215.3 50000.0
50000.0 50784.7
50784.7 50000.0
50000.0 49215.3
49214.2 50000.0
50000.0 50785.8
50785.8 50000.0
50000.0 49214.2
49213.1 50000.0
50000.0 50786.9
50786.9 50000.0
50000.0 49213.1
49212.0 50000.0
50000.0 50788.0
50788.0 50000.0
50000.0 49212.0
49210.9 50000.0
50000.0 50789.1
50789.1 50000.0
50000.0 49210.9
49209.8 50000.0
50000.0 50790.2
50790.2 50000.0
50000.0 49209.8
49208.7 50000.0
50000.0 50791.3
50791.3 50000.0
50000.0 49208.7
49207.6 50000.0
50000.0 50792.4
50792.4 50000.0
50000.0 49207.6
49206.5 50000.0
50000.0 50793.5
50793.5 50000.0
50000.0 49206.5
49205.4 50000.0
50000.0 50794.6
50794.6 50000.0
50000.0 49205.4
49204.3 50000.0
50000.0 50795.7
50795.7 50000.0
50000.0 49204.3
49203.2 50000.0
50000.0 50796.8
50796.8 50000.0
50000.0 49203.2
49202.1 50000.0
50000.0 50797.9
50797.9 50000.0
50000.0 49202.1
49201.0 50000.0
50000.0 50799.0
50799.0 50000.0
50000.0 49201.0
49199.9 50000.0
50000.0 50800.1
50800.1 50000.0
50000.0 49199.9
49198.8 50000.0
50000.0 50801.2
50801.2 50000.0
50000.0 49198.8
49197.7 50000.0
50000.0 50802.3
50802.3 50000.0
50000.0 49197.7
49196.6 50000.0
50000.0 50803.4
50803.4 50000.0
50000.0 49196.6
49195.5 50000.0
50000.0 50804.5
50804.5 50000.0
50000.0 49195.5
49194.4 50000.0
50000.0 50805.6
50805.6 50000.0
50000.0 49194.4
49193.3 50000.0
50000.0 50806.7
50806.7 50000.0
50000.0 49193.3
49192.2 50000.0
50000.0 50807.8
50807.8 50000.0
50000.0 49192.2
49191.1 50000.0
50000.0 50808.9
50808.9 50000.0
50000.0 49191.1
49190.0 50000.0
50000.0 50810.0
50810.0 50000.0
50000.0 49190.0
49188.9 50000.0
50000.0 50811.1
50811.1 50000.0
50000.0 49188.9
49187.8 50000.0
50000.0 50812.2
50812.2 50000.0
50000.0 49187.8
49186.7 50000.0
50000.0 50813.3
50813.3 50000.0
50000.0 49186.7
49185.6 50000.0
50000.0 50814.4
50814.4 50000.0
50000.0 49185.6
49184.5 50000.0
50000.0 50815.5
50815.5 50000.0
50000.0 49184.5
49183.4 50000.0
50000.0 50816.6
50816.6 50000.0
50000.0 49183.4
49182.3 50000.0
50000.0 50817.7
50817.7 50000.0
50000.0 49182.3
49181.2 50000.0
50000.0 50818.8
50818.8 50000.0
50000.0 49181.2
49180.1 50000.0
50000.0 50819.9
50819.9 50000.0
50000.0 49180.1
49179.0 50000.0
50000.0 50821.0
50821.0 50000.0
50000.0 49179.0
49177.9 50000.0
50000.0 50822.1
50822.1 50000.0
50000.0 49177.9
49176.8 50000.0
50000.0 50823.2
50823.2 50000.0
50000.0 49176.8
49175.7 50000.0
50000.0 50824.3
50824.3 50000.0
50000.0 49175.7
49174.6 50000.0
50000.0 50825.4
50825.4 50000.0
50000.0 49174.6
49173.5 50000.0
50000.0 50826.5
50826.5 50000.0
50000.0 49173.5
49172.4 50000.0
50000.0 50827.6
50827.6 50000.0
50000.0 49172.4
49171.3 50000.0
50000.0 50828.7
50828.7 50000.0
50000.0 49171.3
49170.2 50000.0
50000.0 50829.8
50829.8 50000.0
50000.0 49170.2
49169.1 50000.0
50000.0 50830.9
50830.9 50000.0
50000.0 49169.1
49168.0 50000.0
50000.0 50832.0
50832.0 50000.0
50000.0 49168.0
49166.9 50000.0
50000.0 50833.1
50833.1 50000.0
50000.0 49166.9
49165.8 50000.0
50000.0 50834.2
50834.2 50000.0
50000.0 49165.8
49164.7 50000.0
50000.0 50835.3
50835.3 50000.0
50000.0 49164.7
49163.6 50000.0
50000.0 50836.4
50836.4 50000.0
50000.0 49163.6
49162.5 50000.0
50000.0 50837.5
50837.5 50000.0
50000.0 49162.5
49161.4 50000.0
50000.0 50838.6
50838.6 50000.0
50000.0 49161.4
49160.3 50000.0
50000.0 50839.7
50839.7 50000.0
50000.0 49160.3
49159.2 50000.0
50000.0 50840.8
50840.8 50000.0
50000.0 49159.2
49158.1 50000.0
50000.0 50841.9
50841.9 50000.0
50000.0 49158.1
49157.0 50000.0
50000.0 50843.0
50843.0 50000.0
50000.0 49157.0
49155.9 50000.0
50000.0 50844.1
50844.1 50000.0
50000.0 49155.9
49154.8 50000.0
50000.0 50845.2
50845.2 50000.0
50000.0 49154.8
49153.7 50000.0
50000.0 50846.3
50846.3 50000.0
50000.0 49153.7
49152.6 50000.0
50000.0 50847.4
50847.4 50000.0
50000.0 49152.6
49151.5 50000.0
50000.0 50848.5
50848.5 50000.0
50000.0 49151.5
49150.4 50000.0
50000.0 50849.6
50849.6 50000.0
50000.0 49150.4
49149.3 50000.0
50000.0 50850.7
50850.7 50000.0
50000.0 49149.3
49148.2 50000.0
50000.0 50851.8
50851.8 50000.0
50000.0 49148.2
49147.1 50000.0
50000.0 50852.9
50852.9 50000.0
50000.0 49147.1
49146.0 50000.0
50000.0 50854.0
50854.0 50000.0
50000.0 49146.0
49144.9 50000.0
50000.0 50855.1
50855.1 50000.0
50000.0 49144.9
49143.8 50000.0
50000.0 50856.2
50856.2 50000.0
50000.0 49143.8
49142.7 50000.0
50000.0 50857.3
50857.3 50000.0
50000.0 49142.7
49141.6 50000.0
50000.0 50858.4
50858.4 50000.0
50000.0 49141.6
49140.5 50000.0
50000.0 50859.5
50859.5 50000.0
50000.0 49140.5
49139.4 50000.0
50000.0 50860.6
50860.6 50000.0
50000.0 49139.4
49138.3 50000.0
50000.0 50861.7
50861.7 50000.0
50000.0 49138.3
49137.2 50000.0
50000.0 50862.8
50862.8 50000.0
50000.0 49137.2
49136.1 50000.0
50000.0 50863.9
50863.9 50000.0
50000.0 49136.1
49135.0 50000.0
50000.0 50865.0
50865.0 50000.0
50000.0 49135.0
49133.9 50000.0
50000.0 50866.1
50866.1 50000.0
50000.0 49133.9
49132.8 50000.0
50000.0 50867.2
50867.2 50000.0
50000.0 49132.8
49131.7 50000.0
50000.0 50868.3
50868.3 50000.0
50000.0 49131.7
49130.6 50000.0
50000.0 50869.4
50869.4 50000.0
50000.0 49130.6
49129.5 50000.0
50000.0 50870.5
50870.5 50000.0
50000.0 49129.5
49128.4 50000.0
50000.0 50871.6
50871.6 50000.0
50000.0 49128.4
49127.3 50000.0
50000.0 50872.7
50872.7 50000.0
50000.0 49127.3
49126.2 50000.0
50000.0 50873.8
50873.8 50000.0
50000.0 49126.2
49125.1 50000.0
50000.0 50874.9
50874.9 50000.0
50000.0 49125.1
49124.0 50000.0
50000.0 50876.0
50876.0 50000.0
50000.0 49124.0
49122.9 50000.0
50000.0 50877.1
50877.1 50000.0
50000.0 49122.9
49121.8 50000.0
50000.0 50878.2
50878.2 50000.0
50000.0 49121.8
49120.7 50000.0
50000.0 50879.3
50879.3 50000.0
50000.0 49120.7
49119.6 50000.0
50000.0 50880.4
50880.4 50000.0
50000.0 49119.6
49118.5 50000.0
50000.0 50881.5
50881.5 50000.0
50000.0 49118.5
49117.4 50000.0
50000.0 50882.6
50882.6 50000.0
50000.0 49117.4
49116.3 50000.0
50000.0 50883.7
50883.7 50000.0
50000.0 49116.3
49115.2 50000.0
50000.0 50884.8
50884.8 50000.0
50000.0 49115.2
49114.1 50000.0
50000.0 50885.9
50885.9 50000.0
50000.0 49114.1
49113.0 50000.0
50000.0 50887.0
50887.0 50000.0
50000.0 49113.0
49111.9 50000.0
50000.0 50888.1
50888.1 50000.0
50000.0 49111.9
49110.8 50000.0
50000.0 50889.2
50889.2 50000.0
50000.0 49110.8
49109.7 50000.0
50000.0 50890.3
50890.3 50000.0
50000.0 49109.7
49108.6 50000.0
50000.0 50891.4
50891.4 50000.0
50000.0 49108.6
49107.5 50000.0
50000.0 50892.5
50892.5 50000.0
50000.0 49107.5
49106.4 50000.0
50000.0 50893.6
50893.6 50000.0
50000.0 49106.4
49105.3 50000.0
50000.0 50894.7
50894.7 50000.0
50000.0 49105.3
49104.2 50000.0
50000.0 50895.8
50895.8 50000.0
50000.0 49104.2
49103.1 50000.0
50000.0 50896.9
50896.9 50000.0
50000.0 49103.1
49102.0 50000.0
50000.0 50898.0
50898.0 50000.0
50000.0 49102.0
49100.9 50000.0
50000.0 50899.1
50899.1 50000.0
50000.0 49100.9
49099.8 50000.0
50000.0 50900.2
50900.2 50000.0
50000.0 49099.8
49098.7 50000.0
50000.0 50901.3
50901.3 50000.0
50000.0 49098.7
49097.6 50000.0
50000.0 50902.4
50902.4 50000.0
50000.0 49097.6
49096.5 50000.0
50000.0 50903.5
50903.5 50000.0
50000.0 49096.5
49095.4 50000.0
50000.0 50904.6
50904.6 50000.0
50000.0 49095.4
49094.3 50000.0
50000.0 50905.7
50905.7 50000.0
50000.0 49094.3
49093.2 50000.0
50000.0 50906.8
50906.8 50000.0
50000.0 49093.2
49092.1 50000.0
50000.0 50907.9
50907.9 50000.0
50000.0 49092.1
49091.0 50000.0
50000.0 50909.0
50909.0 50000.0
50000.0 49091.0
49089.9 50000.0
50000.0 50910.1
50910.1 50000.0
50000.0 49089.9
49088.8 50000.0
50000.0 50911.2
50911.2 50000.0
50000.0 49088.8
49087.7 50000.0
50000.0 50912.3
50912.3 50000.0
50000.0 49087.7
49086.6 50000.0
50000.0 50913.4
50913.4 50000.0
50000.0 49086.6
49085.5 50000.0
50000.0 50914.5
50914.5 50000.0
50000.0 49085.5
49084.4 50000.0
50000.0 50915.6
50915.6 50000.0
50000.0 49084.4
49083.3 50000.0
50000.0 50916.7
50916.7 50000.0
50000.0 49083.3
49082.2 50000.0
50000.0 50917.8
50917.8 50000.0
50000.0 49082.2
49081.1 50000.0
50000.0 50918.9
50918.9 50000.0
50000.0 49081.1
49080.0 50000.0
50000.0 50920.0
50920.0 50000.0
50000.0 49080.0
49078.9 50000.0
50000.0 50921.1
50921.1 50000.0
50000.0 49078.9
49077.8 50000.0
50000.0 50922.2
50922.2 50000.0
50000.0 49077.8
49076.7 50000.0
50000.0 50923.3
50923.3 50000.0
50000.0 49076.7
49075.6 50000.0
50000.0 50924.4
50924.4 50000.0
50000.0 49075.6
49074.5 50000.0
50000.0 50925.5
50925.5 50000.0
50000.0 49074.5
49073.4 50000.0
50000.0 50926.6
50926.6 50000.0
50000.0 49073.4
49072.3 50000.0
50000.0 50927.7
50927.7 50000.0
50000.0 49072.3
49071.2 50000.0
50000.0 50928.8
50928.8 50000.0
50000.0 49071.2
49070.1 50000.0
50000.0 50929.9
50929.9 50000.0
50000.0 49070.1
49069.0 50000.0
50000.0 50931.0
50931.0 50000.0
50000.0 49069.0
49067.9 50000.0
50000.0 50932.1
50932.1 50000.0
50000.0 49067.9
49066.8 50000.0
50000.0 50933.2
50933.2 50000.0
50000.0 49066.8
49065.7 50000.0
50000.0 50934.3
50934.3 50000.0
50000.0 49065.7
49064.6 50000.0
50000.0 50935.4
50935.4 50000.0
50000.0 49064.6
49063.5 50000.0
50000.0 50936.5
50936.5 50000.0
50000.0 49063.5
49062.4 50000.0
50000.0 50937.6
50937.6 50000.0
50000.0 49062.4
49061.3 50000.0
50000.0 50938.7
50938.7 50000.0
50000.0 49061.3
49060.2 50000.0
50000.0 50939.8
50939.8 50000.0
50000.0 49060.2
49059.1 50000.0
50000.0 50940.9
50940.9 50000.0
50000.0 49059.1
49058.0 50000.0
50000.0 50942.0
50942.0 50000.0
50000.0 49058.0
49056.9 50000.0
50000.0 50943.1
50943.1 50000.0
50000.0 49056.9
49055.8 50000.0
50000.0 50944.2
50944.2 50000.0
50000.0 49055.8
49054.7 50000.0
50000.0 50945.3
50945.3 50000.0
50000.0 49054.7
49053.6 50000.0
50000.0 50946.4
50946.4 50000.0
50000.0 49053.6
49052.5 50000.0
50000.0 50947.5
50947.5 50000.0
50000.0 49052.5
49051.4 50000.0
50000.0 50948.6
50948.6 50000.0
50000.0 49051.4
49050.3 50000.0
50000.0 50949.7
50949.7 50000.0
50000.0 49050.3
49049.2 50000.0
50000.0 50950.8
50950.8 50000.0
50000.0 49049.2
49048.1 50000.0
50000.0 50951.9
50951.9 50000.0
50000.0 49048.1
49047.0 50000.0
50000.0 50953.0
50953.0 50000.0
50000.0 49047.0
49045.9 50000.0
50000.0 50954.1
50954.1 50000.0
50000.0 49045.9
49044.8 50000.0
50000.0 50955.2
50955.2 50000.0
50000.0 49044.8
49043.7 50000.0
50000.0 50956.3
50956.3 50000.0
50000.0 49043.7
49042.6 50000.0
50000.0 50957.4
50957.4 50000.0
50000.0 49042.6
49041.5 50000.0
50000.0 50958.5
50958.5 50000.0
50000.0 49041.5
49040.4 50000.0
50000.0 50959.6
50959.6 50000.0
50000.0 49040.4
49039.3 50000.0
50000.0 50960.7
50960.7 50000.0
50000.0 49039.3
49038.2 50000.0
50000.0 50961.8
50961.8 50000.0
50000.0 49038.2
49037.1 50000.0
50000.0 50962.9
50962.9 50000.0
50000.0 49037.1
49036.0 50000.0
50000.0 50964.0
50964.0 50000.0
50000.0 49036.0
49034.9 50000.0
50000.0 50965.1
50965.1 50000.0
50000.0 49034.9
49033.8 50000.0
50000.0 50966.2
50966.2 50000.0
50000.0 49033.8
49032.7 50000.0
50000.0 50967.3
50967.3 50000.0
50000.0 49032.7
49031.6 50000.0
50000.0 50968.4
50968.4 50000.0
50000.0 49031.6
49030.5 50000.0
50000.0 50969.5
50969.5 50000.0
50000.0 49030.5
49029.4 50000.0
50000.0 50970.6
50970.6 50000.0
50000.0 49029.4
49028.3 50000.0
50000.0 50971.7
50971.7 50000.0
50000.0 49028.3
49027.2 50000.0
50000.0 50972.8
50972.8 50000.0
50000.0 49027.2
49026.1 50000.0
50000.0 50973.9
50973.9 50000.0
50000.0 49026.1
49025.0 50000.0
50000.0 50975.0
50975.0 50000.0
50000.0 49025.0
49023.9 50000.0
50000.0 50976.1
50976.1 50000.0
50000.0 49023.9
49022.8 50000.0
50000.0 50977.2
50977.2 50000.0
50000.0 49022.8
49021.7 50000.0
50000.0 50978.3
50978.3 50000.0
50000.0 49021.7
49020.6 50000.0
50000.0 50979.4
50979.4 50000.0
50000.0 49020.6
49019.5 50000.0
50000.0 50980.5
50980.5 50000.0
50000.0 49019.5
49018.4 50000.0
50000.0 50981.6
50981.6 50000.0
50000.0 49018.4
49017.3 50000.0
50000.0 50982.7
50982.7 50000.0
50000.0 49017.3
49016.2 50000.0
50000.0 50983.8
50983.8 50000.0
50000.0 49016.2
49015.1 50000.0
50000.0 50984.9
50984.9 50000.0
50000.0 49015.1
49014.0 50000.0
50000.0 50986.0
50986.0 50000.0
50000.0 49014.0
49012.9 50000.0
50000.0 50987.1
50987.1 50000.0
50000.0 49012.9
49011.8 50000.0
50000.0 50988.2
50988.2 50000.0
50000.0 49011.8
49010.7 50000.0
50000.0 50989.3
50989.3 50000.0
50000.0 49010.7
49009.6 50000.0
50000.0 50990.4
50990.4 50000.0
50000.0 49009.6
49008.5 50000.0
50000.0 50991.5
50991.5 50000.0
50000.0 49008.5
49007.4 50000.0
50000.0 50992.6
50992.6 50000.0
50000.0 49007.4
49006.3 50000.0
50000.0 50993.7
50993.7 50000.0
50000.0 49006.3
49005.2 50000.0
50000.0 50994.8
50994.8 50000.0
50000.0 49005.2
49004.1 50000.0
50000.0 50995.9
50995.9 50000.0
50000.0 49004.1
49003.0 50000.0
50000.0 50997.0
50997.0 50000.0
50000.0 49003.0
49001.9 50000.0
50000.0 50998.1
50998.1 50000.0
50000.0 49001.9
49000.8 50000.0
50000.0 50999.2
50999.2 50000.0
50000.0 49000.8
48999.7 50000.0
50000.0 51000.3
51000.3 50000.0
50000.0 48999.7
48998.6 50000.0
50000.0 51001.4
51001.4 50000.0
50000.0 48998.6
48997.5 50000.0
50000.0 51002.5
51002.5 50000.0
50000.0 48997.5
48996.4 50000.0
50000.0 51003.6
51003.6 50000.0
50000.0 48996.4
48995.3 50000.0
50000.0 51004.7
51004.7 50000.0
50000.0 48995.3
48994.2 50000.0
50000.0 51005.8
51005.8 50000.0
50000.0 48994.2
48993.1 50000.0
50000.0 51006.9
51006.9 50000.0
50000.0 48993.1
48992.0 50000.0
50000.0 51008.0
51008.0 50000.0
50000.0 48992.0
48990.9 50000.0
50000.0 51009.1
51009.1 50000.0
50000.0 48990.9
48989.8 50000.0
50000.0 51010.2
51010.2 50000.0
50000.0 48989.8
48988.7 50000.0
50000.0 51011.3
51011.3 50000.0
50000.0 48988.7
48987.6 50000.0
50000.0 51012.4
51012.4 50000.0
50000.0 48987.6
48986.5 50000.0
50000.0 51013.5
51013.5 50000.0
50000.0 48986.5
48985.4 50000.0
50000.0 51014.6
51014.6 50000.0
50000.0 48985.4
48984.3 50000.0
50000.0 51015.7
51015.7 50000.0
50000.0 48984.3
48983.2 50000.0
50000.0 51016.8
51016.8 50000.0
50000.0 48983.2
48982.1 50000.0
50000.0 51017.9
51017.9 50000.0
50000.0 48982.1
48981.0 50000.0
50000.0 51019.0
51019.0 50000.0
50000.0 48981.0
48979.9 50000.0
50000.0 51020.1
51020.1 50000.0
50000.0 48979.9
48978.8 50000.0
50000.0 51021.2
51021.2 50000.0
50000.0 48978.8
48977.7 50000.0
50000.0 51022.3
51022.3 50000.0
50000.0 48977.7
48976.6 50000.0
50000.0 51023.4
51023.4 50000.0
50000.0 48976.6
48975.5 50000.0
50000.0 51024.5
51024.5 50000.0
50000.0 48975.5
48974.4 50000.0
50000.0 51025.6
51025.6 50000.0
50000.0 48974.4
48973.3 50000.0
50000.0 51026.7
51026.7 50000.0
50000.0 48973.3
48972.2 50000.0
50000.0 51027.8
51027.8 50000.0
50000.0 48972.2
48971.1 50000.0
50000.0 51028.9
51028.9 50000.0
50000.0 48971.1
48970.0 50000.0
50000.0 51030.0
51030.0 50000.0
50000.0 48970.0
48968.9 50000.0
50000.0 51031.1
51031.1 50000.0
50000.0 48968.9
48967.8 50000.0
50000.0 51032.2
51032.2 50000.0
50000.0 48967.8
48966.7 50000.0
50000.0 51033.3
51033.3 50000.0
50000.0 48966.7
48965.6 50000.0
50000.0 51034.4
51034.4 50000.0
50000.0 48965.6
48964.5 50000.0
50000.0 51035.5
51035.5 50000.0
50000.0 48964.5
48963.4 50000.0
50000.0 51036.6
51036.6 50000.0
50000.0 48963.4
48962.3 50000.0
50000.0 51037.7
51037.7 50000.0
50000.0 48962.3
48961.2 50000.0
50000.0 51038.8
51038.8 50000.0
50000.0 48961.2
48960.1 50000.0
50000.0 51039.9
51039.9 50000.0
50000.0 48960.1
48959.0 50000.0
50000.0 51041.0
51041.0 50000.0
50000.0 48959.0
48957.9 50000.0
50000.0 51042.1
51042.1 50000.0
50000.0 48957.9
48956.8 50000.0
50000.0 51043.2
51043.2 50000.0
50000.0 48956.8
48955.7 50000.0
50000.0 51044.3
51044.3 50000.0
50000.0 48955.7
48954.6 50000.0
50000.0 51045.4
51045.4 50000.0
50000.0 48954.6
48953.5 50000.0
50000.0 51046.5
51046.5 50000.0
50000.0 48953.5
48952.4 50000.0
50000.0 51047.6
51047.6 50000.0
50000.0 48952.4
48951.3 50000.0
50000.0 51048.7
51048.7 50000.0
50000.0 48951.3
48950.2 50000.0
50000.0 51049.8
51049.8 50000.0
50000.0 48950.2
48949.1 50000.0
50000.0 51050.9
51050.9 50000.0
50000.0 48949.1
48948.0 50000.0
50000.0 51052.0
51052.0 50000.0
50000.0 48948.0
48946.9 50000.0
50000.0 51053.1
51053.1 50000.0
50000.0 48946.9
48945.8 50000.0
50000.0 51054.2
51054.2 50000.0
50000.0 48945.8
48944.7 50000.0
50000.0 51055.3
51055.3 50000.0
50000.0 48944.7
48943.6 50000.0
50000.0 51056.4
51056.4 50000.0
50000.0 48943.6
48942.5 50000.0
50000.0 51057.5
51057.5 50000.0
50000.0 48942.5
48941.4 50000.0
50000.0 51058.6
51058.6 50000.0
50000.0 48941.4
48940.3 50000.0
50000.0 51059.7
51059.7 50000.0
50000.0 48940.3
48939.2 50000.0
50000.0 51060.8
51060.8 50000.0
50000.0 48939.2
48938.1 50000.0
50000.0 51061.9
51061.9 50000.0
50000.0 48938.1
48937.0 50000.0
50000.0 51063.0
51063.0 50000.0
50000.0 48937.0
48935.9 50000.0
50000.0 51064.1
51064.1 50000.0
50000.0 48935.9
48934.8 50000.0
50000.0 51065.2
51065.2 50000.0
50000.0 48934.8
48933.7 50000.0
50000.0 51066.3
51066.3 50000.0
50000.0 48933.7
48932.6 50000.0
50000.0 51067.4
51067.4 50000.0
50000.0 48932.6
48931.5 50000.0
50000.0 51068.5
51068.5 50000.0
50000.0 48931.5
48930.4 50000.0
50000.0 51069.6
51069.6 50000.0
50000.0 48930.4
48929.3 50000.0
50000.0 51070.7
51070.7 50000.0
50000.0 48929.3
48928.2 50000.0
50000.0 51071.8
51071.8 50000.0
50000.0 48928.2
48927.1 50000.0
50000.0 51072.9
51072.9 50000.0
50000.0 48927.1
48926.0 50000.0
50000.0 51074.0
51074.0 50000.0
50000.0 48926.0
48924.9 50000.0
50000.0 51075.1
51075.1 50000.0
50000.0 48924.9
48923.8 50000.0
50000.0 51076.2
51076.2 50000.0
50000.0 48923.8
48922.7 50000.0
50000.0 51077.3
51077.3 50000.0
50000.0 48922.7
48921.6 50000.0
50000.0 51078.4
51078.4 50000.0
50000.0 48921.6
48920.5 50000.0
50000.0 51079.5
51079.5 50000.0
50000.0 48920.5
48919.4 50000.0
50000.0 51080.6
51080.6 50000.0
50000.0 48919.4
48918.3 50000.0
50000.0 51081.7
51081.7 50000.0
50000.0 48918.3
48917.2 50000.0
50000.0 51082.8
51082.8 50000.0
50000.0 48917.2
48916.1 50000.0
50000.0 51083.9
51083.9 50000.0
50000.0 48916.1
48915.0 50000.0
50000.0 51085.0
51085.0 50000.0
50000.0 48915.0
48913.9 50000.0
50000.0 51086.1
51086.1 50000.0
50000.0 48913.9
48912.8 50000.0
50000.0 51087.2
51087.2 50000.0
50000.0 48912.8
48911.7 50000.0
50000.0 51088.3
51088.3 50000.0
50000.0 48911.7
48910.6 50000.0
50000.0 51089.4
51089.4 50000.0
50000.0 48910.6
48909.5 50000.0
50000.0 51090.5
51090.5 50000.0
50000.0 48909.5
48908.4 50000.0
50000.0 51091.6
51091.6 50000.0
50000.0 48908.4
48907.3 50000.0
50000.0 51092.7
51092.7 50000.0
50000.0 48907.3
48906.2 50000.0
50000.0 51093.8
51093.8 50000.0
50000.0 48906.2
48905.1 50000.0
50000.0 51094.9
51094.9 50000.0
50000.0 48905.1
48904.0 50000.0
50000.0 51096.0
51096.0 50000.0
50000.0 48904.0
48902.9 50000.0
50000.0 51097.1
51097.1 50000.0
50000.0 48902.9
48901.8 50000.0
50000.0 51098.2
51098.2 50000.0
50000.0 48901.8
48900.7 50000.0
50000.0 51099.3
51099.3 50000.0
50000.0 48900.7
48899.6 50000.0
50000.0 51100.4
51100.4 50000.0
50000.0 48899.6
48898.5 50000.0
50000.0 51101.5
51101.5 50000.0
50000.0 48898.5
48897.4 50000.0
50000.0 51102.6
51102.6 50000.0
50000.0 48897.4
48896.3 50000.0
50000.0 51103.7
51103.7 50000.0
50000.0 48896.3
48895.2 50000.0
50000.0 51104.8
51104.8 50000.0
50000.0 48895.2
48894.1 50000.0
50000.0 51105.9
51105.9 50000.0
50000.0 48894.1
48893.0 50000.0
50000.0 51107.0
51107.0 50000.0
50000.0 48893.0
48891.9 50000.0
50000.0 51108.1
51108.1 50000.0
50000.0 48891.9
48890.8 50000.0
50000.0 51109.2
51109.2 50000.0
50000.0 48890.8
48889.7 50000.0
50000.0 51110.3
51110.3 50000.0
50000.0 48889.7
48888.6 50000.0
50000.0 51111.4
51111.4 50000.0
50000.0 48888.6
48887.5 50000.0
50000.0 51112.5
51112.5 50000.0
50000.0 48887.5
48886.4 50000.0
50000.0 51113.6
51113.6 50000.0
50000.0 48886.4
48885.3 50000.0
50000.0 51114.7
51114.7 50000.0
50000.0 48885.3
48884.2 50000.0
50000.0 51115.8
51115.8 50000.0
50000.0 48884.2
48883.1 50000.0
50000.0 51116.9
51116.9 50000.0
50000.0 48883.1
48882.0 50000.0
50000.0 51118.0
51118.0 50000.0
50000.0 48882.0
48880.9 50000.0
50000.0 51119.1
51119.1 50000.0
50000.0 48880.9
48879.8 50000.0
50000.0 51120.2
51120.2 50000.0
50000.0 48879.8
48878.7 50000.0
50000.0 51121.3
51121.3 50000.0
50000.0 48878.7
48877.6 50000.0
50000.0 51122.4
51122.4 50000.0
50000.0 48877.6
48876.5 50000.0
50000.0 51123.5
51123.5 50000.0
50000.0 48876.5
48875.4 50000.0
50000.0 51124.6
51124.6 50000.0
50000.0 48875.4
48874.3 50000.0
50000.0 51125.7
51125.7 50000.0
50000.0 48874.3
48873.2 50000.0
50000.0 51126.8
51126.8 50000.0
50000.0 48873.2
48872.1 50000.0
50000.0 51127.9
51127.9 50000.0
50000.0 48872.1
48871.0 50000.0
50000.0 51129.0
51129.0 50000.0
50000.0 48871.0
48869.9 50000.0
50000.0 51130.1
51130.1 50000.0
50000.0 48869.9
48868.8 50000.0
50000.0 51131.2
51131.2 50000.0
50000.0 48868.8
48867.7 50000.0
50000.0 51132.3
51132.3 50000.0
50000.0 48867.7
48866.6 50000.0
50000.0 51133.4
51133.4 50000.0
50000.0 48866.6
48865.5 50000.0
50000.0 51134.5
51134.5 50000.0
50000.0 48865.5
48864.4 50000.0
50000.0 51135.6
51135.6 50000.0
50000.0 48864.4
48863.3 50000.0
50000.0 51136.7
51136.7 50000.0
50000.0 48863.3
48862.2 50000.0
50000.0 51137.8
51137.8 50000.0
50000.0 48862.2
48861.1 50000.0
50000.0 51138.9
51138.9 50000.0
50000.0 48861.1
48860.0 50000.0
50000.0 51140.0
51140.0 50000.0
50000.0 48860.0
48858.9 50000.0
50000.0 51141.1
51141.1 50000.0
50000.0 48858.9
48857.8 50000.0
50000.0 51142.2
51142.2 50000.0
50000.0 48857.8
48856.7 50000.0
50000.0 51143.3
51143.3 50000.0
50000.0 48856.7
48855.6 50000.0
50000.0 51144.4
51144.4 50000.0
50000.0 48855.6
48854.5 50000.0
50000.0 51145.5
51145.5 50000.0
50000.0 48854.5
48853.4 50000.0
50000.0 51146.6
51146.6 50000.0
50000.0 48853.4
48852.3 50000.0
50000.0 51147.7
51147.7 50000.0
50000.0 48852.3
48851.2 50000.0
50000.0 51148.8
51148.8 50000.0
50000.0 48851.2
48850.1 50000.0
50000.0 51149.9
51149.9 50000.0
50000.0 48850.1
48849.0 50000.0
50000.0 51151.0
51151.0 50000.0
50000.0 48849.0
48847.9 50000.0
50000.0 51152.1
51152.1 50000.0
50000.0 48847.9
48846.8 50000.0
50000.0 51153.2
51153.2 50000.0
50000.0 48846.8
48845.7 50000.0
50000.0 51154.3
51154.3 50000.0
50000.0 48845.7
48844.6 50000.0
50000.0 51155.4
51155.4 50000.0
50000.0 48844.6
48843.5 50000.0
50000.0 51156.5
51156.5 50000.0
50000.0 48843.5
48842.4 50000.0
50000.0 51157.6
51157.6 50000.0
50000.0 48842.4
48841.3 50000.0
50000.0 51158.7
51158.7 50000.0
50000.0 48841.3
48840.2 50000.0
50000.0 51159.8
51159.8 50000.0
50000.0 48840.2
48839.1 50000.0
50000.0 51160.9
51160.9 50000.0
50000.0 48839.1
48838.0 50000.0
50000.0 51162.0
51162.0 50000.0
50000.0 48838.0
48836.9 50000.0
50000.0 51163.1
51163.1 50000.0
50000.0 48836.9
48835.8 50000.0
50000.0 51164.2
51164.2 50000.0
50000.0 48835.8
48834.7 50000.0
50000.0 51165.3
51165.3 50000.0
50000.0 48834.7
48833.6 50000.0
50000.0 51166.4
51166.4 50000.0
50000.0 48833.6
48832.5 50000.0
50000.0 51167.5
51167.5 50000.0
50000.0 48832.5
48831.4 50000.0
50000.0 51168.6
51168.6 50000.0
50000.0 48831.4
48830.3 50000.0
50000.0 51169.7
51169.7 50000.0
50000.0 48830.3
48829.2 50000.0
50000.0 51170.8
51170.8 50000.0
50000.0 48829.2
48828.1 50000.0
50000.0 51171.9
51171.9 50000.0
50000.0 48828.1
48827.0 50000.0
50000.0 51173.0
51173.0 50000.0
50000.0 48827.0
48825.9 50000.0
50000.0 51174.1
51174.1 50000.0
50000.0 48825.9
48824.8 50000.0
50000.0 51175.2
51175.2 50000.0
50000.0 48824.8
48823.7 50000.0
50000.0 51176.3
51176.3 50000.0
50000.0 48823.7
48822.6 50000.0
50000.0 51177.4
51177.4 50000.0
50000.0 48822.6
48821.5 50000.0
50000.0 51178.5
51178.5 50000.0
50000.0 48821.5
48820.4 50000.0
50000.0 51179.6
51179.6 50000.0
50000.0 48820.4
48819.3 50000.0
50000.0 51180.7
51180.7 50000.0
50000.0 48819.3
48818.2 50000.0
50000.0 51181.8
51181.8 50000.0
50000.0 48818.2
48817.1 50000.0
50000.0 51182.9
51182.9 50000.0
50000.0 48817.1
48816.0 50000.0
50000.0 51184.0
51184.0 50000.0
50000.0 48816.0
48814.9 50000.0
50000.0 51185.1
51185.1 50000.0
50000.0 48814.9
48813.8 50000.0
50000.0 51186.2
51186.2 50000.0
50000.0 48813.8
48812.7 50000.0
50000.0 51187.3
51187.3 50000.0
50000.0 48812.7
48811.6 50000.0
50000.0 51188.4
51188.4 50000.0
50000.0 48811.6
48810.5 50000.0
50000.0 51189.5
51189.5 50000.0
50000.0 48810.5
48809.4 50000.0
50000.0 51190.6
51190.6 50000.0
50000.0 48809.4
48808.3 50000.0
50000.0 51191.7
51191.7 50000.0
50000.0 48808.3
48807.2 50000.0
50000.0 51192.8
51192.8 50000.0
50000.0 48807.2
48806.1 50000.0
50000.0 51193.9
51193.9 50000.0
50000.0 48806.1
48805.0 50000.0
50000.0 51195.0
51195.0 50000.0
50000.0 48805.0
48803.9 50000.0
50000.0 51196.1
51196.1 50000.0
50000.0 48803.9
48802.8 50000.0
50000.0 51197.2
51197.2 50000.0
50000.0 48802.8
48801.7 50000.0
50000.0 51198.3
51198.3 50000.0
50000.0 48801.7
48800.6 50000.0
50000.0 51199.4
51199.4 50000.0
50000.0 48800.6
48799.5 50000.0
50000.0 51200.5
51200.5 50000.0
50000.0 48799.5
48798.4 50000.0
50000.0 51201.6
51201.6 50000.0
50000.0 48798.4
48797.3 50000.0
50000.0 51202.7
51202.7 50000.0
50000.0 48797.3
48796.2 50000.0
50000.0 51203.8
51203.8 50000.0
50000.0 48796.2
48795.1 50000.0
50000.0 51204.9
51204.9 50000.0
50000.0 48795.1
48794.0 50000.0
50000.0 51206.0
51206.0 50000.0
50000.0 48794.0
48792.9 50000.0
50000.0 51207.1
51207.1 50000.0
50000.0 48792.9
48791.8 50000.0
50000.0 51208.2
51208.2 50000.0
50000.0 48791.8
48790.7 50000.0
50000.0 51209.3
51209.3 50000.0
50000.0 48790.7
48789.6 50000.0
50000.0 51210.4
51210.4 50000.0
50000.0 48789.6
48788.5 50000.0
50000.0 51211.5
51211.5 50000.0
50000.0 48788.5
48787.4 50000.0
50000.0 51212.6
51212.6 50000.0
50000.0 48787.4
48786.3 50000.0
50000.0 51213.7
51213.7 50000.0
50000.0 48786.3
48785.2 50000.0
50000.0 51214.8
51214.8 50000.0
50000.0 48785.2
48784.1 50000.0
50000.0 51215.9
51215.9 50000.0
50000.0 48784.1
48783.0 50000.0
50000.0 51217.0
51217.0 50000.0
50000.0 48783.0
48781.9 50000.0
50000.0 51218.1
51218.1 50000.0
50000.0 48781.9
48780.8 50000.0
50000.0 51219.2
51219.2 50000.0
50000.0 48780.8
48779.7 50000.0
50000.0 51220.3
51220.3 50000.0
50000.0 48779.7
48778.6 50000.0
50000.0 51221.4
51221.4 50000.0
50000.0 48778.6
48777.5 50000.0
50000.0 51222.5
51222.5 50000.0
50000.0 48777.5
48776.4 50000.0
50000.0 51223.6
51223.6 50000.0
50000.0 48776.4
48775.3 50000.0
50000.0 51224.7
51224.7 50000.0
50000.0 48775.3
48774.2 50000.0
50000.0 51225.8
51225.8 50000.0
50000.0 48774.2
48773.1 50000.0
50000.0 51226.9
51226.9 50000.0
50000.0 48773.1
48772.0 50000.0
50000.0 51228.0
51228.0 50000.0
50000.0 48772.0
48770.9 50000.0
50000.0 51229.1
51229.1 50000.0
50000.0 48770.9
48769.8 50000.0
50000.0 51230.2
51230.2 50000.0
50000.0 48769.8
48768.7 50000.0
50000.0 51231.3
51231.3 50000.0
50000.0 48768.7
48767.6 50000.0
50000.0 51232.4
51232.4 50000.0
50000.0 48767.6
48766.5 50000.0
50000.0 51233.5
51233.5 50000.0
50000.0 48766.5
48765.4 50000.0
50000.0 51234.6
51234.6 50000.0
50000.0 48765.4
48764.3 50000.0
50000.0 51235.7
51235.7 50000.0
50000.0 48764.3
48763.2 50000.0
50000.0 51236.8
51236.8 50000.0
50000.0 48763.2
48762.1 50000.0
50000.0 51237.9
51237.9 50000.0
50000.0 48762.1
48761.0 50000.0
50000.0 51239.0
51239.0 50000.0
50000.0 48761.0
48759.9 50000.0
50000.0 51240.1
51240.1 50000.0
50000.0 48759.9
48758.8 50000.0
50000.0 51241.2
51241.2 50000.0
50000.0 48758.8
48757.7 50000.0
50000.0 51242.3
51242.3 50000.0
50000.0 48757.7
48756.6 50000.0
50000.0 51243.4
51243.4 50000.0
50000.0 48756.6
48755.5 50000.0
50000.0 51244.5
51244.5 50000.0
50000.0 48755.5
48754.4 50000.0
50000.0 51245.6
51245.6 50000.0
50000.0 48754.4
48753.3 50000.0
50000.0 51246.7
51246.7 50000.0
50000.0 48753.3
48752.2 50000.0
50000.0 51247.8
51247.8 50000.0
50000.0 48752.2
48751.1 50000.0
50000.0 51248.9
51248.9 50000.0
50000.0 48751.1
48750.0 50000.0
50000.0 51250.0
51250.0 50000.0
50000.0 48750.0
48748.9 50000.0
50000.0 51251.1
51251.1 50000.0
50000.0 48748.9
48747.8 50000.0
50000.0 51252.2
51252.2 50000.0
50000.0 48747.8
48746.7 50000.0
50000.0 51253.3
51253.3 50000.0
50000.0 48746.7
48745.6 50000.0
50000.0 51254.4
51254.4 50000.0
50000.0 48745.6
48744.5 50000.0
50000.0 51255.5
51255.5 50000.0
50000.0 48744.5
48743.4 50000.0
50000.0 51256.6
51256.6 50000.0
50000.0 48743.4
48742.3 50000.0
50000.0 51257.7
51257.7 50000.0
50000.0 48742.3
48741.2 50000.0
50000.0 51258.8
51258.8 50000.0
50000.0 48741.2
48740.1 50000.0
50000.0 51259.9
51259.9 50000.0
50000.0 48740.1
48739.0 50000.0
50000.0 51261.0
51261.0 50000.0
50000.0 48739.0
48737.9 50000.0
50000.0 51262.1
51262.1 50000.0
50000.0 48737.9
48736.8 50000.0
50000.0 51263.2
51263.2 50000.0
50000.0 48736.8
48735.7 50000.0
50000.0 51264.3
51264.3 50000.0
50000.0 48735.7
48734.6 50000.0
50000.0 51265.4
51265.4 50000.0
50000.0 48734.6
48733.5 50000.0
50000.0 51266.5
51266.5 50000.0
50000.0 48733.5
48732.4 50000.0
50000.0 51267.6
51267.6 50000.0
50000.0 48732.4
48731.3 50000.0
50000.0 51268.7
51268.7 50000.0
50000.0 48731.3
48730.2 50000.0
50000.0 51269.8
51269.8 50000.0
50000.0 48730.2
48729.1 50000.0
50000.0 51270.9
51270.9 50000.0
50000.0 48729.1
48728.0 50000.0
50000.0 51272.0
51272.0 50000.0
50000.0 48728.0
48726.9 50000.0
50000.0 51273.1
51273.1 50000.0
50000.0 48726.9
48725.8 50000.0
50000.0 51274.2
51274.2 50000.0
50000.0 48725.8
48724.7 50000.0
50000.0 51275.3
51275.3 50000.0
50000.0 48724.7
48723.6 50000.0
50000.0 51276.4
51276.4 50000.0
50000.0 48723.6
48722.5 50000.0
50000.0 51277.5
51277.5 50000.0
50000.0 48722.5
48721.4 50000.0
50000.0 51278.6
51278.6 50000.0
50000.0 48721.4
48720.3 50000.0
50000.0 51279.7
51279.7 50000.0
50000.0 48720.3
48719.2 50000.0
50000.0 51280.8
51280.8 50000.0
50000.0 48719.2
48718.1 50000.0
50000.0 51281.9
51281.9 50000.0
50000.0 48718.1
48717.0 50000.0
50000.0 51283.0
51283.0 50000.0
50000.0 48717.0
48715.9 50000.0
50000.0 51284.1
51284.1 50000.0
50000.0 48715.9
48714.8 50000.0
50000.0 51285.2
51285.2 50000.0
50000.0 48714.8
48713.7 50000.0
50000.0 51286.3
51286.3 50000.0
50000.0 48713.7
48712.6 50000.0
50000.0 51287.4
51287.4 50000.0
50000.0 48712.6
48711.5 50000.0
50000.0 51288.5
51288.5 50000.0
50000.0 48711.5
48710.4 50000.0
50000.0 51289.6
51289.6 50000.0
50000.0 48710.4
48709.3 50000.0
50000.0 51290.7
51290.7 50000.0
50000.0 48709.3
48708.2 50000.0
50000.0 51291.8
51291.8 50000.0
50000.0 48708.2
48707.1 50000.0
50000.0 51292.9
51292.9 50000.0
50000.0 48707.1
48706.0 50000.0
50000.0 51294.0
51294.0 50000.0
50000.0 48706.0
48704.9 50000.0
50000.0 51295.1
51295.1 50000.0
50000.0 48704.9
48703.8 50000.0
50000.0 51296.2
51296.2 50000.0
50000.0 48703.8
48702.7 50000.0
50000.0 51297.3
51297.3 50000.0
50000.0 48702.7
48701.6 50000.0
50000.0 51298.4
51298.4 50000.0
50000.0 48701.6
48700.5 50000.0
50000.0 51299.5
51299.5 50000.0
50000.0 48700.5
48699.4 50000.0
50000.0 51300.6
51300.6 50000.0
50000.0 48699.4
48698.3 50000.0
50000.0 51301.7
51301.7 50000.0
50000.0 48698.3
48697.2 50000.0
50000.0 51302.8
51302.8 50000.0
50000.0 48697.2
48696.1 50000.0
50000.0 51303.9
51303.9 50000.0
50000.0 48696.1
48695.0 50000.0
50000.0 51305.0
51305.0 50000.0
50000.0 48695.0
48693.9 50000.0
50000.0 51306.1
51306.1 50000.0
50000.0 48693.9
48692.8 50000.0
50000.0 51307.2
51307.2 50000.0
50000.0 48692.8
48691.7 50000.0
50000.0 51308.3
51308.3 50000.0
50000.0 48691.7
48690.6 50000.0
50000.0 51309.4
51309.4 50000.0
50000.0 48690.6
48689.5 50000.0
50000.0 51310.5
51310.5 50000.0
50000.0 48689.5
48688.4 50000.0
50000.0 51311.6
51311.6 50000.0
50000.0 48688.4
48687.3 50000.0
50000.0 51312.7
51312.7 50000.0
50000.0 48687.3
48686.2 50000.0
50000.0 51313.8
51313.8 50000.0
50000.0 48686.2
48685.1 50000.0
50000.0 51314.9
51314.9 50000.0
50000.0 48685.1
48684.0 50000.0
50000.0 51316.0
51316.0 50000.0
50000.0 48684.0
48682.9 50000.0
50000.0 51317.1
51317.1 50000.0
50000.0 48682.9
48681.8 50000.0
50000.0 51318.2
51318.2 50000.0
50000.0 48681.8
48680.7 50000.0
50000.0 51319.3
51319.3 50000.0
50000.0 48680.7
48679.6 50000.0
50000.0 51320.4
51320.4 50000.0
50000.0 48679.6
48678.5 50000.0
50000.0 51321.5
51321.5 50000.0
50000.0 48678.5
48677.4 50000.0
50000.0 51322.6
51322.6 50000.0
50000.0 48677.4
48676.3 50000.0
50000.0 51323.7
51323.7 50000.0
50000.0 48676.3
48675.2 50000.0
50000.0 51324.8
51324.8 50000.0
50000.0 48675.2
48674.1 50000.0
50000.0 51325.9
51325.9 50000.0
50000.0 48674.1
48673.0 50000.0
50000.0 51327.0
51327.0 50000.0
50000.0 48673.0
48671.9 50000.0
50000.0 51328.1
51328.1 50000.0
50000.0 48671.9
48670.8 50000.0
50000.0 51329.2
51329.2 50000.0
50000.0 48670.8
48669.7 50000.0
50000.0 51330.3
51330.3 50000.0
50000.0 48669.7
48668.6 50000.0
50000.0 51331.4
51331.4 50000.0
50000.0 48668.6
48667.5 50000.0
50000.0 51332.5
51332.5 50000.0
50000.0 48667.5
48666.4 50000.0
50000.0 51333.6
51333.6 50000.0
50000.0 48666.4
48665.3 50000.0
50000.0 51334.7
51334.7 50000.0
50000.0 48665.3
48664.2 50000.0
50000.0 51335.8
51335.8 50000.0
50000.0 48664.2
48663.1 50000.0
50000.0 51336.9
51336.9 50000.0
50000.0 48663.1
48662.0 50000.0
50000.0 51338.0
51338.0 50000.0
50000.0 48662.0
48660.9 50000.0
50000.0 51339.1
51339.1 50000.0
50000.0 48660.9
48659.8 50000.0
50000.0 51340.2
51340.2 50000.0
50000.0 48659.8
48658.7 50000.0
50000.0 51341.3
51341.3 50000.0
50000.0 48658.7
48657.6 50000.0
50000.0 51342.4
51342.4 50000.0
50000.0 48657.6
48656.5 50000.0
50000.0 51343.5
51343.5 50000.0
50000.0 48656.5
48655.4 50000.0
50000.0 51344.6
51344.6 50000.0
50000.0 48655.4
48654.3 50000.0
50000.0 51345.7
51345.7 50000.0
50000.0 48654.3
48653.2 50000.0
50000.0 51346.8
51346.8 50000.0
50000.0 48653.2
48652.1 50000.0
50000.0 51347.9
51347.9 50000.0
50000.0 48652.1
48651.0 50000.0
50000.0 51349.0
51349.0 50000.0
50000.0 48651.0
48649.9 50000.0
50000.0 51350.1
51350.1 50000.0
50000.0 48649.9
48648.8 50000.0
50000.0 51351.2
51351.2 50000.0
50000.0 48648.8
48647.7 50000.0
50000.0 51352.3
51352.3 50000.0
50000.0 48647.7
48646.6 50000.0
50000.0 51353.4
51353.4 50000.0
50000.0 48646.6
48645.5 50000.0
50000.0 51354.5
51354.5 50000.0
50000.0 48645.5
48644.4 50000.0
50000.0 51355.6
51355.6 50000.0
50000.0 48644.4
48643.3 50000.0
50000.0 51356.7
51356.7 50000.0
50000.0 48643.3
48642.2 50000.0
50000.0 51357.8
51357.8 50000.0
50000.0 48642.2
48641.1 50000.0
50000.0 51358.9
51358.9 50000.0
50000.0 48641.1
48640.0 50000.0
50000.0 51360.0
51360.0 50000.0
50000.0 48640.0
48638.9 50000.0
50000.0 51361.1
51361.1 50000.0
50000.0 48638.9
48637.8 50000.0
50000.0 51362.2
51362.2 50000.0
50000.0 48637.8
48636.7 50000.0
50000.0 51363.3
51363.3 50000.0
50000.0 48636.7
48635.6 50000.0
50000.0 51364.4
51364.4 50000.0
50000.0 48635.6
48634.5 50000.0
50000.0 51365.5
51365.5 50000.0
50000.0 48634.5
48633.4 50000.0
50000.0 51366.6
51366.6 50000.0
50000.0 48633.4
48632.3 50000.0
50000.0 51367.7
51367.7 50000.0
50000.0 48632.3
48631.2 50000.0
50000.0 51368.8
51368.8 50000.0
50000.0 48631.2
48630.1 50000.0
50000.0 51369.9
51369.9 50000.0
50000.0 48630.1
48629.0 50000.0
50000.0 51371.0
51371.0 50000.0
50000.0 48629.0
48627.9 50000.0
50000.0 51372.1
51372.1 50000.0
50000.0 48627.9
48626.8 50000.0
50000.0 51373.2
51373.2 50000.0
50000.0 48626.8
48625.7 50000.0
50000.0 51374.3
51374.3 50000.0
50000.0 48625.7
48624.6 50000.0
50000.0 51375.4
51375.4 50000.0
50000.0 48624.6
