20 20 197
-3
0 0 0 0 0 0 0 0 0 0 0 0 0 0 0 0 0 0 0
0 0 0 0 0 0 0 0 0 0 0 0 0 0 0 0 0 0 0
-3
0 0 0 0 0 0 0 0 0 0 0 0 0 0 0 0 0 0
0 0 0 0 0 0 0 0 0 0 0 0 0 0 0 0 0 0
-3
0 0 0 0 0 0 0 0 0 0 0 0 0 0 0 0 0
0 0 0 0 0 0 0 0 0 0 0 0 0 0 0 0 0
-3
0 0 0 0 0 0 0 0 0 0 0 0 0 0 0 0
0 0 0 0 0 0 0 0 0 0 0 0 0 0 0 0
-3
0 0 0 0 0 0 0 0 0 0 0 0 0 0 0
0 0 0 0 0 0 0 0 0 0 0 0 0 0 0
-3
0 0 0 0 0 0 0 0 0 0 0 0 0 0
0 0 0 0 0 0 0 0 0 0 0 0 0 0
-3
0 0 0 0 0 0 0 0 0 0 0 0 0
0 0 0 0 0 0 0 0 0 0 0 0 0
-3
0 0 0 0 0 0 0 0 0 0 0 0
0 0 0 0 0 0 0 0 0 0 0 0
-3
0 0 0 0 0 0 0 0 0 0 0
0 0 0 0 0 0 0 0 0 0 0
-3
0 0 0 0 0 0 0 0 0 0
0 0 0 0 0 0 0 0 0 0
-3
0 0 0 0 0 0 0 0 0
0 0 0 0 0 0 0 0 0
-3
0 0 0 0 0 0 0 0
0 0 0 0 0 0 0 0
-3
0 0 0 0 0 0 0
0 0 0 0 0 0 0
-3
0 0 0 0 0 0
0 0 0 0 0 0
-3
0 0 0 0 0
0 0 0 0 0
-3
0 0 0 0
0 0 0 0
-3
0 0 0
0 0 0
-3
0 0
0 0
-3
0
0
-3


