20 4 143
-18
0 -1 2 0 -2 0 2 1 2 -1 -1 0 -1 1 -2 2 1 -2 2
0 1 -2 -2 0 1 1 -1 -2 2 -1 -2 -1 -1 0 -2 0 0 0
-109
1 2 -1 1 1 1 -2 2 1 -1 0 0 1 2 -2 -2 -1 2
2 1 0 -2 0 1 -1 1 0 -1 -1 0 -1 1 0 -1 2 2
-110
0 1 -1 -2 -2 2 1 -2 0 1 -1 2 -2 -1 0 1 2
-2 0 -2 0 0 -1 2 -2 0 -1 2 0 1 0 1 0 -1
-30
0 1 -2 2 -1 -1 -1 0 -2 -2 -2 2 1 0 -2 0
2 0 -2 1 0 -1 -1 0 -1 1 -2 2 -1 0 2 0
-142
0 1 2 -1 1 1 2 1 -1 0 -1 0 -1 0 -2
0 -2 -1 -2 -2 1 1 -2 1 1 0 -2 -2 0 1
-133
2 -2 0 2 1 0 -1 2 1 -1 -1 -2 1 2
0 -2 0 2 1 0 -2 -2 2 2 -2 1 1 -2
-79
2 -1 0 -1 1 0 2 1 -1 2 2 2 0
1 -2 0 -1 2 2 2 1 -1 2 2 -2 0
-90
2 1 0 1 0 1 1 -2 2 -1 -1 -1
-1 1 2 1 0 1 -2 -2 2 2 -2 0
-28
1 0 -1 1 1 -2 2 1 0 0 1
-1 -1 0 0 0 -2 1 -1 -1 -2 1
-19
-1 -2 2 2 0 0 0 2 -2 -2
2 1 -2 -1 -1 2 2 0 2 -2
-98
0 2 -2 -2 1 2 1 2 2
1 0 2 -1 2 1 -2 -2 -1
-73
-2 2 -1 -2 2 0 0 1
1 -2 -1 -2 0 0 -1 2
-40
2 0 2 -1 1 -2 -2
2 2 1 -2 2 2 1
-87
-1 0 0 1 -1 0
0 1 0 0 -2 2
-87
1 1 1 -2 -1
0 0 -1 -1 -1
-73
0 -2 -2 1
-1 2 2 2
-48
1 2 -2
-1 0 -2
-18
-2 1
-1 -2
-10
1
-2
-142


