20 10 768
-351
-1 -2 1 1 0 0 -2 -1 -2 -1 0 -2 0 1 0 1 -1 2 -2
-2 1 -2 1 -2 1 -1 0 -1 2 1 -2 0 0 0 -2 -2 -2 2
-755
1 -1 -1 2 1 2 1 -2 0 -2 0 1 0 2 -1 2 -1 -1
-1 2 -2 1 -1 0 2 -2 -1 0 2 -1 -1 1 2 1 -1 2
-655
1 1 0 -1 2 2 0 -2 1 1 -2 2 -1 1 2 0 -2
-2 -1 0 0 0 1 0 -2 2 1 -1 -1 -2 1 0 -1 1
-267
-1 1 -2 -2 -1 2 1 0 -1 2 -1 0 2 -2 -2 -1
-2 -1 -1 0 2 1 -2 2 0 1 0 2 -2 -2 -1 -1
-210
-2 -2 -1 1 0 -1 -1 1 2 -2 2 0 -1 0 1
0 -1 1 2 0 1 -1 1 0 2 1 -1 -2 2 2
-269
-2 -1 -2 2 1 1 -1 -1 0 -2 0 1 2 0
-1 -2 1 -2 -2 1 2 -1 2 -1 -2 -1 1 2
-418
0 0 2 -1 2 2 -1 1 1 -1 -2 2 1
-2 1 1 1 -1 2 2 -1 1 2 2 -1 -1
-141
2 2 -1 -1 0 -2 -1 1 0 1 0 -2
1 0 -1 1 2 -1 -1 2 0 2 2 -2
-458
-1 0 0 1 0 0 0 -2 0 0 2
-2 1 2 -1 0 1 0 0 2 -2 -1
-668
2 -2 -2 -2 1 2 2 1 1 1
1 -1 -2 -2 -2 0 2 0 -2 0
-117
0 0 -2 0 -1 1 2 2 0
1 -2 -2 -2 0 -1 0 1 -1
-738
1 -1 -1 1 2 -1 -1 -2
-1 -2 1 -2 1 -1 1 2
-621
2 -2 1 2 2 0 0
0 2 1 -2 0 -1 1
-693
2 0 -1 -2 -1 -2
-2 -1 -2 -2 0 1
-310
-2 0 -2 2 1
2 1 -1 2 -2
-567
1 -2 0 0
-1 1 2 1
-219
1 1 -1
-1 -2 2
-470
0 2
0 2
-597
-1
2
-654


