20 5 749
-711
0 -2 0 2 0 0 1 2 2 1 -2 2 1 1 0 -2 0 -1 -1
-1 2 2 0 -1 2 0 0 1 0 0 0 -1 0 0 -1 0 2 -1
-114
-1 2 0 -1 1 1 -1 0 -1 0 2 2 2 1 -1 -2 -1 -1
2 2 2 -2 1 2 -1 1 -2 1 1 -2 1 0 -1 -1 1 -1
-584
1 0 2 -2 1 1 1 1 -2 2 0 2 -2 -1 2 0 2
0 1 2 -2 2 2 0 -2 1 0 -2 0 -1 0 -1 -1 2
-673
-2 -1 2 -1 1 -2 0 1 0 1 0 -2 -1 2 2 -2
0 -1 0 -2 2 -1 0 -2 2 0 0 2 0 0 -1 0
-561
2 -2 2 0 2 0 0 2 1 0 2 -2 -1 -2 -1
-2 -2 2 2 -2 -1 -2 -2 1 0 -2 -1 0 -1 1
-626
-1 -1 0 2 -2 1 2 1 -2 -2 -2 0 -2 2
-1 2 0 -1 2 -2 0 1 2 -2 0 -2 2 2
-398
2 -2 -1 1 -2 1 -1 -2 2 -1 0 -2 -2
1 0 0 0 -1 -1 0 0 0 1 1 -2 -2
-37
-2 -2 0 -1 0 1 -1 0 2 1 2 0
1 0 0 2 1 -2 1 2 0 -1 -1 2
-315
2 1 1 0 1 -1 -2 -1 -1 1 0
-2 0 0 -2 0 2 -2 2 2 0 -1
-392
2 -1 2 1 -2 -1 -2 -1 -2 2
0 1 -1 0 -2 2 2 -2 -1 -2
-713
-1 1 2 2 -1 0 2 -1 0
1 0 0 -2 1 1 2 -2 -1
-2
0 0 2 -2 1 -2 2 0
0 2 -1 1 -1 1 -2 -1
-583
-2 1 1 0 0 1 1
0 0 0 -2 0 -2 2
-737
-1 1 0 -1 1 0
-1 0 -2 -1 1 1
-460
-2 0 -2 0 -1
-2 1 -2 -1 -2
-669
1 2 -2 2
1 -1 -2 2
-608
-2 0 1
0 0 2
-588
2 0
1 1
-683
2
-1
-210


