20 5 977
-739
-2 2 1 -1 0 2 2 1 -1 -1 -1 -2 0 -2 -1 1 -2 -1 1
1 1 0 1 -2 0 2 1 2 1 -1 1 2 -1 2 0 1 -1 2
-276
2 -1 -1 -2 -1 -1 -2 2 -2 -2 1 0 2 1 -2 1 -2 -2
1 -2 1 1 2 -2 -1 -2 -2 0 0 1 -2 2 -1 2 2 -2
-532
2 -1 2 2 -2 0 2 -2 2 1 -2 -1 2 0 -1 -2 2
-2 -2 -2 -1 2 0 1 -2 1 2 -1 1 -1 2 0 -1 2
-316
1 2 2 0 -2 2 1 2 -1 -1 0 1 1 0 1 2
-1 0 2 1 1 0 1 1 2 0 -1 2 -1 -1 -2 -1
-871
2 1 1 -2 0 1 2 2 0 1 -1 -1 2 2 -2
0 -2 0 -2 0 1 -1 1 -2 -2 -2 0 1 -1 1
-531
2 0 2 -2 -1 -2 2 -2 -1 -1 -1 -2 -2 -1
2 1 1 -2 -2 -2 2 0 -2 0 1 -2 2 2
-701
-2 -2 1 0 2 0 0 1 2 1 2 1 0
1 1 -1 2 -1 -2 1 -2 0 0 -2 1 -1
-310
0 0 0 1 1 1 0 0 2 2 -1 -1
1 0 2 -1 -1 1 -1 2 2 -2 0 1
-526
1 -1 2 0 -1 1 2 2 2 2 -2
1 0 2 -1 0 -1 2 2 2 2 1
-939
1 -1 1 -2 -1 -1 -1 2 -2 -1
-2 2 2 -2 -2 -2 -2 1 -1 1
-120
2 -2 2 2 -1 2 1 2 2
0 2 -1 2 1 1 -1 -2 -2
-94
0 -2 -1 0 2 2 2 1
-2 0 -2 2 1 0 -1 2
-591
0 -1 -1 2 2 1 2
1 1 0 -1 2 2 -2
-511
2 1 1 -2 1 -2
2 -2 -2 1 1 0
-78
1 -1 1 -2 0
0 2 2 0 1
-701
1 -1 1 0
2 -1 -1 2
-601
1 0 1
-1 -2 0
-718
2 1
1 0
-379
1
-1
-731


