20 15 245
-94
1 0 0 0 1 0 -2 -2 -2 -2 0 -2 0 2 -2 1 2 0 1
0 0 1 1 2 2 1 2 0 -2 1 1 0 0 2 -1 2 0 2
-205
1 0 -2 -2 2 -1 0 -1 -2 1 0 0 -2 -1 -1 -2 -2 1
-2 -1 1 -1 -1 -2 -1 0 2 -2 -2 -1 -2 1 0 1 1 2
-95
0 1 -2 -1 1 1 -2 -2 -1 -2 0 -1 -2 -1 2 -2 1
-1 -2 -1 2 -1 1 0 -1 1 -1 0 0 1 -2 -2 2 1
-111
-1 -1 2 1 -1 2 1 0 1 0 1 2 0 -1 0 1
0 2 2 1 0 0 2 -2 2 -2 -2 2 0 -1 2 1
-116
-2 2 -1 2 0 1 -1 2 0 -2 -2 -2 1 0 -2
0 -2 1 1 -1 2 -2 1 0 2 -1 2 -1 2 -1
-170
1 1 2 -2 -2 -1 1 -1 2 -2 -2 -1 -2 1
1 -1 2 0 0 2 1 -2 1 1 -1 2 0 -2
-46
-2 -2 -1 -2 2 2 0 0 -2 -1 2 2 -2
1 -2 0 -1 0 -2 0 -2 2 2 0 -1 1
-82
-1 2 0 2 1 0 -1 1 2 -1 2 -1
-2 0 0 -1 -1 1 0 2 -1 1 -1 0
-51
-2 1 1 1 0 1 1 -1 -2 -2 -2
2 2 0 -2 -1 2 0 -1 1 -2 2
-4
0 2 0 -1 -1 -2 -2 -1 -2 1
-1 1 0 -1 1 1 -2 1 2 -2
-170
2 -2 2 -2 -1 1 1 0 0
2 -2 1 2 0 0 -1 -1 2
-241
-1 0 1 2 -2 -1 2 -2
0 2 -2 -1 1 -2 0 2
-94
-2 1 -1 -2 -1 1 -1
0 0 2 2 0 2 -1
-173
-2 -1 0 1 -2 -2
-2 -1 2 -1 0 -2
-66
-2 -2 1 -1 -1
0 2 -2 2 2
-180
-1 2 1 1
-2 -1 0 0
-178
-2 0 1
-2 1 -1
-28
0 0
2 0
-116
-2
2
-18


