20 20 1000
-500
-2 -16 12 -12 -4 19 2 0 -20 -11 10 -8 10 17 -12 10 -1 -2 2
7 -4 0 8 17 2 18 15 -11 14 -1 4 4 -2 19 17 -18 -1 -20
-500
-7 -7 5 -1 -18 19 -7 -11 9 6 8 -5 5 3 14 16 -13 -2
18 10 -10 10 -2 10 6 -17 -8 -5 8 -19 -16 4 2 1 0 15
-500
-11 16 -19 -4 -7 -9 -4 8 14 10 -11 7 -15 4 12 -5 -2
-3 -2 -13 15 13 -15 4 -1 -15 1 -8 11 -7 -18 12 6 12
-500
11 -5 13 15 -13 20 -17 -12 17 1 -20 13 19 20 19 -1
-7 -15 -20 -13 -4 -10 17 8 -9 -4 -13 -17 -11 10 1 8
-500
14 -17 19 16 -17 -17 -9 -13 -14 -11 14 -20 -13 -4 2
20 17 18 0 5 -20 -3 0 -10 -7 -9 -10 -19 17 3
-500
-18 2 10 -5 -15 1 -15 2 -15 3 8 15 8 7
16 -12 -15 -8 -19 -9 -19 4 16 12 18 20 -9 5
-500
8 18 18 5 -10 -19 6 -20 17 -20 15 -2 15
-15 -11 -10 -18 -16 17 -14 -18 6 -5 14 17 5
-500
-20 20 14 8 -16 -12 16 -16 14 2 1 4
-18 -17 4 4 -9 -1 -2 9 -20 -17 5 -10
-500
19 -7 6 -10 7 16 -8 -17 -14 15 -10
-9 -16 2 9 -15 -19 14 11 3 -10 10
-500
14 -6 -19 -1 19 15 8 -12 16 6
-17 -2 -2 -17 16 20 17 -6 16 -15
-500
-8 12 -13 15 2 -17 20 -11 -6
1 14 -14 -19 1 18 -3 -4 6
-500
18 6 -11 16 -15 -13 5 -1
15 6 10 -4 -7 -19 18 17
-500
1 -9 15 1 6 11 3
5 -18 19 -18 13 5 6
-500
6 14 -2 9 4 -5
16 -6 20 11 18 -10
-500
-10 13 -12 -15 9
-10 4 -12 19 17
-500
12 4 20 -5
-5 16 2 -12
-500
1 3 19
-9 13 -18
-500
18 -5
-8 -10
-500
-7
16
-500


