20 17 987
-799
1 -2 -2 -2 2 1 1 -2 -1 1 -1 0 -1 2 -1 1 2 -1 0
0 0 0 2 -2 1 0 1 2 2 1 -1 0 0 0 -1 2 2 0
-917
2 2 -2 -2 0 2 -1 -2 -2 -1 0 -2 -2 -1 -1 2 0 1
2 -1 -2 -1 -1 1 1 -2 -2 1 1 1 2 -2 2 -1 -1 -2
-59
0 2 -2 -2 0 -2 -1 0 1 -2 -2 -1 2 -2 2 2 0
-1 -1 -1 0 2 -1 1 2 0 0 1 -1 -1 0 -1 1 0
-250
-2 2 2 -1 -1 -1 -1 0 0 1 -2 0 0 -2 0 -2
2 -1 -1 -2 -1 2 2 2 2 0 -2 -1 -2 1 -2 1
-28
-2 -1 -2 -2 -2 0 1 -1 -2 -1 2 1 0 -2 2
-2 -1 1 2 0 0 -1 0 1 1 -2 2 1 0 -2
-279
0 1 2 1 2 2 2 1 -1 2 1 0 0 1
-1 2 2 -2 0 -1 0 2 0 2 2 1 -2 2
-20
0 2 0 1 2 0 1 -1 1 -2 2 -2 -2
-1 -1 -1 -2 1 0 -2 0 -2 1 -2 0 2
-650
0 1 0 -1 -1 2 0 -1 0 2 2 2
-1 1 0 0 1 0 0 -1 2 1 -1 2
-481
1 2 -1 1 -2 1 2 -1 2 -1 -2
-1 0 -2 -2 2 -2 -2 2 1 0 2
-927
-1 1 1 -1 -1 0 -2 1 2 -2
-2 1 -1 -1 2 -2 0 2 2 -2
-525
1 -1 2 0 1 -1 0 -2 1
1 -1 -1 1 0 1 1 -2 -1
-341
2 1 2 -2 -1 -2 2 -2
2 0 0 2 1 2 2 0
-471
-1 0 -1 0 1 1 2
-1 -1 -1 -1 2 -2 -1
-413
0 -2 -2 -1 -2 2
2 2 -1 -1 -1 0
-50
-1 0 2 1 2
2 0 -2 -2 0
-438
0 -1 -1 1
1 2 0 2
-708
2 0 -1
-2 2 2
-749
-1 0
2 -2
-232
0
1
-599


