20 10 404
-141
-2 -1 -1 2 0 2 0 -1 0 2 2 2 0 1 -1 1 -2 -1 -2
2 0 0 -1 1 -1 -1 2 -1 -1 0 2 2 -1 -1 -2 2 -1 2
-359
-2 -1 0 -2 -2 -1 0 2 0 1 -2 2 0 0 -1 2 -1 2
-2 2 2 1 -1 2 2 2 -1 0 -1 -2 2 -1 0 0 2 -2
-39
-1 -1 -2 1 -1 1 0 -2 1 0 -2 -2 0 2 -2 -1 -1
-2 1 1 -1 1 0 -2 0 0 1 1 -1 -1 1 -2 0 2
-295
1 -2 2 -2 1 -1 2 -2 2 -1 2 2 -2 2 -1 -2
-2 0 2 1 -1 1 1 -1 0 1 2 -1 2 1 1 -1
-28
0 -2 0 1 0 1 0 1 -1 0 0 0 -1 -2 0
1 -2 -1 1 2 0 -1 -1 0 -1 -2 1 2 1 -2
-249
2 -1 1 2 0 2 1 0 2 -2 0 0 -2 1
0 1 2 2 -2 2 0 -1 -2 2 -1 2 -2 0
-131
-2 -1 -1 1 2 -2 -2 -2 -1 1 -2 -2 2
2 -2 1 -1 2 1 2 -2 0 -1 2 2 0
-72
-1 -1 -2 0 -2 0 -2 0 -1 -2 1 -1
-1 -2 1 1 -2 -2 0 2 0 0 1 -2
-234
2 2 1 1 0 -2 -2 -1 -2 0 0
-1 1 2 1 1 0 0 -2 0 2 -2
-118
1 0 1 -2 2 -2 1 0 1 -2
0 2 2 2 0 -2 2 -2 2 0
-345
-1 2 1 2 -1 0 2 -2 -2
-2 -2 0 1 -2 1 1 -2 -1
-298
-2 0 -2 -1 1 -1 -1 2
0 2 -1 2 -1 0 2 -2
-321
2 1 -2 0 2 0 2
-1 1 0 0 2 -1 0
-367
1 -2 0 1 2 0
0 2 1 -1 -2 -1
-251
1 2 -2 0 1
1 0 -2 0 0
-244
1 -2 1 -1
2 -2 -1 1
-130
-1 1 0
1 2 -1
-391
-1 2
-2 2
-257
0
1
-9


