20 15 521
-478
2 -1 -2 0 -1 -1 1 -1 0 -1 1 1 0 -2 1 -1 2 0 -2
2 2 2 0 -1 0 -1 2 -1 1 -1 -2 0 1 -2 2 -1 -2 -1
-299
-1 -1 1 -2 1 -2 1 0 2 0 0 1 1 2 1 -2 2 -2
-1 0 2 -2 2 2 -2 1 -1 -1 -1 -1 -2 1 1 2 0 0
-29
-2 -2 -2 1 1 0 2 1 2 -2 2 1 2 1 2 -1 1
2 -2 1 0 1 0 -2 1 -2 -1 -2 0 -2 2 -2 -2 2
-482
0 1 -2 -2 2 1 -2 0 2 -2 2 1 -1 1 -2 1
0 -1 1 2 1 2 0 1 2 2 0 -1 1 1 1 -2
-326
-2 1 0 1 -1 0 0 -2 1 2 2 -1 2 1 -2
2 -2 -2 1 1 2 2 1 2 -1 1 -1 -2 2 1
-34
-2 -2 0 0 1 2 2 -2 -1 2 2 -1 -2 1
-1 -1 2 -2 1 -2 2 -2 -1 1 0 1 2 1
-113
0 0 -1 -2 2 -1 -1 -2 -2 1 -1 1 -2
1 0 -2 1 -1 2 -2 -1 0 1 2 2 1
-444
2 2 0 0 1 -1 -1 2 1 1 0 -1
1 1 2 2 0 2 2 -1 2 0 1 2
-404
0 -1 2 -2 1 2 1 1 2 2 1
0 1 -2 -1 0 -2 -2 -2 1 2 -1
-102
1 0 2 0 2 -2 0 -1 0 -1
-1 -1 0 1 0 2 -1 2 2 -2
-436
0 -1 2 2 -1 1 0 1 0
1 1 2 2 0 -2 1 0 -2
-79
2 1 0 0 -2 1 2 0
2 2 -2 -2 -2 -2 2 -2
-253
0 2 2 2 0 1 -1
1 1 1 -2 -1 -2 1
-101
2 0 1 2 2 1
-2 -2 0 0 0 -1
-348
-2 0 -2 2 -1
0 2 0 1 2
-68
-1 -2 1 1
-2 -2 -1 -2
-122
2 2 1
0 -1 -1
-507
1 -2
-1 2
-389
-1
-2
-148


