20 20 701
-171
2 -2 1 2 -1 0 -1 1 2 -2 2 -1 1 2 1 0 -2 0 0
-1 -2 2 -1 0 -2 -2 2 -1 0 1 0 -2 1 1 2 2 1 2
-606
-1 -1 -1 -1 2 -2 -2 2 2 -2 0 2 1 -2 -2 1 -1 0
-2 -2 -1 0 0 0 0 1 0 1 2 0 -1 -1 2 -2 -2 -2
-14
2 -2 1 1 0 0 0 2 0 -2 0 2 0 2 -2 1 2
-1 -1 -1 0 2 1 -2 -1 0 1 2 -2 0 -2 -1 1 0
-616
0 2 0 0 2 -1 1 1 -1 -1 -1 -2 1 0 -2 2
2 1 1 -2 1 -1 2 2 2 -1 2 1 -1 0 2 0
-387
2 1 1 2 2 1 2 0 -2 -2 0 2 -2 1 1
1 -2 -2 2 -1 1 -1 0 0 0 1 -2 0 -1 -1
-420
2 0 1 -2 1 -1 1 2 1 0 -1 -2 -1 0
2 0 -1 1 0 2 -1 1 2 1 -2 -1 -1 0
-291
-2 2 0 0 -1 -1 2 -1 1 2 -1 1 2
2 2 2 -1 -2 -1 0 -2 -2 -1 1 -1 0
-137
1 -1 2 1 2 -2 1 1 1 -2 2 -2
-1 1 -1 0 2 -2 0 2 0 -2 -2 2
-215
1 -1 -1 1 1 -1 -1 2 -1 -1 0
1 0 2 0 1 1 0 1 2 -2 2
-429
0 -1 -2 2 -1 1 1 -1 0 2
1 2 2 0 -2 -2 -2 -2 0 -2
-666
1 -2 2 2 -1 -2 -1 -2 -1
2 2 -1 -2 1 -1 1 1 1
-461
-1 -2 0 -2 0 1 1 1
0 -1 1 -2 -2 2 -1 -2
-562
-1 -1 -1 -2 -2 -2 1
1 -2 -2 -1 2 -2 0
-564
2 0 -1 -2 0 -1
2 -2 2 2 -1 -1
-264
-1 2 2 -1 1
2 1 -2 -1 -1
-75
-2 1 0 2
-2 2 2 -2
-535
-2 -1 -1
-1 0 2
-244
1 1
-2 1
-675
1
1
-379


