20 17 226
-85
0 2 -1 -1 1 -2 2 1 0 -1 -1 2 -1 0 2 0 -1 0 1
-1 -1 -1 1 2 1 0 1 -1 0 0 0 2 2 -2 1 -2 -1 -1
-47
-2 -1 0 0 0 -2 2 1 -1 2 0 -2 -2 -1 -1 0 -1 -1
1 0 1 -2 1 1 2 2 2 2 -1 2 0 0 -1 2 2 -2
-18
0 2 2 2 -2 1 -2 0 1 1 1 2 -2 -2 1 -2 0
2 2 -2 0 0 -2 1 -2 2 0 -2 2 -2 1 1 2 0
-147
0 -2 -1 1 -2 -1 -1 1 1 0 -1 2 -1 1 1 -2
-2 1 2 0 -2 2 2 -2 2 -2 0 2 0 2 1 -1
-164
-2 2 0 -1 1 -1 0 2 -2 2 -1 2 2 -2 1
-2 -2 -2 0 -1 0 2 -2 -1 2 -1 0 -1 0 -1
-125
1 1 0 0 -1 0 -1 1 -1 -2 -2 -2 1 -1
1 0 1 1 2 -2 2 1 2 0 -2 2 0 0
-212
-1 1 0 0 -2 -2 2 -2 2 -2 0 -2 -2
-2 0 0 -2 2 -2 -2 -2 -2 1 0 0 2
-124
1 -2 1 -2 1 -2 2 0 0 2 0 1
2 1 2 1 -1 0 1 -2 0 -2 2 -2
-145
2 2 -2 0 1 2 -1 -2 -1 0 2
-1 -2 1 -1 1 0 1 2 0 -1 0
-55
-1 -1 -2 1 2 0 2 0 -1 -2
-1 1 2 -2 -2 2 -2 2 2 2
-79
1 -2 -1 2 -1 -2 1 2 -1
-1 -2 -1 1 0 1 -1 -2 0
-61
-1 2 0 -2 -1 -1 2 -2
1 0 2 1 -2 0 0 2
-181
0 1 -1 1 2 0 2
-2 0 1 -1 0 0 -1
-197
-2 1 -2 -2 1 -2
1 2 -1 -2 -1 -1
-23
-2 2 0 0 2
-2 0 0 -2 -1
-157
0 -1 1 2
-1 1 -2 -2
-216
0 0 0
0 -1 2
-91
-1 -1
0 0
-55
1
-2
-190


