1000
-2055 -2413 3317
-3243 5562 4746
-9999 5562 2010
-2055 -7005 1275
-6635 -1751 15
6781 -411 3
-8523 -6384 3112
734 1698 799
9774 -73 304
-251 -5533 287
-3687 -8229 765
-9319 -206 70
-251 -6188 368
262 -6188 145
7539 -5904 1178
7539 -8446 1364
9459 -73 11
4683 -7613 1611
-4410 -9193 440
-5548 -7404 33
1550 1936 51
5995 -6188 326
6287 -9385 201
1163 -9845 2557
1936 1936 335
-9999 9096 1524
3839 -2413 2577
-1403 1146 38
1345 3087 467
8323 -9916 302
9107 -8446 204
-9999 2577 975
9954 -5621 156
-583 -5533 45
4122 -9845 402
1166 888 119
-5354 183 82
9483 -6714 928
9333 -185 151
4683 -9436 212
-5280 -4133 338
6431 -9550 18
8559 -7515 17
-8523 -2273 999
989 8736 544
1934 -5973 58
-9999 610 992
-4730 -9655 122
7083 -1436 528
9483 -7743 101
884 -5748 73
-6297 9634 344
-8658 3774 225
1304 -6533 758
1936 2373 102
9501 63 1
-5394 -2993 72
9347 -8402 40
-8267 3654 184
8719 -9661 169
322 -6485 158
6624 -1748 27
101 632 414
-9932 -2273 410
1304 -5008 767
6139 -4138 298
614 632 99
-7263 -1702 100
-9159 3136 34
6416 -9662 95
-8844 1595 52
2726 -7761 48
-4332 51 38
1758 7690 137
7338 -517 244
6299 -4522 118
6442 -1436 113
-5143 -7404 372
2350 -5008 279
9139 -8701 53
-514 -7005 266
6909 -7048 128
6886 -2924 341
-6753 -302 1390
5244 -9688 403
-8668 1925 322
-9579 1545 33
-3611 -9272 180
9483 -7908 64
-6158 -4320 27
-5652 -2993 186
-2888 -8229 34
9090 -9661 202
6065 -9089 169
1166 604 165
-8013 599 159
-8199 9096 276
2726 -7677 36
-3011 -9272 420
9772 -5741 62
-8342 3962 133
-5365 -6384 46
6047 -9341 43
3087 -7860 4
9309 -7908 110
9139 -8877 123
-9932 -1229 634
9333 -8354 10
-3955 -9493 105
-4574 51 204
6543 -1211 57
680 -5476 13
1576 -229 568
6844 -2484 101
-141 9698 424
345 -5533 309
1563 7718 60
-4911 -6753 153
-7491 -9394 70
8649 -9493 13
-9932 -2938 255
-2055 -8585 305
-545 -7485 215
7715 -853 261
1576 355 16
-9469 3438 2
-7491 -9560 96
1609 3582 94
-8523 -9942 446
1406 658 81
-9108 -3201 98
794 -7213 92
-4410 -9839 206
-9039 3171 91
6442 -1636 87
989 9535 255
6616 -4522 199
5967 -4771 297
1524 7378 253
-5556 -4928 193
8583 -7505 9
-9166 3593 32
874 385 200
-5044 -7944 177
214 -6629 22
-369 -5828 6
-4794 -6993 114
-6718 9883 38
6973 -3340 84
-9357 3433 95
-3915 -9093 65
6491 -9470 20
-3687 -7297 167
680 -5491 2
6414 -331 130
-7590 814 5
1166 438 1
-9348 1478 93
2116 -7142 257
3966 -9390 79
-9999 -470 88
-4007 -7057 233
-9348 1378 7
8719 -9864 34
-3942 -9193 28
-9474 -254 19
-8582 3417 140
2356 1965 86
3070 -5764 765
-6158 -4157 136
6211 -4954 8
6853 -884 70
9483 -5773 13
-3654 -5938 19
-8633 3277 9
-8171 3374 112
-9572 -2630 97
2677 -6890 358
-8236 8115 218
6065 -8881 39
-8004 3654 79
81 -7005 329
6589 -774 216
541 9072 16
-5004 51 226
-4332 136 47
-6110 -4017 12
-7331 -9860 244
-3797 -6777 117
-5445 243 27
-6978 -9860 109
6065 -8734 108
1787 -4364 38
6126 -506 207
-8800 1562 3
-8085 389 63
6482 -2924 63
6616 -4737 16
-3071 -8691 5
-9579 1612 34
-4188 -7561 70
-6579 -2638 608
-7950 879 128
6781 -518 104
9410 -9901 198
-9426 -268 31
-8380 -302 237
666 9571 70
884 -5858 37
6132 -5472 67
560 -7125 158
-7335 2493 369
-2851 -8106 80
-8302 4160 69
-7933 8115 85
-4460 -6993 220
-5668 1180 77
9210 -9270 207
-3955 -9751 153
-8747 3365 33
-4100 -7456 67
8575 -7527 3
2677 -7296 48
-659 -6043 65
9448 -9030 131
-5955 -2323 91
-704 -6647 98
1539 7788 14
-5887 -8361 183
-4458 -8229 6
-6072 934 19
-9130 3433 132
2596 -7404 87
81 -7405 71
-3831 -9030 40
6706 -5009 2
-4746 -8873 24
-3797 -6650 10
-5280 -3675 120
-5735 -2131 201
-7968 3038 21
2196 1663 42
-7619 1499 57
-5351 -6432 4
-8004 3878 145
-8652 1482 3
-7404 -2513 128
4084 -9390 39
-4533 -8189 79
-8053 2356 330
3203 360 268
2278 2318 9
-6075 9930 26
-322 -6785 26
3942 -6073 98
6886 -3270 5
1554 7808 11
-8632 34 183
-3509 -6657 195
9266 -8099 74
-3557 -5575 27
-7926 3550 51
-1791 -9033 215
2352 -6530 127
-9498 -422 139
-8298 599 126
-8990 3604 89
2020 2453 14
-7830 1104 127
5704 -9259 226
2726 -7612 29
1486 960 209
-6234 -3867 86
-6207 -3180 34
-4366 357 166
-8139 461 27
-1791 -9439 191
2794 -7612 39
6575 -7048 206
-9785 -534 2
-7215 8601 183
-2751 -8502 210
2168 2453 134
6480 -3259 138
2182 9061 34
-7395 -1757 43
2296 1786 55
2409 1379 313
-5143 -6973 59
8946 -9826 17
6287 -6832 154
-7098 -1798 49
-8646 1482 3
-4677 -8081 101
-7935 -9942 142
-4914 -9655 62
-5415 243 3
-8632 345 128
89 -5725 11
-9240 -3102 67
-8074 972 27
-6793 -9860 76
-2686 -8912 65
-3519 -7202 26
-5887 -8650 106
-9012 7696 61
-2325 -8945 145
1927 239 17
-5768 -4769 72
9600 -8064 131
-7587 -3142 48
1177 7497 79
7991 -738 38
-5272 -8039 70
-4099 -9943 87
8640 -9481 2
-9499 -9474 118
-8351 6798 50
6529 -3000 24
7324 -4588 49
2446 9231 280
-2325 -9204 114
5899 -5810 64
-8030 6543 70
2392 9959 450
2090 2293 44
1486 729 22
-8109 4554 132
-8122 8634 1
2376 -7142 3
-761 -5763 233
-3054 -8691 12
7503 -1095 13
-5028 -9503 128
2409 1027 39
-7836 3502 51
3563 864 52
-5887 -9086 330
-7331 -9571 45
-8514 3582 15
8955 -9238 50
-8076 4032 25
6578 -2693 44
-8772 618 9
6275 -9662 46
9448 -8827 72
-8538 879 22
-6559 -9860 158
-8365 1226 162
9667 -5741 43
-6515 -9377 327
9893 -9441 469
3407 613 57
1838 8736 305
2279 883 155
1648 8280 189
2585 731 21
-9130 3279 22
2164 -6389 108
6119 -9545 31
-5735 -1824 106
6182 -8734 9
7409 -4088 30
-851 -5547 1
-7683 -3252 98
-6983 -2141 11
8656 -9864 29
-8236 7506 247
-5133 -491 121
1495 8076 66
1993 1169 153
-4869 -9503 31
2156 1621 16
-1017 -8210 168
654 385 20
1406 466 111
-8209 1613 233
-6023 -1920 76
-8692 -187 46
6973 -3805 381
1524 6989 136
-3734 -6517 70
6529 -553 13
8817 -9238 88
-8844 791 118
-8010 1054 57
6461 -6408 12
-5215 -6445 45
-9543 -9591 7
2585 360 350
9448 -8657 98
-3611 -9526 74
350 -6023 42
-8261 6846 52
-7641 1056 68
-5085 -9327 57
1748 9136 105
645 9499 5
1651 7959 129
-1473 -9033 103
2866 -7612 33
-3517 -5773 175
7369 -3970 48
-7292 -2447 2
-4540 589 124
-499 1113 355
6921 -2156 210
-5723 -4160 52
6949 -423 89
2842 9719 60
5899 -5723 23
-8170 6906 57
4063 534 54
6976 -4456 167
1712 3582 9
2176 -6662 93
-6493 9319 27
-7675 2304 20
-5567 -1509 251
-3793 -9751 9
9328 -8966 5
6287 -6558 120
5700 -9688 53
6765 -4872 112
1710 960 15
-5227 -4928 136
-4268 -7579 12
-5879 -4225 117
1921 1379 69
-9003 610 4
4683 -5528 474
-5079 -6704 22
1909 3168 38
9636 -7904 33
-7523 1056 50
-6945 1693 521
3839 -5060 70
-8950 3400 51
2913 1095 3
1320 8076 109
-7759 9127 131
-5910 -3867 238
-7444 9883 688
-6202 -9194 3
-427 1542 80
-9469 3418 18
-9547 1588 6
7991 -633 67
2806 -4994 49
-851 -5536 10
-373 -7797 3
1524 6780 73
-4527 -4836 10
2971 -7556 86
6438 -3041 62
6976 -4637 14
-23 -7483 59
5244 -9221 64
4058 -5528 151
8039 -688 6
-3953 -6712 52
-5272 -8147 38
8955 -9085 103
-7639 2790 56
-7340 -2646 3
5899 -5535 165
81 -6590 86
-5536 -8480 133
5615 -4885 73
-1309 -9124 18
2793 1379 71
6494 -4138 13
-578 -6527 44
-5679 -3707 43
-4111 357 89
7050 -601 56
1085 9815 41
-2072 -9231 26
-5495 -2292 88
1813 -4245 43
-8291 3284 38
2452 -4728 19
-9348 1612 41
-3371 -9002 30
705 9748 100
-5013 -441 9
7392 -277 2
-962 1113 108
6488 -4872 165
6873 -4728 68
9539 -5683 93
6949 -537 25
-765 -7485 5
-8794 3501 80
1345 2528 92
9539 -5554 36
5850 -9688 97
7024 -4657 38
2476 1965 34
1001 -229 7
-7813 8080 40
9338 -8180 29
-8365 987 77
-4050 247 8
6164 -8881 60
1853 1064 22
2891 -7406 84
2764 -4938 21
-7354 -2393 2
-8090 1204 113
-8913 2500 38
-7148 -1798 1
-2072 -9137 68
705 9951 103
-7003 -9355 109
1875 816 204
-8005 8275 63
-7523 984 22
-9967 -9942 248
1963 2493 21
-7627 9127 1
1785 1379 67
6416 -9786 29
3109 -6941 77
6438 -3115 12
5663 -6188 6
-5007 -4393 39
2773 -7677 11
-5215 -6580 90
-5879 -4386 44
345 -5218 6
-3512 -9546 27
-2613 -8686 20
5229 -5888 180
-7900 7604 103
-5655 -3564 102
9758 -5621 40
-356 -5828 7
2591 -73 75
-6579 -1939 91
6464 -2413 48
-7095 8419 35
-7480 8015 144
-3955 -9362 26
-8772 516 93
-643 9824 44
2226 1703 8
8046 -501 76
-4899 -6937 5
-9143 -9453 19
9332 -8570 47
6578 -2582 67
-3611 -9087 5
-4256 -7460 1
-5369 -8708 38
-7830 1380 149
3938 -5346 67
-1551 -8457 215
-6579 -1793 55
-9517 -2941 133
-7218 1107 66
-5553 -3739 87
-5348 -8096 25
6814 -3340 75
1105 2637 43
9069 -7838 140
-7935 -9757 43
3070 -6634 105
2846 -7660 19
-4995 -9763 73
-7780 1224 3
-6753 -1772 80
-7107 -3268 214
3487 732 38
-6055 -2248 34
6589 -555 3
1829 -5833 117
-7091 -9585 121
525 9135 49
-5491 -8280 72
7191 -4456 48
-4111 612 166
6566 -9662 55
6575 -1916 148
-3569 -9883 251
6591 -2498 18
-5508 -3158 33
-7444 9066 129
2146 8811 12
8639 -7347 127
-9012 7542 93
2126 1581 34
438 -6131 40
8144 -744 113
472 -6260 77
7612 -1436 1
-2495 -9387 13
874 688 103
-2527 -9342 30
7156 -4381 28
-7995 6123 39
-8011 7975 47
9189 -5524 118
-7732 3307 170
2926 1535 134
-6019 -8537 37
1757 9458 26
-5435 -3399 173
7369 -4079 5
6279 -4746 16
-7215 8374 44
-8395 8781 95
8685 -9388 98
6678 -4988 33
9448 -8276 117
-2223 -9340 56
9816 -8352 229
2476 2000 1
5746 -5739 90
-649 1473 35
2258 2333 16
-6378 -1939 110
8639 -7487 13
1838 8428 3
6459 -4138 22
-7083 -3016 22
-8676 7366 167
2003 9607 49
1212 7581 12
8024 -853 48
-5175 -177 59
973 8076 74
-168 -6673 86
3550 360 79
-8194 945 96
8632 -9493 4
8825 -9388 42
-8380 -862 323
-2133 -8945 47
-5960 -1704 149
6754 -3403 12
-8418 3417 24
-4177 269 21
-3412 -5981 58
-8044 8327 2
1869 -4203 27
-8524 3558 11
-1955 -9562 14
-6005 9930 44
-5330 -6452 25
472 -6346 9
7369 -4046 28
-5855 -4431 7
-4677 -7915 65
-7383 1107 99
-6012 -3587 60
-5743 -8526 36
-573 9897 47
-9233 1612 74
2119 -5228 40
-8103 -9590 102
5652 -9569 22
-5369 -8858 112
3203 945 317
268 8947 60
470 -6596 27
6404 -5109 60
-8060 4062 9
6194 -1157 92
7918 -405 84
532 -6197 10
-8044 3558 25
-3722 -6877 8
734 855 44
6445 -6420 8
-7395 -9532 4
5535 -4924 16
-3657 -5626 28
2698 -4994 59
-5218 -6933 26
-8332 9552 199
-4887 -4457 97
1840 -4209 2
8800 -9864 47
-327 1690 14
-7515 -2392 16
3838 394 211
1757 9429 3
1097 7497 1
-6072 1029 76
-7479 -2368 12
6949 -586 24
-3951 -9233 13
9707 -7743 123
6132 -5230 175
-4794 -7129 22
-7062 -1721 36
6491 -9524 34
-7845 -9757 47
-8053 1959 67
-4810 -9847 86
4403 -5078 56
2715 -7552 32
-578 -6459 24
-7773 8155 45
9660 -8871 134
-2077 -8978 18
5855 -8889 121
3099 -7151 39
2026 1435 50
6886 -3286 11
3062 -7613 10
-3763 -7057 11
1492 658 5
-3470 -6909 60
4403 -5021 1
6328 -5256 7
1406 746 7
1212 7634 41
6587 -9524 62
-4540 788 75
-8461 8255 47
-5507 -2131 27
2074 1490 23
-4967 -4393 1
-6493 9225 67
7191 -4588 84
5551 -5274 270
-4677 -8837 5
468 9211 46
2904 -7322 1
-8199 429 41
-1439 1161 1
484 9274 19
-490 1482 7
-5363 -1356 4
6537 -2413 25
-2530 -8502 11
-5847 -3021 11
-6397 9197 33
1868 9318 113
-8054 993 2
-4718 -8852 11
-6673 9321 137
9816 -8093 30
-7480 8262 103
6784 -3465 8
-8851 345 91
-8115 4000 2
-4744 -7915 2
-3602 -5977 46
-8287 1925 59
-5488 -2870 19
-6055 -2151 63
-8996 -206 253
-5413 -8176 58
-3509 -6334 128
5083 -5108 106
870 -309 76
2974 9818 105
-251 -6559 3
-3539 -9472 16
21 1091 19
-3602 -6080 57
-4564 -8620 141
6348 -5151 10
-4343 612 66
-4644 -8770 29
1909 -4245 31
1684 2437 158
1868 9535 104
-5491 -9166 74
-8109 4355 67
-9734 -9734 1
-6778 9221 8
-11 -6590 6
-4911 788 296
6139 -3826 14
3193 -6806 82
-4951 -4337 39
345 -5209 3
1493 9183 103
-5495 -2411 31
5982 -9787 68
-8291 3242 4
950 -459 94
-4887 -4588 34
9539 -5491 27
-2163 -8985 3
-3921 612 24
-2109 -9231 11
-562 1542 55
1849 3317 87
-1791 -9948 318
8568 -9432 27
-9568 -1814 55
1304 -3977 264
-718 9824 31
-1772 -8397 14
-9240 -3012 23
-6781 9465 43
-4700 -4772 55
1618 9183 22
4679 -9845 155
-3260 -6095 132
-4544 -7471 104
1367 6989 21
2352 -6314 89
865 2853 67
-8364 4308 41
-5771 9930 190
-5842 -2638 129
6607 -4992 4
-5278 -302 85
-8389 4248 24
801 9991 1
2326 2453 24
-1564 -9093 6
7922 -633 2
-5846 -3615 22
-8052 9427 72
1592 -3857 48
-4575 -9695 13
8841 -9451 23
-4214 -6877 32
-7323 -3430 56
5886 -326 93
-7866 4062 85
-5536 -8858 55
-7641 913 75
320 9698 37
2254 -4728 17
4149 394 100
-8030 6759 146
2129 9231 37
-1906 978 29
-5652 -2738 69
7819 -385 17
-3641 -6481 25
724 -5617 74
-1105 -5630 22
-6207 -3134 12
6403 -6645 25
-1824 -8805 14
-5394 -2888 33
-2385 -8801 11
7795 -430 34
-5381 -6321 19
-8206 3038 217
2350 2460 1
-6832 9149 82
790 -5813 24
-4752 -7981 24
6671 -9626 56
1404 8211 50
-5433 -2836 32
-5491 -9387 147
5229 -5698 10
3027 -7849 57
-4044 -6712 39
-2912 -8197 6
8819 -7822 60
2196 -6106 171
6279 -4777 15
6242 -9618 9
4102 -5965 6
-5415 -6865 33
-7737 941 25
6119 -9591 15
7951 -558 18
1843 7959 63
7718 -430 43
-5467 -2196 12
-2339 -9370 38
-6273 1297 259
-5218 -6867 40
-7383 979 29
-9733 -395 47
1598 9239 16
2483 -6530 4
9867 -7707 41
6368 -5214 51
-5870 -3570 29
9805 -8033 31
-7411 1203 1
3318 -6713 24
-4059 447 7
1677 1379 41
1849 3200 30
9913 -8033 77
-7950 6609 24
-4143 -9751 35
-552 9969 28
2362 1786 11
-7619 1380 62
-2072 -9059 10
2146 8836 13
2074 1462 5
-1439 -5773 99
6745 -4350 16
7987 -9864 38
-8236 7860 37
-5367 -6452 12
-4807 -4517 3
-7536 8172 3
-7177 9066 138
1944 383 128
-4280 -7474 13
6927 -4624 8
-6048 1569 94
-8439 8664 30
-1564 -9108 9
-5796 778 53
6537 -2445 7
1576 374 3
-6012 -3505 22
6671 -9743 61
1677 1426 6
-5309 -6480 10
-7813 7970 70
6598 -1163 16
-7003 -9480 16
1232 8181 28
9561 -8739 31
-7395 -1687 27
-5556 -5148 27
1562 7788 9
-5508 778 235
1129 8076 82
-4983 -4698 112
-8868 3604 33
1025 11 33
-5206 -367 12
-2011 -9595 51
3550 518 79
-6429 1505 1
-8582 2919 108
5436 -5550 29
8663 -7519 27
9774 238 7
-3953 -6552 108
4069 310 16
-7786 7756 87
-1105 -5763 111
1581 386 10
268 9366 41
-8132 1348 37
-4396 746 75
-545 -7788 88
-810 9893 84
5983 -5775 27
2904 -7301 20
625 9484 20
1581 404 8
-3800 -9991 4
2380 -7145 2
-5272 -8187 2
-7128 1155 36
-1195 1113 125
1578 1359 60
-7245 -9513 49
-734 -6813 26
2774 -7816 25
6607 -4998 2
8550 -9512 55
-7619 1222 96
-6601 9081 113
-2430 -8585 70
-7788 -3288 13
7203 -2156 72
5948 -5230 9
2016 9207 72
-4380 -7594 101
1619 2593 11
-8498 3606 7
-8556 4054 73
-6055 -2287 5
-5556 -4650 85
-7187 -2743 9
-2600 -8770 65
1268 8196 11
-6486 -8957 94
-5335 -6644 46
-4077 -6668 16
-4035 414 6
6618 -2413 56
-7800 -3323 24
1900 2791 162
-7486 -2392 13
-9335 -2941 49
6296 -1157 10
-9767 -9734 32
1951 9847 5
-8018 4118 61
-8996 -752 293
9044 -8166 83
1205 9837 81
6837 -357 41
9609 -9030 30
-810 9782 27
