1000
1770 -5127 6700
8135 5193 5425
-3165 1817 1819
8882 -5127 412
-8106 -9242 3999
175 5193 2535
-560 9449 1784
-9405 673 4525
9074 -4112 621
9074 -2836 655
-2265 3584 164
1135 8545 137
8135 -613 381
-8106 -5200 43
-2345 6343 235
-2345 6024 84
-3705 6343 1125
-5784 9115 2340
9842 -5189 550
175 2150 508
-8106 -4847 310
8370 -2308 225
4874 9541 10
8755 -1264 518
9217 -1704 120
9257 -5327 13
-3444 7591 150
7715 -8524 38
-2345 6748 170
-4002 -9020 111
9290 -6224 623
-6740 -3107 100
-9405 -4466 614
-2030 7320 483
8621 -6224 46
-6717 -3371 165
9743 -9347 39
-8301 -4024 300
-8506 -5042 135
-4857 5863 123
-9901 9115 1777
-7116 6539 560
-4744 -707 336
-8301 -4445 121
-4940 -5127 10
-2802 7047 20
-4744 -1472 429
1772 9449 548
-2400 3908 187
1770 1974 401
-6717 -4325 789
-4460 473 42
-3962 -8822 91
9290 -8103 1256
2332 8399 642
-8525 -3817 5
-9108 7339 168
2302 2598 419
9670 -3283 90
-9108 6200 971
1385 2526 272
-6436 6161 218
-6457 4678 448
-3993 -1472 52
-5097 6115 225
-6534 -3371 18
-6548 5266 147
-2518 7320 5
-5349 5380 552
856 2150 173
9696 -1264 423
-4965 3707 791
8627 -506 12
-2751 7320 228
-8474 -4445 52
-2552 6972 135
4686 9682 225
2992 2294 335
9842 -4456 183
-7636 6770 9
8147 -1369 99
8614 -4541 8
2332 7521 236
-2796 9449 452
9638 -3689 84
-5372 6355 140
-7053 -5073 31
-1468 7427 58
-5735 -5852 66
-8413 -5166 20
-8716 -4970 87
-2073 3728 76
-2825 4721 71
-1635 2911 23
-6717 -5250 136
8794 -2164 73
-265 1766 76
-5613 -4372 316
8495 -6373 33
-9981 -4986 162
-6059 6161 159
7598 -9498 585
7877 -1225 207
-5148 -1169 76
-5759 6216 146
-5522 -3784 279
-3948 -1412 23
-2796 8476 521
-3165 4922 172
2262 1588 33
2443 3492 300
7598 -8894 19
-5940 -2627 260
2701 7521 133
-3692 4529 68
1174 8293 118
-5302 -3553 40
9730 -6749 62
2909 7626 100
-3755 4193 33
856 1869 108
8130 -2408 35
2750 9449 430
2749 7381 15
-3165 -19 17
1515 8399 175
3098 1698 253
1774 7655 288
-4857 5722 18
-6768 5458 145
9661 -652 190
1454 7727 40
4077 9882 416
9405 -9423 69
2732 7838 47
990 1869 26
7877 -1509 77
8414 -9271 204
3345 9245 199
7771 -1509 29
1220 8677 20
3229 8399 171
-5338 -5032 399
-7200 -3681 16
-3692 4720 123
2419 2078 114
-5218 -3784 25
-7486 5458 573
-5173 -1400 6
-6500 -3007 160
1371 8234 44
-4194 -1852 21
8409 -3268 138
-3117 -39 35
-5798 4678 211
-2086 3953 14
-2745 4913 137
-4629 5170 198
-6884 -3167 56
-3081 -199 129
2354 9194 41
3398 1698 47
-2699 7656 112
-2225 6118 20
-2796 7860 95
-177 1532 174
-8461 8035 23
-8281 7900 202
2764 1969 62
-3948 -1185 204
-3444 7865 124
-6087 5380 186
-6457 -3335 67
-4069 5095 175
-5833 3524 14
-8873 -4865 51
-7473 -4892 156
3541 8424 142
-4811 4547 63
8710 -2199 18
-2417 6078 6
8585 -6147 39
9049 -1974 198
2692 8945 12
-3720 -881 176
2187 7173 141
-4411 -1028 126
2828 1698 17
2768 1730 51
8102 -2360 9
-4629 4790 182
1106 1869 90
-5818 -5001 82
8716 -2060 57
-8148 5458 89
-7754 -4712 67
2756 7883 4
-7333 -5063 65
-8649 -5042 8
-2505 3656 86
-8506 -5197 20
-6884 -3236 13
8491 -9691 223
-3624 7558 33
-6132 -3351 48
-2134 7992 197
8198 -9748 65
-6297 -3650 6
7662 -613 92
-4897 5041 13
-3339 8176 66
-9405 -5215 135
-5097 6516 176
9495 -9823 341
3107 9109 63
-6436 5846 97
9696 -1755 68
-5798 4375 92
9364 -1844 83
-4160 -284 373
8776 -2071 4
-1712 7913 136
-4272 4714 183
-6367 6421 51
1394 7664 47
9551 -856 10
-6271 6381 53
-9841 6987 9
-4387 -631 29
-760 1866 429
23 1577 31
-3771 4130 32
-4430 76 77
9430 -544 65
7997 -1407 11
-8405 -4367 9
-3129 7785 201
-5089 -4700 16
3473 1698 28
1572 8575 10
736 1933 28
-5293 5968 20
-5627 6040 74
-7301 -4892 16
1515 8189 35
-3321 8296 34
-6937 4570 44
-1165 1637 1
-6361 -3295 37
-4793 5743 13
9754 -2836 25
1187 2790 58
2272 7041 16
-6457 -3438 36
-3101 5174 88
-1252 2071 104
8078 -1461 16
2506 7289 54
2240 9848 67
-5289 -2627 391
-7966 5136 5
9842 -2941 112
1400 9945 72
9785 -9291 31
-5940 -3120 233
1809 2874 146
3107 9177 5
-4128 -996 57
-7803 -3838 40
-4401 4542 32
8882 -5589 50
-7971 7791 1
4959 9818 80
7715 -766 66
736 1984 23
-5342 -3355 162
-2060 6680 123
7282 -993 190
9936 -1682 59
-5845 3701 71
3541 8252 30
1166 7835 238
-3722 7558 65
9967 -4156 142
9670 -3438 65
1090 8158 41
7715 -8738 176
-5585 6355 73
9936 -1984 243
1473 8149 23
-4965 4570 72
3014 7626 5
8147 -1251 19
-2479 7821 163
-2860 -31 54
8113 -1251 15
-2956 5174 57
-5522 -3486 19
3211 9677 15
9826 -6749 34
-6367 6620 148
-5053 -5412 76
-4272 4378 153
8538 -1993 132
1054 8328 7
-4668 -2192 295
3068 8159 118
-8828 7160 29
8692 -9959 112
9378 -1704 41
-9901 7162 176
-6537 -3446 30
9936 -2477 250
2539 3114 90
9430 -1756 27
-1635 2857 31
8373 -6931 145
-7545 -5196 36
-7602 -4325 96
-7686 -5008 11
-6087 5720 154
-3975 4130 172
-2119 3953 19
-7779 -4847 17
1396 1806 9
-8865 -4130 22
8575 -471 39
-3540 -956 19
-9734 7006 5
-3827 4019 13
2246 1974 75
-6389 5266 12
-3787 7630 32
-2782 7026 9
-2173 3908 40
175 1610 32
3729 9133 201
1719 2994 4
-5743 -5284 78
-6311 -3415 93
3545 1752 62
-3372 8476 55
8743 -9691 29
-5113 -5492 24
-4887 6227 13
-7845 6059 117
-3908 4720 93
-8276 5362 71
-3787 7735 73
7494 -389 188
3266 8119 84
2832 7838 53
-8423 5362 76
8785 -9691 13
-7232 -3621 52
9879 -9291 63
7875 -8858 24
-6692 5136 47
-2255 5976 18
-5338 -4612 21
3473 1667 3
-5372 6553 58
8370 -2046 37
-942 2490 221
-7768 7028 255
-4469 5290 2
-3065 -39 17
-7232 -3507 62
-4180 -1302 35
-5628 -2175 174
-6059 6479 159
-2409 3692 16
8850 -9691 52
-7700 -5008 3
-4629 5452 84
-6475 -3255 15
8414 -9047 20
-3806 3999 16
-3236 8860 63
-8985 -4979 49
2593 7377 47
-1693 713 21
2701 7711 57
8867 -9835 93
-7755 -3783 33
2707 3844 140
-7053 -5110 6
2302 1869 44
1857 2598 26
1246 8677 6
-5113 2668 208
-2912 5301 52
-8621 -4264 100
-5915 6644 60
8285 -3361 17
-7480 7288 133
7494 -611 34
1702 8183 24
-3309 9633 93
-7242 -5063 26
-8405 -4342 16
1187 2849 1
-2484 4153 72
-3989 97 35
1560 8575 2
2312 9878 11
-5973 3941 201
-3908 4598 29
-2591 9941 81
-7433 -3621 149
-2102 6343 8
-8790 -4833 6
-4881 -2797 51
-2149 3953 11
-4140 4279 12
-6997 4595 21
-3766 3969 34
9632 -4528 39
-8373 -5196 30
2338 1645 62
-2493 4913 115
-6606 5846 73
3411 9605 167
-5645 6400 2
-760 1419 18
1631 3096 2
-3800 -92 35
8053 -1521 49
3581 1647 49
-6882 4846 9
-4314 5179 84
-3949 4935 25
3292 8615 54
7077 -389 229
1473 8125 1
-4459 -1852 46
-252 1352 21
4424 9465 22
9914 -3689 192
-8632 -5162 39
1648 8638 15
-4083 3707 91
-7806 -4358 41
3359 9974 76
1366 7985 12
-6367 6798 30
-7789 -3671 63
-4371 5103 11
1316 8293 24
-1530 7288 15
-3995 4604 52
2652 1885 78
-1916 6697 22
2688 2026 33
7082 -948 15
-6231 6339 5
-6020 -3435 92
8740 -9576 3
-2105 3416 68
9819 -3461 55
8011 -1665 101
-2337 4293 131
-6400 6798 3
2851 1602 12
-6509 -3255 19
-5007 4714 78
-6884 -3100 11
-2418 5013 10
2646 7663 16
-4869 838 14
-1436 7228 19
1728 2526 71
2330 9593 14
-2073 3837 33
992 2423 132
-8373 -5235 9
-4805 -2627 93
-5973 3716 24
7667 -1337 31
-7653 -4185 53
-5238 6704 59
-4315 -918 20
-5725 6040 24
-6332 -2908 35
3182 9575 20
-6251 -2908 46
-8148 5301 68
2789 1909 3
-4160 180 91
2206 1678 73
2386 9134 27
-775 1383 21
-6926 4678 21
8098 -2534 95
-2928 5431 14
-2417 6086 2
-6228 -3204 67
3729 9350 16
-7186 -5105 44
5003 9935 45
-6402 -3475 16
-5773 -5508 148
-5653 -5627 21
-8913 -4097 1
4959 9693 45
8638 -2178 57
-825 1263 109
-5191 -3784 2
-5660 6355 2
-6002 4199 48
-5137 4714 52
-2460 9003 104
-3396 4713 12
-5782 -5106 29
8585 -6072 36
7458 -596 5
2578 7268 21
8674 -483 12
2352 9878 29
-4314 -1852 99
-2300 4497 36
-2013 3485 47
2347 7173 19
-9363 -5359 15
1375 2207 3
8329 -2836 90
8495 -6256 84
-432 1396 115
-4249 5020 20
9406 -401 80
-1273 1817 73
-5763 -4864 58
-6228 5192 49
-3890 77 66
2125 3492 18
-4129 5270 10
1106 2018 59
-6762 5160 27
-4790 6715 22
6946 -9987 230
1358 8150 41
-9981 -5359 211
-9261 -5173 15
-7645 7288 32
3453 1646 26
9980 -6677 136
-3225 9745 47
1372 1799 16
3038 7935 108
-2745 5146 96
-3925 -881 29
7760 -874 51
-5858 -3924 85
-9399 -5374 24
-8438 -4847 22
1809 3109 89
-4544 -284 11
1772 8839 62
-2707 4709 25
-8222 5187 28
7658 -1377 10
9395 -664 60
2563 2120 36
1085 2651 53
8554 -4721 38
-612 1284 97
-2680 4709 2
9973 -627 123
-2431 5193 71
-2348 4483 14
-4629 4530 78
7588 -1337 48
-668 1389 22
-2490 5431 136
-755 1368 4
9899 -9520 164
8559 -6683 165
8929 -9376 46
-5896 -3360 11
8969 -2166 10
3002 8271 12
-2564 5787 20
9813 -9270 4
2411 1645 11
8203 -2622 42
990 1933 38
1467 8203 15
-3862 5095 32
3464 1752 19
2330 9611 4
-9637 7139 89
8876 -6776 67
-2564 5904 97
8235 -1147 15
-3585 -79 81
2246 2059 10
9730 -6865 54
-5973 -5553 57
-6123 -3717 61
-2108 3908 25
1256 8677 4
-7057 4595 39
1347 8329 7
-5551 -1911 101
-6062 -5184 223
9966 -3265 190
9980 -6857 44
2251 6750 60
-4793 5699 31
-3372 8406 15
-4818 838 37
-3313 9449 65
7518 -643 6
1728 2654 57
-3962 -8715 16
8078 -2353 8
3473 1817 35
-4516 194 45
-1954 8104 15
856 1663 98
2933 7150 18
-5915 6581 3
-5068 -1019 94
2432 1617 24
8788 -6710 43
7760 -938 13
3017 8989 87
-3856 3921 68
-1285 2535 51
-726 1419 16
210 1598 5
-6817 5056 74
-2461 4787 15
1246 8670 1
-2073 3627 25
3545 1820 6
-4297 -814 44
-5570 -3498 11
3091 7662 80
8666 -9310 51
-702 2670 79
-5338 -5493 62
-6768 5680 77
2443 3817 25
3308 7975 66
2801 3492 58
-3366 8860 67
8131 -2718 78
-9300 -5303 2
9259 -1902 24
1394 7717 6
-3339 8093 17
-5533 -5677 109
-8215 6632 18
-6606 5740 33
4926 9612 25
8830 -5741 44
9857 -6865 73
9301 -2089 79
-4286 5275 16
3118 7542 43
8725 -9667 1
9660 -2270 95
7868 -1641 44
-4052 -8667 86
-8789 -4466 2
1372 1778 5
-7511 -5092 18
-7781 6311 143
1001 1781 47
-4024 -1589 60
-3935 4562 16
-7779 -4868 4
-2418 5025 2
-3978 3671 20
-7789 -3589 19
-3234 7577 32
3211 9815 123
-5820 -3784 19
2809 1861 49
2578 7300 11
-5079 4570 42
1648 8746 93
-7939 6800 30
9316 -1572 45
1070 8371 12
-2253 6118 8
1713 3149 15
-7745 -3589 25
9860 -6528 23
-2177 8476 98
-5933 4291 67
1350 7631 8
-3386 4862 57
5080 9971 40
3011 7213 3
-3856 3743 110
8465 -3454 8
-5215 -3649 25
-4857 6243 21
7667 -874 42
-2695 5266 34
8945 -9731 37
-2985 7460 28
-4857 6266 2
9313 -401 13
-3458 8296 103
-4896 6715 84
-6384 -3499 14
1905 3037 31
2578 7217 30
3358 1971 124
3025 8575 73
9290 -5419 48
9966 -3068 7
1585 8189 35
-5209 -1385 33
-6020 -3601 74
2137 3130 138
9301 -1966 44
-8469 -4294 18
-3429 -287 179
-1412 7328 33
2714 3114 85
-4535 -24 68
-6389 5249 5
2785 7354 30
-6225 4243 45
-7696 -4984 15
-2420 5844 59
9430 -2089 50
-6207 6307 35
3461 8274 28
-5011 -1828 16
9441 -1604 2
-8860 5255 6
-5909 -3784 64
-6308 5210 33
8123 -9778 10
-4180 -1613 6
3359 9873 25
2017 3312 80
-4374 5242 3
1857 2651 27
-3600 -1041 24
2659 4130 150
-3081 -394 66
-2577 4438 80
-825 1391 19
696 2014 27
2187 6955 77
1625 8198 6
-4026 -9754 113
-272 1304 31
-5687 6440 56
3445 8304 6
2101 3325 5
-6972 4846 81
9855 -9785 21
8469 -5995 55
1663 3036 66
8752 -6737 2
-1916 6669 6
2782 1602 57
-5973 -5648 38
1364 7624 3
3667 1752 60
-3602 7865 34
-1444 7295 12
3211 7640 42
-2543 7476 32
-1730 6920 17
-5643 4375 63
-7769 -3571 5
2893 7120 32
-8089 -3766 2
-3594 -507 96
1475 9945 3
-3810 95 16
-8865 -4081 27
1201 2018 36
-5338 -5600 45
7649 -1054 78
-3662 -9781 252
8786 -9400 99
-7768 7392 109
8694 -5625 76
-7090 4846 37
3224 8869 134
8118 -1972 195
-1757 6868 22
-3778 3847 20
-3787 7834 26
8649 -1845 53
9016 -461 290
8786 -9531 32
1430 7782 3
-4881 4746 52
9855 -9812 6
-3715 7789 17
-5395 -1976 68
-3845 7558 58
-7629 7318 2
-5499 4435 93
-3480 -764 91
-7218 -5165 24
-3502 8179 22
-3501 -956 20
-5060 2281 108
1289 1695 45
-8632 -5121 2
9538 -856 3
-7750 -4316 29
-5349 4788 40
2578 6901 286
-4164 -948 3
-6311 -3538 30
-4821 -2808 10
1417 8234 2
-2532 6592 19
-5123 -4372 174
1515 8583 9
2355 1958 22
-6510 -5250 71
-5074 -883 38
9850 -6552 3
-5051 -3832 146
-3325 5090 60
8785 -9675 3
-7316 -4884 1
9462 -311 26
-8065 7675 11
-4407 473 11
8524 -6043 18
-9108 5215 14
1360 7627 2
1135 8704 22
-6119 5937 35
-4186 -1621 4
8726 -9531 28
-2812 7656 1
8638 -2259 24
9973 -404 100
-6877 -5172 42
8018 -8834 121
-1342 2127 2
1808 2598 23
-1318 1757 2
1488 8089 38
-1180 1525 112
-6990 4926 1
-2651 5804 8
-5933 -4220 2
-5116 -1916 121
2992 2840 211
-6340 5150 35
-2565 3764 32
2777 7866 6
-4083 3865 67
2833 6765 3
4124 9415 32
2515 6621 1
-4186 -1697 72
8140 -1227 6
-8413 -5191 5
-7806 -4400 1
-2613 5201 47
-1511 7845 23
-3995 4528 24
-8011 5898 112
-4857 6293 25
2599 3034 10
2688 1989 4
-2901 7916 24
-4260 -1241 46
7658 -1395 8
8955 -9940 44
1385 2231 23
1494 7553 10
7676 -1611 16
8006 -1395 4
8776 -5799 24
-6195 -2763 29
-9685 7049 13
2410 1710 35
3015 7719 15
-6984 -3371 102
9741 -337 135
-6251 6307 9
-5357 4442 42
2917 3405 87
9853 -592 2
2668 1730 49
-5051 -3679 7
8585 -6034 2
-8076 5322 7
-5593 -5852 76
-3781 3643 15
-7997 -4252 80
-5134 -5520 11
-6002 6655 26
8370 -2562 29
3590 1971 108
856 7835 72
-6802 5202 31
-4942 -3469 184
8824 -241 2
2077 3403 29
-4267 -1588 10
9488 -2089 8
-8034 6632 163
-6316 6760 1
8409 -3454 48
-630 2616 11
-7924 -4024 77
736 7995 128
8836 -6872 37
-5763 -4924 2
-3674 -119 8
83 1497 69
-6361 -3207 51
-4389 4507 5
3187 7542 26
1508 8797 56
-2733 7026 40
-8169 7720 10
-6436 5658 91
-7756 -3975 98
1583 2976 34
-5085 -5513 11
-169 1738 24
-5121 -2253 19
-5134 -5541 10
6490 -171 144
-3504 8009 32
7907 -1001 19
3067 8719 77
1009 2046 12
-6870 -5250 17
-232 1304 9
4172 9247 26
1118 2707 12
8762 -9576 19
-6964 4534 1
-3291 8057 43
1003 2778 18
-5859 4291 7
-6877 4503 7
-7758 -5092 41
-7858 7900 5
-6817 4980 2
-6639 -5410 42
8552 -3268 5
7245 -613 51
-3750 5127 64
-4956 -5412 21
-3514 -881 30
-5894 6300 13
9973 -296 8
-5842 4918 33
-5906 -5001 6
9895 -4021 11
9980 -6922 21
-7090 4897 14
-7232 -3684 11
-8813 -4833 17
9448 -1831 2
10000 -1634 21
9853 -494 50
9527 -1756 70
-3906 -9200 93
-4112 4594 17
-6091 -3777 7
9973 -779 29
3501 1496 104
7077 -664 46
-4174 4130 27
9599 -1821 27
-2985 7547 59
2432 1592 1
3252 2582 53
-7971 7900 108
2087 6955 23
-4812 -2848 31
-3458 4832 21
9565 -3339 29
-8073 5147 39
-5885 -2327 45
9843 -6552 4
-1981 3728 16
-3908 4822 9
3387 1758 14
-5840 -3769 6
10000 -1659 4
-3513 5199 35
-5687 5960 26
-3848 -551 22
-7737 -4478 2
8805 -5625 35
-8148 5187 46
