1000
7600 425 5071
-3786 425 6315
1550 -9580 5024
4135 8225 3464
215 9569 680
-2369 9857 1920
-6789 -5735 538
-3786 6935 195
-6469 -8285 2032
8370 -7195 2201
2605 3413 740
8370 -4860 134
-266 5963 247
-3916 7775 655
-3202 -7144 316
-8115 -4975 606
-7834 -9797 5
2293 4323 222
-9235 -6343 1162
9840 -9155 249
-1163 8249 90
-4996 7446 474
-3639 -9580 165
-2918 -6931 39
-266 7108 898
-1079 8062 115
1963 4611 216
2700 -1255 109
-1633 7805 260
-4624 9857 335
7600 5936 440
-7986 6856 1366
-7074 8156 222
-9546 8026 584
-6758 8393 173
-3154 -7620 72
1471 4816 317
-9235 -8065 560
-7245 -5127 222
-2009 7100 539
215 8513 376
-8115 -5684 103
-4095 -9447 310
7180 6288 108
9915 -9715 316
3214 4225 275
6957 -9079 154
-1762 -5785 13
-9235 -9585 960
-4446 -9315 65
-9907 -4643 666
-7955 -6055 150
7229 -9625 456
-3209 -7668 1
-7074 8446 68
-7701 -6545 100
-5261 9857 302
6194 -5395 623
2414 -919 29
-9995 -8236 219
-8844 -4975 123
8145 8225 546
2232 4611 53
-9271 9526 941
7024 5936 136
-6497 8045 262
-2369 7770 167
-3280 -7652 58
-7986 8641 419
-8911 -4228 413
9893 7889 1234
3596 4225 107
-4152 -6880 670
3046 -3247 779
-5261 9550 5
6637 -9580 63
-4017 7043 60
7912 6576 272
8689 8633 134
2227 4926 195
-7716 -6433 13
-1336 7501 165
-3302 -7532 64
9893 6347 308
7776 7733 69
5378 -5105 243
-9165 -5119 64
6194 -6144 126
5303 -5413 74
2901 4225 38
-2609 6965 76
7705 -9532 29
-5796 7836 416
6741 -9016 71
8167 6972 199
2232 4678 14
8383 6810 71
-7362 8276 90
-4095 -9845 88
-7683 -6055 122
-7986 9242 182
-7570 9242 234
-6152 9857 589
-2577 7614 93
-6746 9249 261
6713 -9410 103
1591 5166 53
9327 -9715 272
8572 6990 190
-4083 6955 50
6671 -9040 3
1471 4301 198
9533 5749 390
-5261 9205 340
2781 4260 87
-7503 8597 66
-9872 6856 520
2605 4161 8
94 5813 143
-5971 7236 209
2781 4423 76
-4006 7103 1
-3438 -6200 316
2781 4529 30
-3876 -9739 55
2443 4523 28
5171 -5512 91
-3772 -9411 15
2881 4528 69
7024 6132 60
-2950 -6605 279
-9210 5338 584
8689 8902 135
-9706 5710 36
-9368 6646 26
8388 6219 323
8692 7172 28
-6758 8200 20
-7349 -5810 27
7744 6891 85
-6152 8884 384
3054 4456 6
2650 4260 44
-6389 7476 273
436 5533 299
-2861 6901 184
-9787 -8542 151
7645 -9415 10
8440 6555 17
3852 4417 213
2582 4523 111
7038 -5419 19
4732 -5105 403
7601 6891 58
-586 8107 151
-1120 7564 60
-2369 7589 14
8667 -9923 420
-9642 2865 29
8395 8825 104
2686 -4111 157
5512 -5395 59
2443 4573 22
-9985 -8582 51
6960 -5315 111
8190 5883 67
-4584 9458 66
-9970 -7673 273
-4996 8109 189
2002 -3247 265
-7637 -6425 36
-7986 9509 85
8934 6219 223
8782 9026 20
8126 5931 13
3312 -4159 171
-6141 6828 233
7496 6947 61
-9706 5790 44
90 5533 47
5545 -5339 6
-9691 -8414 9
2605 4172 3
2198 -2932 106
8667 -9465 38
2227 5145 24
-6758 8177 3
-406 8140 32
2580 -1046 132
2392 -2375 311
5104 -4609 217
-334 8275 121
-3400 -7812 142
-5122 7941 21
5311 -5617 84
-9588 5842 46
-7345 -5735 18
-4776 -6620 6
8190 -9923 57
7726 9513 351
-9778 2967 141
-9907 -3605 372
-7503 8444 87
602 8513 11
-9210 4505 249
3748 4222 8
-3260 7775 1
-8405 -8912 3
-6763 8165 10
-4516 8225 95
2303 -2896 5
-5261 8637 228
-7065 9857 324
-8134 9353 3
3123 -4111 24
4218 4417 153
5741 -4791 132
-8376 5360 180
-8740 -8745 15
9159 6219 2
-3438 -6562 46
8568 5694 232
1987 5178 153
-4516 8323 3
94 6060 104
-6332 7825 13
-198 8275 15
8751 6463 82
-8811 -5155 60
9513 -9963 38
-4614 -5896 60
-7210 9449 109
-7349 -5841 4
-3400 -7664 6
2227 5173 4
8335 9513 258
2339 5136 43
-2809 7440 197
148 5413 13
2011 -2179 40
-7557 -6341 80
8086 9838 134
4135 4667 94
-4829 8763 222
8418 6555 5
-742 8224 44
8558 6627 119
1696 4029 155
6691 5485 70
-8591 -3892 51
-7074 8646 132
2605 2415 258
-9168 8530 46
1491 5271 92
-5984 8510 26
-7454 -5846 84
1867 5018 47
2316 4611 31
3455 3749 174
8035 -9427 56
-5763 8380 129
8572 7201 21
-5776 6976 116
9533 5299 60
6612 -9520 2
-9435 7346 105
-4089 -8285 348
-7506 9494 26
2007 4323 64
-7434 9857 45
2494 -4111 35
7362 9540 14
-9839 3965 580
1891 4029 40
5104 -4299 93
8627 9294 107
7844 7682 16
-4482 -9155 99
-8218 9922 184
2494 -4162 16
3596 4334 2
8725 9945 324
6688 -9720 86
-7808 -5915 53
-8437 -8936 37
-7820 9509 81
-3025 7377 28
-3544 -7424 126
6844 5917 45
-2457 7436 21
6688 -9879 73
-2504 7364 22
495 8855 66
2881 4665 68
1937 4299 10
-7407 8597 30
8568 5436 26
8492 6739 11
-1861 -5765 88
-5733 8604 97
2367 4755 26
-3556 6935 35
-4808 8250 46
3152 -4390 110
3108 4665 159
2299 5178 15
-9839 4768 223
-1166 6628 122
-9970 5167 195
-4322 9361 95
8692 7220 20
-4462 9458 56
-3379 -7568 21
-7829 -6449 60
7966 9998 66
-7888 9818 162
-586 6035 81
-988 8249 85
-6261 -5955 34
8425 9049 122
6335 -6144 15
2054 -2802 88
2520 -1528 218
-1167 7501 4
-3006 -6200 116
9119 -9409 98
6194 -4741 31
1516 4029 25
3932 -3247 107
8916 6683 193
8916 6883 7
7786 -9532 52
9893 9395 272
7776 7641 23
2203 -4111 256
6526 5537 103
-3639 -9331 84
9205 9837 168
4359 4605 82
-8846 -3370 10
350 7978 168
-7250 8446 108
5014 -4355 13
-9247 6022 101
5186 -5369 51
-7971 -5642 47
-9263 -3605 272
3608 4350 18
7726 8963 199
-6261 -6065 76
7756 8739 27
7683 7905 16
5378 -4841 21
4849 -4609 38
-8362 4865 61
2147 5298 47
6697 -8899 54
8771 7220 59
4974 -4364 28
-9697 -3189 94
6789 -9879 28
8337 7469 234
-4779 6990 31
-9639 4618 27
4025 -4159 542
-3640 -7940 130
7526 7019 17
7861 7180 171
1556 5427 77
-2622 7049 9
-9839 3288 97
-742 8339 71
3720 4132 48
-9603 4603 12
5365 -5689 6
9593 9450 33
-9985 -8499 32
2401 5136 19
-7755 9581 16
-4239 9017 130
-5975 8470 15
8035 -9504 21
7928 7570 124
-5629 6976 31
-9911 2811 64
-8431 -4228 67
274 6027 79
-4089 -8711 78
3389 4513 62
-4383 9034 15
-9126 -5039 25
8195 9288 7
3623 3654 19
-3146 -5981 49
6691 5580 25
-7387 -6341 90
-7755 9629 32
8070 -9492 16
8487 7194 31
8837 9074 53
-8262 5208 10
-7557 -6205 56
8950 5694 150
-3694 -9031 221
4025 -3539 78
-3541 -8285 200
-7829 -6355 34
-9985 -8746 113
-8195 9122 59
1444 5637 161
5316 -4299 119
8540 7225 19
688 6094 316
-9077 -5119 24
-3556 6859 41
-6953 8421 24
1724 5332 116
1894 4898 76
-4520 6966 202
5143 -5777 148
-5489 7446 19
6886 -4876 242
5241 -4199 6
-469 9532 5
1516 4065 11
3753 -4669 36
-7322 9365 31
9980 5036 118
7362 9560 6
9998 5749 75
-2855 -6200 35
-4931 -6620 149
-4710 -5936 44
9183 6212 23
2768 4613 55
2602 -639 39
8472 9741 1
-2735 -6235 90
8370 -4686 40
992 6322 64
5899 -4791 26
-8262 5124 74
-7358 -5956 62
1891 3953 36
-7302 8156 6
-8564 -8285 63
-3074 6901 29
-5206 9557 3
-3090 -7572 8
-7206 8822 88
2156 -2802 14
-3739 -8405 22
1116 6322 60
5378 -5355 7
9065 9501 196
3288 4684 22
-6838 8156 14
-3256 7896 16
-4729 6966 7
-9609 4658 23
7800 7474 36
-3036 6841 1
580 5263 7
-7328 -5483 57
1550 -4255 301
6864 -8955 1
-8740 -8701 29
-7955 -5818 87
-3201 7377 148
-9922 5453 95
2067 -3838 49
2007 -3849 12
-5576 9009 31
-2590 -6500 96
-8832 -8461 5
-4543 -5896 11
4372 -4835 47
2275 5223 36
-3493 6951 30
5536 -4464 156
-4578 -9283 61
9441 9336 157
-9922 5600 52
1983 -3859 14
5242 -4850 46
-9928 2967 9
-7683 -6178 1
-5075 -6490 45
-4696 -6472 10
8271 5883 14
-8769 -5099 10
628 5173 95
-1336 7716 50
-3524 6911 5
-8553 8497 166
-5649 8716 43
-7999 -6343 74
-5576 8716 30
8150 9180 110
7743 7597 32
-5075 -6166 279
1136 -4255 113
-7387 -6173 78
4025 -4762 61
3550 3917 19
4199 -4835 126
-4388 8321 65
-9438 4676 36
7602 7019 59
6886 -5132 14
-4960 9997 29
8026 -9544 20
2703 4423 2
1812 5066 26
-644 8339 27
9950 5260 108
1549 5777 14
8627 9405 4
-4581 -5952 5
-9612 6205 181
2262 4694 20
2367 4680 49
5469 -5767 124
-3090 -7536 28
-4545 8550 133
6842 -5315 7
7844 7665 1
4601 -4091 38
2299 4680 19
7659 7562 59
2689 -1979 184
8026 -9666 102
5469 -6074 183
1923 -3708 145
8478 -4779 1
8718 6309 11
8693 9206 3
6765 5485 4
8869 9014 15
-4614 -6104 148
2518 4926 96
-4696 -6423 39
3810 -4845 149
-7749 -5463 4
6790 5485 21
3332 -4409 71
1624 5110 12
651 7108 19
-6261 -6181 40
-7242 9323 21
2189 5338 11
-3385 6951 78
-4521 8407 12
4908 -5573 97
144 7978 38
6769 -9500 3
-4996 6919 53
-7055 9249 48
-3513 -6562 29
5337 -4609 16
7821 6982 31
8370 -9434 38
1696 4193 9
-8482 -3892 58
9281 9216 43
-6152 8386 114
-3385 6811 62
-5140 6859 103
2651 4770 109
-2011 -5765 62
-7775 -5683 138
-4892 9205 29
9101 5875 60
-5915 8481 46
-7647 -6341 10
8078 9276 10
-8102 5360 94
-6954 8710 4
822 -4510 98
1724 5148 68
-6345 6981 22
-2369 7566 9
-9363 -5051 14
7804 9998 96
-9697 -2831 264
960 -4255 63
-3201 7555 30
5486 -4874 12
-3232 -7716 22
8190 5779 37
8447 -9434 39
5269 -4753 2
9893 9931 264
6619 5661 52
-3511 6831 12
8951 -9479 84
5879 -6224 199
-9368 6594 26
491 8166 67
-8298 4913 19
1911 3905 16
840 6439 61
2893 2590 79
1696 3814 60
9592 -9963 41
1792 4816 4
-1952 -5825 21
-7055 9148 53
-7711 9430 1
-3202 6901 99
9210 6683 101
2267 5124 7
6258 -6264 10
7744 7008 32
-5291 -5971 12
-4083 6869 36
1694 -3391 75
1701 -3708 77
-9333 -5091 36
-4314 -8585 27
7704 7649 33
-1100 6516 8
-4035 6833 24
-2481 7426 5
-9263 -3274 59
-5500 6976 98
1612 3827 25
-8362 5001 75
-5944 8380 52
-4462 9526 12
-8461 -7375 128
3525 3581 8
-9609 4630 5
-4874 -5898 56
8816 9633 1
9533 9865 102
32 5533 11
8215 6576 31
4990 -4299 21
-8745 -5081 20
-855 8249 48
-4388 8439 53
-6937 8710 13
3455 3961 38
-8083 9742 41
3530 -3895 19
9354 6575 79
9319 6683 8
-8802 -8533 73
-4256 8439 79
-8825 8497 106
628 5039 39
349 6380 55
9086 8965 111
-9361 -2786 75
3551 4117 10
6156 -7195 13
-2983 7672 93
2309 -2904 5
-8523 5220 23
2700 -1139 7
7526 7057 21
-9543 4558 63
4849 -4563 8
3712 4246 8
5325 -4549 12
-4083 6813 20
1219 4406 75
9364 9625 97
-2609 6888 1
-986 6394 116
-8461 4981 26
8176 -9492 90
-5389 -5971 86
4927 -4239 66
-4449 8905 108
2700 -1717 43
-5887 6828 21
-4089 -8802 13
8215 6623 16
-726 6140 94
-7678 9994 112
8001 8792 39
-3261 7156 81
5007 -5573 2
1236 5637 47
3046 -2336 132
8957 9109 72
-3154 -7536 12
-5643 6928 19
-7407 8638 11
-8673 8337 34
6610 -9016 60
-4718 9205 145
-7946 -5702 18
-7477 -6117 28
7577 7562 23
-7173 9002 95
-6349 6672 27
-7404 8782 114
8708 9186 22
-4672 8225 61
-8635 -8645 90
2972 -4502 102
2741 4348 9
9354 6333 163
8671 6502 7
4712 -4239 147
5736 -4464 44
2745 -1745 10
-2661 7677 12
-8355 -9156 19
7756 8705 7
5290 -5497 11
953 6402 25
6586 -4821 63
-4578 -9183 1
2775 -1729 24
-9911 2630 117
-5224 6922 2
9325 6675 2
-5699 6712 159
508 5195 27
7866 -9472 48
-7708 9581 31
7683 7837 52
-1166 6496 10
5486 -4850 12
-7559 9874 57
2163 -3638 105
9204 9216 34
8950 5911 67
8150 9049 21
-4961 9912 3
-4089 -7871 66
2803 -2131 6
-6169 -5955 58
2436 -1063 13
4114 -4967 31
1779 -3873 74
-658 7953 19
1787 4301 118
-5971 7021 6
-4504 7241 59
-7055 9348 51
-4402 -9095 1
-9157 3965 102
5357 -4624 9
-3723 -8165 18
-8597 -7477 42
-4117 6813 14
6960 -5429 3
4616 -4519 149
-6020 8287 51
-9305 -2876 31
2554 -575 41
-7494 -5483 109
-5764 8884 4
8407 7194 49
3441 -3987 44
-4356 7250 30
9100 -9923 13
2983 -1979 110
-4779 6903 56
5104 -4151 55
6666 -9049 5
6922 5656 162
1136 -3943 199
2508 -836 90
3791 4132 23
-3102 7006 46
7943 -9508 37
4063 -5035 54
-9634 4658 2
-657 6232 21
-9715 5670 5
-4089 -8950 135
-4017 7112 9
924 5173 201
790 -4255 107
4712 -3965 127
3596 4095 23
7797 7570 7
3328 4675 19
-8714 -8533 15
-8467 -4151 18
5304 -5777 13
-4744 9466 74
-4197 -7790 69
-2009 7693 54
8130 5688 72
6972 -5445 17
-2615 -6262 33
-8523 5157 40
-8461 -7547 44
-9019 -5035 62
6778 5917 21
9593 9504 21
-6554 8393 31
4072 -3298 42
159 7942 1
7912 6896 48
2414 -959 11
-5503 8637 14
-5417 -5875 14
-633 7953 6
-4719 6858 19
5397 -6284 39
-6923 8710 1
2247 -2764 69
1236 5724 40
-8911 -4736 95
7543 9998 165
8487 -9476 19
-6688 8561 9
-8553 8761 98
-4082 7043 5
-2735 -6087 58
1594 5777 31
-8597 -7611 92
-7315 -6406 7
2107 -3548 1
7089 -5315 18
1264 5919 157
-2582 6845 47
5056 -4862 2
-433 9299 22
-9529 -3215 76
-8700 8637 37
-4719 6793 46
8031 5688 27
-9768 5710 26
-548 8339 69
8492 6771 21
-3568 -8649 165
8840 9361 69
7100 -5168 92
9065 9269 36
9428 9809 17
8130 -9832 52
-6688 8637 67
-3886 -8887 19
9593 6187 32
-9887 6205 94
-7293 8952 35
676 5353 1
2881 4803 70
8923 6907 18
1145 6039 12
8322 5694 14
-8701 -7611 12
-5479 6691 62
-8754 -5231 35
9245 9336 39
-789 6224 11
-8437 -8984 11
-4584 9374 18
2084 5358 40
-4718 9352 2
-1204 7716 82
8359 8937 8
8374 7150 6
8265 9013 42
9331 9957 6
-7748 -6433 19
9608 -9329 41
549 8927 24
2524 4770 18
144 7934 6
2582 4401 11
6526 5667 27
-8750 -5155 1
-6381 6828 7
-1045 8325 10
1400 -3591 241
-3723 -8139 8
-8143 9710 27
6590 -8530 24
-3941 -9031 26
-4449 9020 7
-9911 -8635 4
-4531 -5912 9
1108 5637 81
-6937 8780 57
-4689 8420 61
-4605 8793 4
-3408 -8441 5
1219 4492 11
-8719 -8745 6
2002 -2940 42
-8570 5360 14
4908 -5712 42
-7548 9534 32
7861 7374 23
5418 -4832 20
8271 6665 54
-4410 -9527 15
-8563 5220 17
8911 8974 43
9395 5299 78
-5649 8770 11
9533 5180 59
-4449 9526 1
-7266 9278 30
2901 4182 5
-7708 9525 25
-548 8641 233
-8641 -7351 8
-9768 5661 23
8516 7243 11
8271 6752 33
-9793 -3117 26
-9922 5746 94
1108 6039 25
2582 4341 49
7601 6811 22
-6349 6540 105
3570 -4684 140
3047 -4168 71
-4071 -8802 5
9030 9777 17
7970 -9544 8
2392 -2016 48
-9529 -3322 31
-4653 -9383 64
9441 9135 44
-4608 9384 8
-9411 -8625 16
3807 4069 42
-9469 4558 11
-8479 5061 56
2299 4702 3
-3423 7156 81
-3513 -6600 9
-6984 9497 45
2185 -2099 34
9700 5100 54
-5677 7108 49
-904 6140 84
2831 4923 60
-7302 -6173 7
800 -4390 24
-6469 -6250 3
7481 7057 24
1950 3953 23
6844 5992 30
1136 -4424 56
-8285 9122 31
556 5060 36
7063 6212 29
-4538 -5884 2
-4768 -6477 51
8186 -9727 67
9894 -5163 339
2391 4787 14
-9697 -3286 3
2515 -655 48
-8983 -3707 26
-3328 -6701 111
-3812 -9991 205
6693 -9156 77
-5363 -6132 11
-4239 8764 123
-5557 -5997 84
1176 6242 40
9260 5299 57
6586 -4709 49
5371 -4464 9
-9636 4558 30
-1059 7716 63
-5995 -5955 116
7505 7067 2
-7269 9604 1
-8095 -9857 212
-548 8925 51
-4565 -6272 27
-4768 -6383 43
9640 -4471 233
3999 -4987 26
-5610 8484 56
-936 8038 30
-6437 6606 5
-7569 -5247 4
-6469 -6235 12
1994 5406 62
8752 6915 5
4601 -4050 3
7906 8851 13
-4519 -5912 3
-8871 -3605 120
1276 5679 11
9126 9269 25
8605 5436 11
-7254 -6193 45
-7410 9902 6
1471 4001 28
-9396 6625 9
318 6144 46
-5530 8484 24
3929 -3429 68
