1000
4913 -8638 1373
-823 -6965 4602
4991 -245 4284
347 9688 6681
-8224 9688 1890
5999 4235 308
-5845 5869 594
-7095 -1169 3938
5929 -4685 254
6329 -8638 43
7349 -6176 1805
3753 -7733 38
5555 4420 173
-7987 5413 1596
-9735 -7505 2926
9937 6400 3457
177 -2015 448
-4368 3916 772
6472 6604 14
-2850 -1169 307
6279 4586 141
897 2824 205
-6037 -6965 612
-5166 3996 30
9937 2630 313
6577 5321 72
-2497 1471 1364
-6495 -8234 395
8849 -4176 695
6112 5321 393
-5845 6550 87
-9735 -4413 166
7438 3880 92
-7072 3665 377
9469 2454 187
-4368 2755 389
4991 -5175 646
-418 1051 757
-5740 4769 511
6893 -9463 772
-471 -1745 254
9524 -3816 70
177 -1252 315
3857 -6471 104
4091 -6783 286
8849 -4939 68
9813 -245 538
4796 -6783 419
3793 -7691 20
9272 2454 10
9785 -4974 535
-5740 3999 259
-6648 -7814 52
9755 595 304
9554 1734 538
-4896 2975 183
4201 -5175 144
6385 -8605 22
5255 4107 76
-6819 -6290 233
-7987 7039 30
-5256 5132 94
-9787 5008 249
9337 835 178
897 2532 87
-6375 -8949 330
-5539 -9429 634
-9916 7803 643
-9787 4593 166
3869 -5424 271
-9443 6148 35
9893 1282 27
-1147 3048 125
-7987 7246 177
9222 2454 40
-5602 5289 27
3532 -8638 8
4105 -4895 152
-9582 4593 39
-306 -608 490
-6417 -6293 160
9785 -4300 139
-471 -2163 164
-3106 -1361 13
8903 -5011 22
6542 5201 53
3296 -4313 123
8959 -8576 1085
-9543 4645 26
-6020 4209 91
-2850 -1734 258
9487 -7172 415
3508 -8620 22
-9895 5488 243
-4980 4732 248
6112 4907 21
-9531 4610 11
524 1051 185
-7515 7246 295
-5109 5272 109
-7883 7441 44
-715 -2163 80
567 2092 463
9066 2587 165
-666 -1485 71
-4803 -9981 286
-6025 7033 222
3910 -4679 139
-6612 6613 229
8071 -3479 182
7349 -8118 137
-110 232 118
8868 2587 33
-7835 7531 58
-4161 4696 35
-4803 -9579 116
4367 -6007 394
602 -1084 142
-9292 7543 33
-6615 -6018 107
-1030 -1512 294
9487 -6634 123
9601 -6282 247
9949 1090 173
8808 2612 32
661 -2015 36
-231 2172 339
-1800 -1152 556
-6181 4349 98
-7488 3665 39
6529 -8475 172
-7091 7564 235
7438 3720 68
9244 -3228 332
9444 -5394 6
9764 -3459 237
-4655 4960 149
-9104 7803 169
3910 -4528 12
7342 4008 68
7657 9249 192
9929 -2927 320
5360 4392 24
-1488 -1737 107
-9582 4101 367
5365 4107 34
6158 -9855 61
7786 -8216 142
-567 2074 11
6503 4454 119
-515 2385 16
-6680 -7754 16
-2882 151 11
-3973 2086 235
4010 -5063 41
-1030 -1966 160
-6453 5974 23
-5526 5289 49
-6911 7804 65
5792 4736 222
347 2798 209
-5740 3710 30
-2493 -2094 249
5479 -6176 65
5765 -9774 47
-9786 3506 262
7349 -4352 19
6542 5044 104
9614 -2355 333
7292 9688 264
9799 -1683 364
-5103 -9926 19
-272 -1252 134
6542 4867 73
5297 -6783 82
7349 -8503 248
-4659 -9673 54
556 -245 151
6663 4867 48
-3633 4168 5
-1249 2101 34
5282 4392 54
-9895 6030 299
9222 2386 28
-4636 4780 32
5317 4476 37
-9450 3750 8
489 -1518 95
-9650 5572 16
8966 -4939 49
-4302 2086 94
-2497 -347 454
7908 -9811 301
5090 4448 146
5399 -6456 165
-6615 -5552 359
9601 -5784 251
-1301 751 32
374 1381 101
-1030 -1013 205
8416 -3295 209
9790 -9684 300
7213 -8220 33
-2850 -2025 33
-1870 -347 173
9272 -5158 10
-941 2101 274
5375 4345 22
-890 -1184 16
-2977 -316 27
-103 -1664 1
-4143 1496 39
-5987 4095 6
-6580 -9441 203
-3081 -1477 78
8049 9625 280
6901 4123 338
-5687 -5144 279
5555 4181 66
-6903 -8685 142
9957 -812 47
6136 4914 4
-4929 5368 95
680 1371 171
-5675 3638 67
6723 4867 12
781 -1951 100
8982 1734 34
-1030 -736 72
-5465 3747 114
7292 9378 46
9862 -1040 200
3120 -4313 53
6112 4839 47
9248 -5158 14
-9852 -4257 29
-9786 2646 598
556 -500 104
3596 -5424 2
-9895 6528 199
-4522 2107 127
9764 -3869 173
9362 -1950 144
-21 2798 159
7362 3937 3
-7987 3672 145
5987 -9855 110
-9978 3936 62
9994 1290 32
-9563 6528 133
8724 -7436 60
6109 -9463 12
-1008 -48 408
-4535 5079 20
3770 -4850 82
-741 -1995 90
-6298 4109 169
248 -245 157
-1800 -1897 189
7859 -8717 24
-306 -6 112
-6612 6852 10
-5325 2903 252
9278 -6282 76
-6002 -5224 46
-7337 7564 11
3821 -7733 30
6104 4646 44
-7983 7531 90
-9959 -4257 78
-9916 8562 116
5317 4534 21
-5743 3143 230
7064 -8351 75
1115 2824 13
4442 4228 144
-7879 7390 3
-6604 -7847 3
4017 -6393 74
9001 -7172 71
-9563 6834 173
5495 -6743 120
-5937 -6344 17
-6696 -7850 8
-4159 1559 26
-9138 3916 114
-6295 6413 112
-6026 6550 94
7628 9940 156
7695 -8717 140
3937 -4869 18
-21 2621 18
-4302 1902 90
-8946 3916 78
4091 -7101 32
1136 2532 152
9801 1201 12
-108 -1652 12
1376 2586 94
3526 -8596 8
190 1645 93
-4413 4888 79
317 799 20
-3888 2724 92
-9935 6726 3
5282 4277 61
6622 5201 27
-8802 3874 72
-2815 -2013 4
-5269 5308 55
-422 -1332 36
5539 -6144 3
4019 -9830 117
9469 2761 120
5765 -9929 108
6730 -8475 29
5597 -9929 60
-7072 3041 247
9959 -1299 52
5792 4987 29
-351 -2282 5
9785 -4144 17
-7835 7668 79
9904 -2043 11
-9360 3214 112
4259 -7053 32
-9895 6767 40
-6006 6451 7
-5687 -5654 231
-5402 -5722 62
-7735 7477 24
-9767 6749 48
-8985 3836 11
9962 -2210 44
4298 -7053 7
-8722 3478 332
-6281 -6038 129
-6807 7564 49
-9248 7543 11
9222 2857 145
-8927 7803 8
-6626 6852 4
-9216 3406 128
-5109 5451 70
8892 1734 56
-4753 -9459 14
-8341 3478 49
5639 -9985 10
-7402 3041 83
-6215 -9249 10
9962 -2116 50
-8182 3700 52
-2142 -696 14
-3772 967 7
5719 4025 42
-9944 6767 9
6309 4235 2
-6718 -7754 22
9755 943 44
-5124 5047 63
-9735 -4223 24
-9978 3807 67
6112 5900 186
-8277 3700 43
8089 -4176 65
6529 -8063 240
798 -1807 45
-6613 -7730 39
9976 -3869 39
-1800 -2137 51
-6785 -9933 330
1136 2302 78
7562 3627 87
-6467 4672 95
317 -608 133
-1674 -2137 75
3653 -4694 113
8672 2714 138
557 1535 34
-6026 6653 9
9472 -3651 103
-6411 6881 106
-2191 2831 30
-7438 3146 28
248 147 235
4105 -4687 56
6506 4762 38
9221 -5122 31
-6465 -9693 70
-5181 3211 88
-6513 -7655 86
602 -906 36
-6612 6886 24
8966 -5004 16
6730 -8539 35
9270 2997 3
3027 -4189 102
-6721 -7814 21
4249 -4670 89
-5403 5289 74
8994 -5049 37
7562 3748 34
-5383 5429 44
8632 2912 64
-7417 3218 47
1205 2210 37
9901 -5659 74
-5743 2728 185
-3780 2493 163
7547 -8078 65
-9857 3849 6
9194 -6295 9
-2895 -2049 18
-7189 -9933 74
-1974 -500 12
-6756 7704 100
-6255 -5233 122
-2796 -2498 256
7595 3792 21
-272 -1409 23
-3792 2796 28
9278 -6187 19
-5194 4041 23
-9711 -4191 16
-8331 3628 47
393 1561 80
-7483 3118 25
-1321 2353 106
3027 -4081 6
-6470 -9825 3
-7417 3312 47
-1927 2839 118
-5159 5571 60
9217 -6812 35
-9331 7439 46
-6014 6445 3
-8482 2927 269
-5280 3747 71
9733 2377 12
602 -760 110
-6722 -8949 17
5393 -7063 214
7788 9820 44
-6125 4259 8
6230 4015 11
-9037 3058 193
6176 -4781 11
8892 1873 83
-840 -473 49
7499 -3820 83
-9944 6744 14
-5583 -6188 221
-6411 7098 111
-6954 -9123 273
7571 -8810 15
-7720 3312 256
9 1897 26
-1226 711 53
5093 -6279 166
-3516 3561 151
-7369 3312 1
-3428 3396 36
7436 -3904 22
-2922 -515 3
5351 -4629 8
949 -2175 180
-5692 -7721 219
-3593 4210 53
-515 2483 82
3947 -6036 27
-7486 3041 1
-5925 -8538 251
8903 -7172 27
-1498 -2137 101
7084 3631 121
-9687 -4139 4
-6306 6793 31
-6936 -6530 34
-7621 7668 135
-5726 6670 82
6090 -9463 7
-3196 3222 254
-7097 -9803 8
-5181 3356 57
-4128 1559 5
-1050 392 34
8089 -4105 6
-5557 -7541 6
6638 4807 17
-5342 4152 162
-4239 1986 15
5692 5177 51
-222 -1409 27
-1147 2895 28
5377 -6040 105
5681 -4871 56
6780 4924 28
8783 -3228 129
7333 9114 159
6340 -8427 23
-9216 7567 29
-910 -804 36
-3132 -2446 84
-231 2595 84
9559 -3900 21
-2142 -664 18
406 -165 19
-8200 7531 127
6602 4734 62
9614 -2691 3
-1461 3048 189
-1488 -1628 2
5431 -5700 39
6153 -4478 51
-4076 1559 47
5721 -7061 48
1334 2442 56
7322 -4352 8
9559 -3962 41
4358 -7185 133
-9438 3734 12
-6495 4109 28
-5399 3635 16
-3380 3459 19
-5583 -5948 19
-6536 7098 14
-869 -804 5
-2441 3253 332
6158 -9788 6
-9238 6834 152
6235 -4478 31
6458 4742 14
3670 -9830 232
-1281 711 2
-6773 -7754 33
5393 -7278 1
713 -1518 129
-6012 3795 81
-2385 -788 1
5293 4544 5
5751 4421 2
309 1548 5
9175 -6812 7
-7329 -9885 74
9938 -2490 18
8548 2807 17
-5355 3602 39
-6077 3143 104
-1002 -640 28
9559 -4005 2
-7147 7246 73
4651 -7191 14
-6211 -9625 66
7282 3945 19
-3016 -2729 63
6744 -8427 21
-162 54 44
-6077 3415 168
8910 -4987 3
-9623 5488 29
-870 -545 29
8892 2067 111
-1086 -577 77
-3749 2796 15
7960 -9475 39
-1417 2808 55
-9035 2646 153
4430 -4670 92
-1870 -10 164
-9232 4221 3
6263 3959 54
-5972 -7784 68
155 2942 31
4796 -6292 72
6837 7939 4
-9563 6362 33
-7316 7836 118
-5220 3530 114
-7498 2969 37
-6558 4169 59
-460 66 58
-1621 2817 92
-1927 2982 25
-2126 2989 79
-6190 -5389 47
6133 -4532 1
7690 -8396 62
744 -1735 45
535 -906 31
-4218 1867 1
524 771 95
9989 -2246 1
-1230 -736 128
-6719 -8594 29
-7337 7576 1
-6629 3665 66
-8285 7327 94
6149 4706 31
6520 5440 32
528 -2295 1
9605 -2792 31
7744 -9463 79
-666 -1396 18
-5019 3211 74
6188 4782 48
3686 -4930 34
-1800 -2293 105
-6654 3425 105
-6773 -7799 12
-9812 6809 27
-6106 6490 6
-6757 4169 140
9264 2494 18
9983 -6800 205
-9036 7455 183
9222 2707 5
6529 -8698 51
-7359 -9287 44
9002 -3496 2
-7537 -9885 134
-9696 -4139 5
7499 -3978 75
4061 -5680 49
-7129 6869 94
-6357 -9933 98
-6663 7287 204
-5269 5701 6
-3686 3012 210
4143 -7140 33
7690 -8506 48
-5099 5634 27
-3978 2811 5
8878 -5011 3
-6646 7968 186
4537 4396 49
-9549 4768 89
-630 2759 217
-9599 5506 1
-9872 3857 11
5269 4674 127
-5745 6550 13
9559 2881 30
-5150 4152 30
3490 -4930 162
-3081 -1572 17
-272 -1475 43
-5208 5701 55
-944 -545 45
8837 2199 32
-1225 -2070 61
-7598 2864 108
-1870 195 41
9046 -7284 40
-7838 3672 4
5677 -7028 7
-8891 2516 41
9230 -1726 116
-3109 162 81
-1226 529 129
-3055 -2677 2
-4980 5035 55
5093 -6021 92
-1147 2658 209
-9916 7156 4
9646 -7660 60
-6125 3003 44
1376 2823 143
-5265 2327 8
-1002 -604 8
9884 -4078 68
4991 4075 36
-8224 7785 13
4544 -7119 1
8849 -3414 67
4017 -6315 4
-3109 -105 186
-6222 -6293 35
-3560 3321 93
9 1811 60
69 1779 8
7638 -3820 56
-5882 3519 53
-7359 -9417 86
-5163 3916 23
-1386 -1957 111
-6237 3795 144
7231 8978 11
5613 -4871 12
6745 4710 83
-584 2074 6
-1374 529 19
-3271 162 81
-6463 6314 83
-485 3058 1
8903 -5055 22
-6511 4432 149
3241 -4181 20
9701 -4085 52
-6666 6958 66
5840 5001 21
3446 -4513 127
-4953 3151 2
-4560 4792 44
-6277 6881 28
1569 -2885 38
5491 -5745 36
-6801 6793 32
-1335 2517 26
-3196 2828 140
-5613 -8668 87
5057 -5916 19
-3888 3223 71
557 1591 22
374 1241 39
-2796 -2228 14
8526 2714 8
-5265 2434 99
-5414 3627 1
9359 -6634 5
3120 -4371 5
8923 -7151 2
9258 -6634 96
-6209 5284 95
347 575 144
-9647 6349 52
1271 2963 32
-3018 -555 101
-132 -1662 14
84 1779 7
-6274 6793 1
521 -652 25
-6533 3737 54
-1184 385 21
-7388 7740 2
7960 -9328 108
-5028 5388 6
-8122 3588 14
-5907 2851 20
7231 8838 129
9454 -9729 39
9066 2377 45
-3349 2607 56
-4589 -9697 20
4826 4278 168
-5687 -5890 5
-8008 3312 32
7649 3511 58
-6581 3601 14
7798 -3898 122
-1927 3138 131
555 470 89
8961 2277 100
4928 4142 2
7550 3820 32
-8122 3504 70
-661 2311 76
7587 9489 58
179 2383 22
-6465 3473 90
-5139 5701 14
-5775 -5888 19
-1800 -556 40
9184 731 7
5618 -4685 57
6235 -4545 36
-5325 5429 14
7663 -3982 37
9090 2307 29
723 1597 56
3863 -5924 113
-1316 -1737 65
4238 -7081 3
479 1345 10
7498 3507 49
557 1614 1
-6333 5413 58
-3749 2743 38
4809 -5887 64
9202 -6776 4
-4852 4972 24
-6388 3795 7
-6182 -6302 6
-3828 2804 8
6836 -8475 77
-5765 -8307 30
9284 2494 2
-4535 5109 10
-4448 4768 46
7595 3823 10
-8763 7319 122
5625 5321 94
6195 -4373 16
9346 -3619 27
4826 4080 30
-6454 7407 37
-7734 2966 62
4201 -5331 12
-6646 8236 82
-6870 8136 94
7560 -8162 20
9812 -4108 10
-8873 2646 9
8204 -4520 36
-6147 -5747 148
9624 -5520 14
7744 -9364 20
-9805 -4245 16
9290 -5784 60
-8243 3504 51
3770 -4942 10
-9354 3590 102
9462 -2792 112
9425 1069 72
-6843 -8541 14
-6228 -9249 3
-9331 7499 14
-5013 2434 153
-2070 35 41
-1800 -2407 9
6458 4713 15
-6273 6749 24
8296 2922 260
5864 4991 5
-6465 3193 190
-5583 -5915 14
9777 1183 18
-7278 -9953 11
6218 -9887 7
5845 5677 52
-1209 2269 34
4367 -5579 34
-7735 7520 19
7807 -3605 100
-6025 7312 57
5566 -4724 8
4681 -7207 20
8277 9929 100
-8042 2927 171
555 570 11
1129 -2287 32
7092 -8255 25
6236 4802 4
-6478 4034 26
-9458 3512 28
6462 6580 12
-6517 3982 39
-554 -1277 107
-7440 7554 22
-4715 4816 7
-4935 2156 27
-6896 -6530 6
9182 -6176 28
954 2608 8
-5135 5649 12
5618 -4610 18
7437 3507 12
-6594 6979 9
-5008 3436 28
-5599 -5960 1
-6717 3257 70
8693 2182 113
3778 -4594 18
-5224 5451 45
-6449 -6038 39
9409 2905 36
7624 -8216 20
-7549 7822 35
-2184 -1592 28
-6264 -7842 60
-231 2729 50
-6819 -5992 65
-8932 7608 2
-5900 6733 103
6108 -4418 24
-6156 -5101 43
-3470 2922 24
-4752 3140 36
453 -2383 12
-6015 -5832 9
-3132 -2335 27
-2118 -646 12
-5987 -7672 45
-2895 -2113 46
8959 -9958 297
-2878 3222 64
84 1976 32
8876 -5055 5
-5425 3578 35
-5139 2554 21
-5311 -5795 36
-5527 -7525 28
-1670 -160 86
4872 -5971 41
547 2648 41
-860 -816 10
6602 -8698 22
4889 -6194 55
9122 2307 3
8988 1913 21
-665 -1277 4
8564 2570 42
-1747 3157 50
9558 1069 61
-3070 -938 12
-2297 -1779 122
9746 -7660 40
-5800 6893 43
5708 5240 14
-6735 -7505 74
6196 6145 73
-9929 6736 3
-7458 -9549 79
37 1897 2
9664 -1080 2
7142 -8118 70
6538 4686 18
-541 -2331 18
3605 -5534 15
4618 -7235 41
-5917 6496 3
-7483 3146 3
-5325 2636 15
5909 5900 17
3872 -4986 88
5651 -5238 17
7793 3511 86
-9126 3526 22
681 438 41
-4817 2156 91
5506 -6040 24
3991 -7206 113
-8787 7176 23
-3954 1471 93
-3877 1724 39
-6533 3654 29
8783 -2947 152
-6037 -6302 51
-6537 6913 24
-7147 7092 81
7315 3880 31
8920 -3414 4
-3172 -2239 77
-5800 6950 14
-7677 -9834 15
-9805 -4176 53
-3196 3557 81
-2977 -286 3
9252 1039 43
7064 -8447 21
-6088 5284 26
9914 1262 2
-5475 -6419 34
-8042 2747 9
9610 -1145 73
6450 4804 32
198 575 5
-2876 3561 201
531 588 19
6721 4567 62
-5181 5397 20
-6181 -7605 44
-5055 5634 17
5486 4181 3
-8312 2663 45
-3398 2922 48
6829 7954 13
-6211 -9731 40
-6442 -9825 25
-6636 3053 31
-2753 3383 6
-231 1817 16
9717 2347 22
-6903 -8478 65
-7983 7661 40
-6647 4073 6
-6082 -6242 24
4826 4481 35
-1550 -187 37
-6212 3235 57
-6862 6613 21
7510 -8743 41
-9954 4256 36
9175 -5784 55
-1962 2970 12
-8873 2635 2
317 -453 22
6481 -8753 22
-1621 2718 7
8071 -3279 18
4086 -4547 81
-7225 -9732 111
8769 2067 12
9415 -9809 50
-6205 4521 16
9197 -5090 9
3794 -6965 15
-9675 5653 32
-6806 3977 33
9645 -821 62
5480 4189 7
