1000
-5059 5534 8590
4650 5534 1119
5658 7778 1341
4188 4494 19
5658 9358 239
2753 -6786 5998
9070 3077 3938
5222 9358 197
6926 6827 244
5222 9881 326
4188 3866 609
6020 9358 123
7294 7103 216
6069 9190 52
6448 -419 432
6040 -725 78
9070 8354 1339
6988 9338 709
6498 -1043 194
-4997 -5106 1932
9070 -1071 210
7166 7343 56
6121 -833 57
5603 -725 359
3446 2618 401
9593 -3531 1577
9879 -6786 1128
4298 8534 215
8626 7059 30
4010 2618 163
-6818 -7534 1103
-8897 -4953 1971
2753 -586 202
6754 -1235 126
9163 -1707 297
4308 3151 116
4476 3025 94
7390 -1500 563
9879 -9111 1197
3689 541 1263
2281 541 145
4726 9881 170
4298 9281 532
5766 9673 94
-8897 -7028 104
4254 7250 159
-8897 -7390 258
4991 3866 194
4010 2390 65
-6353 -8650 106
3674 6266 101
3187 9734 664
-4997 -7099 61
9748 -1487 328
-6110 -8478 77
8386 9717 186
3510 3866 69
8332 9957 60
4071 7250 24
7989 9717 211
3843 8534 240
4650 4375 40
5518 -5 366
-6035 -8518 8
4145 1871 143
-3471 -6786 226
4071 7276 2
1601 -696 200
6036 -5 152
4086 6980 159
9081 -5850 102
3820 8270 25
-8589 -7621 127
5071 -725 173
8238 -1500 285
-5970 -8518 57
-5728 -8518 185
7806 9338 109
6168 9469 62
3946 2870 97
-6353 -9691 935
7348 8474 227
7518 6971 44
7726 -2350 351
-8309 -7558 160
7073 8474 48
4298 9857 44
4172 9841 42
4887 4061 27
4816 -589 116
3492 3663 116
-9325 -7711 277
-4011 -7683 821
4118 7505 130
9185 -5241 181
3711 7505 277
7478 7448 175
5806 325 72
5202 -242 29
5729 -1404 152
4249 2618 76
-8972 -7698 59
9409 -5241 43
4071 7283 5
4313 1920 32
-4640 -9691 778
-7871 -9691 583
6137 9241 33
-8375 -9394 2
-8456 -8911 392
3556 3411 144
3933 2354 20
3556 3218 49
5985 9478 2
3571 8309 113
4348 2929 66
-8231 -7398 18
-5970 -8584 9
9281 -5488 84
6746 -1983 242
8786 -1284 145
-8309 -7270 128
-5717 -8843 125
-7871 -8990 118
-6818 -6264 167
5243 -875 31
-8209 -7030 132
-8733 -7638 18
-8591 -9615 141
4519 -649 187
7166 7401 2
4652 8809 58
3278 3043 56
-9356 -8191 204
-9347 -9807 639
-8021 -8911 43
4433 1955 93
-8456 -9309 6
3606 5969 12
-5354 -8686 225
7500 6891 38
4426 3151 2
-8778 -7873 188
3652 3301 2
7021 -1008 52
-7639 -8990 114
7718 7548 85
-9356 -8502 107
-4885 -7114 52
3812 2870 37
-9347 -8942 226
7602 7006 47
-7283 -8650 106
-9979 -8942 406
7725 -3057 217
3789 6676 266
-8640 -9783 34
-4997 -7345 185
5127 3077 5
-2947 -3050 250
4871 -721 27
-4011 -8612 108
-8042 -8044 223
-9347 -8664 52
4631 8737 17
3626 8009 192
-4887 -7683 55
-5970 -8424 37
4337 2083 67
3936 7805 98
9081 -5631 117
3706 3229 88
4083 7805 49
6187 -945 73
7905 9472 48
-3811 -8612 92
-8998 -2546 399
8871 -5431 173
-9107 -9059 41
3689 2033 229
-8528 -8482 43
6526 -1238 3
-8302 -6906 23
8711 9945 211
4718 2107 230
-9979 -8535 1
7702 -915 100
7782 7195 214
-9452 -8630 53
-3883 -8766 78
7848 9905 24
-7329 -3504 164
-5365 -7206 200
8558 -1113 140
6897 -1224 2
-9833 -7711 231
-6243 -8554 40
4624 8713 8
4037 9925 117
-6179 -3530 38
-8399 -9362 38
6987 -1104 2
8012 9338 97
-7791 -8798 90
3980 2318 13
4514 2360 95
-8132 -8260 11
3839 1833 21
-8485 -7426 60
7950 7035 18
3848 2885 2
-8042 -7793 28
7989 9985 57
4365 9857 23
4235 1991 7
-4825 -7069 23
4086 6814 7
-4249 -8612 130
2338 717 40
4254 7006 11
6907 -856 138
8732 9725 10
4821 3177 283
-4052 -6843 20
6248 154 113
-5079 -7763 153
4277 2360 142
8353 -2229 221
7478 7672 49
4978 9053 104
4887 4193 105
-6826 -3504 339
6811 -1500 16
6811 -1480 4
4233 9841 19
3790 8230 25
-9979 -8314 220
3755 8181 23
8111 9358 4
4194 6569 12
7348 8185 62
-4747 -8235 99
3116 2330 37
4334 7058 49
3790 8202 3
-5354 -8975 64
3706 3140 1
6338 -1343 146
3021 2330 58
-3471 -7013 1
4239 -814 138
9964 -1775 32
7586 -828 45
5223 -923 21
-3754 -8536 3
7484 8729 62
-8463 -2546 136
-8538 -7973 72
3574 6029 56
4918 9144 5
-9833 -7234 246
5793 -389 27
8062 -1170 89
3789 7041 99
4713 4375 23
4734 4403 12
-4011 -8724 4
4316 1731 78
-5423 -9195 119
3419 3866 22
-8378 -2414 21
-3149 -3916 266
-5824 -8271 80
-6205 -8478 18
5833 191 5
9378 -996 107
4523 1731 129
-5354 -8369 92
9509 -5316 82
-3769 -6786 72
3888 3229 94
-9137 -7229 31
4298 2163 22
4382 7072 1
5594 9673 78
5159 -890 14
8155 -1965 109
9748 -1139 20
6482 -1301 4
6835 -702 32
-7972 -8911 6
2193 -394 390
-9058 -9059 8
5680 -1236 23
-2722 -3170 5
-4832 -7114 1
-9704 -8314 55
-9938 -2546 541
-7375 -8990 150
7404 8095 44
-9023 -8996 64
8808 -1707 58
-9487 -8714 38
9165 -5770 14
4874 9131 26
5189 4394 142
8921 -1356 8
4288 2849 34
4882 -905 88
-9409 -7234 178
4438 3142 13
-8276 -2546 51
8124 9422 43
-4747 -8467 133
4212 4494 5
-5586 -7699 140
7738 -1036 17
-3785 -9487 101
7294 6773 114
-8859 -8233 181
-8375 -7973 91
6079 -945 35
1917 -26 70
8875 -1532 40
3356 7841 126
-2785 -3266 20
-8627 -6969 63
8969 -8055 197
-4747 -8746 146
5755 -1070 18
6100 9520 23
8188 -1138 41
7058 7051 16
9950 9833 382
-8444 -7342 25
9399 -5316 28
9081 -5473 41
-6458 -8584 7
6079 -1014 34
7871 -2698 26
7726 -1984 15
6682 6261 42
-3257 -8355 189
4316 1812 3
-5267 -7763 35
-4803 -7452 4
9151 9945 229
4083 7875 21
7404 7910 141
8268 -1138 39
6369 154 8
-4003 -3146 154
-8255 -7798 86
3195 3043 27
9378 -1139 36
7974 -1390 1
6168 9608 77
5806 543 146
-8315 -2657 49
8955 -5599 13
4086 7141 2
5069 4275 27
2543 -658 20
1961 214 174
-3062 -8355 6
-5114 -8686 15
-5466 -7580 29
-2535 -3050 162
8742 -8055 30
-3322 -8775 236
-3759 -3146 90
-9178 -7390 23
4353 1895 7
4158 8705 6
3966 7641 12
5594 9767 16
-9325 -7424 10
-4603 -8359 47
-5220 -8975 70
7073 8415 11
4254 6854 51
8798 -1532 37
6127 9190 6
4086 7162 19
-7124 -6264 139
-9701 -7487 29
1454 -500 45
-3769 -6711 3
4298 8252 67
-6628 -6264 23
-7499 -8740 128
-4354 -8752 45
-3292 -9763 464
4208 8132 83
5194 541 242
-2309 -3050 64
-2204 -3190 111
4357 2012 2
-2057 -3050 92
-6291 -3046 78
4094 7935 40
6682 6374 71
2296 861 110
-4805 -7401 15
4249 2532 10
-2359 -3190 44
3996 7949 58
5194 852 69
-5128 -7931 22
3843 8855 81
2451 -738 40
8121 9893 9
-7024 -6159 6
9185 -5436 14
-9188 -8730 39
2414 701 22
2505 9734 18
4984 985 106
8062 -1019 62
4142 7880 33
-5586 -7882 43
7149 7545 143
-8698 -2861 36
8012 9447 12
-5783 -8086 70
7969 -3474 48
7485 6779 75
-8627 -7130 98
-2824 -4144 131
-9023 -9112 52
5428 940 181
5755 403 3
1777 -26 70
8062 7394 53
3057 2170 106
1258 -696 143
5658 6357 80
5626 980 21
5841 5534 72
6426 6374 185
-8536 -7070 11
-8177 -8284 40
6139 9195 7
4847 4052 14
-8179 -2759 121
-5377 -8002 198
4720 4265 56
9414 -1166 9
-4381 -8612 2
7547 7103 37
-3436 -9127 134
-8364 -8284 147
-7329 -3306 34
3329 3111 29
7644 7840 109
9879 -5377 281
5646 932 31
-3503 -3146 166
1421 -456 10
4914 4313 18
-4943 -8320 112
1704 -26 3
3635 7148 88
7348 8711 10
7390 -828 109
-8815 -9408 26
3425 3111 67
2414 728 5
-4310 -8869 80
-2690 -4144 3
-8436 -8149 6
6991 -669 67
7103 -684 46
5910 5765 162
8383 -2453 5
-3691 -8647 33
-8972 -7760 3
7726 -2751 50
9544 -1215 12
6819 -1021 49
-9105 -8996 18
-7142 -4017 18
4690 -877 98
-9158 -8462 95
8837 -7831 63
-7902 -8650 95
4910 -1001 12
8057 -3083 23
5940 -419 76
3888 3120 15
-3149 -3473 177
6494 -1296 9
5176 1045 92
6727 -1513 69
-7159 -8927 75
-3881 -6801 41
3423 8009 11
5666 594 3
-5752 -8217 10
-6166 -3046 47
4928 -1081 70
-9530 -2040 109
-7099 -8836 34
9438 -1087 2
5048 4193 56
4157 2270 8
4803 4081 35
-8179 -2911 31
3767 2978 80
9385 9945 5
7945 -2698 48
9281 -5623 51
-5675 -8131 47
4257 2044 22
5607 -1236 50
7838 -1086 47
-8179 -2591 47
-8951 -9026 14
1367 -384 80
-9488 -9130 9
-9169 -7106 94
-7401 -3350 6
4311 1812 2
-9872 -6982 9
-6433 -3504 54
-9979 -9436 88
6196 6374 45
7518 7019 4
7838 -1035 4
8029 -2987 77
-8536 -7041 18
-5122 -8320 67
4225 2522 16
8837 -7715 53
3911 7041 23
4383 9833 7
4992 4249 14
5176 1423 286
4412 2183 58
7006 -1983 18
-5552 -8987 94
-8273 -6906 6
-7484 -9175 62
4320 9977 78
-5848 -8678 15
4213 2163 63
5951 -1404 70
4296 1871 8
7425 8185 15
3934 7949 4
-9704 -8175 84
-8278 -2931 70
8915 -7831 15
4032 8026 27
3355 3043 21
-9027 -7650 14
7854 7405 8
6862 -1154 9
4821 2719 175
7196 -828 85
8669 -9111 13
-8442 -2931 94
5022 9403 8
1271 -424 24
-5658 -7903 32
-8443 -8125 19
5194 265 34
7040 8371 44
6931 -999 7
-5006 -8536 113
-6966 -8836 99
8393 -1872 118
-8578 -2770 77
-5237 -8325 33
5546 6357 32
-7375 -9165 25
-5182 -8352 1
-8521 -7062 6
6928 -450 49
4203 3051 29
1296 -424 1
5166 130 11
6928 -364 37
8871 -5625 21
-8520 -8125 58
-3303 -3191 39
-3035 -3625 13
5641 543 19
-7355 -3138 136
5650 478 23
6054 -1074 31
6643 -1548 22
6161 6254 80
5499 -1236 58
4425 9868 38
8535 -1560 18
5659 9745 19
7309 -2350 66
4441 2674 124
3347 8339 113
-7639 -9128 24
-7520 -3282 83
5814 6149 180
6206 -1519 74
2937 2143 17
9281 -5725 51
4519 -879 43
9458 -1108 27
2072 66 11
8581 7035 21
7986 7020 21
-9387 -8706 6
4460 2238 15
1296 -484 41
-4554 -8359 2
4746 4408 1
4088 9785 14
4554 7008 5
-3213 -8115 55
-6203 -8650 44
4713 2575 5
8946 -5922 51
-9395 -8712 4
-7319 -9165 31
-9500 -9121 6
5289 4289 3
4065 6794 22
5456 6326 11
4538 6978 29
4322 1880 9
-4832 -8935 2
8193 9923 69
9037 -7770 96
-7094 -4037 34
9949 -1811 7
4838 -469 6
3854 2473 32
-7187 -3889 43
-5882 -8755 62
-3704 -9379 34
3650 3124 31
5648 980 1
7230 6653 22
-9393 -3000 44
7468 6915 2
3347 8211 15
-7674 -8842 35
-8615 -8009 13
5766 9833 66
8212 7210 91
1514 -437 42
7309 -2229 55
-8373 -2839 21
4010 2318 7
4882 -803 14
-3077 -4236 62
-7038 -3947 72
-5860 -8348 5
-8731 -9408 58
-7767 -9068 12
9940 7194 111
3510 4016 81
6214 -1436 9
-4600 -8746 1
-7499 -8527 85
3922 7954 9
-5030 -7155 4
-2415 -2931 7
4659 -502 16
8823 -8431 59
-8859 -8555 141
9608 -996 123
4265 2083 5
-2309 -2897 89
-6179 -3461 31
7242 -2350 1
7945 -2781 35
-5601 -9127 5
3519 7061 57
5139 -242 34
4418 2083 14
5965 9190 52
-8698 -2819 6
7806 9489 42
6158 5951 148
4079 -778 26
-9938 -1936 69
9406 -5488 41
6038 6254 43
4391 2554 6
2917 -709 3
-6881 -4321 109
5614 9767 4
5818 -230 9
-5396 -9031 6
3278 3121 22
1226 -484 29
6069 9102 36
8062 -914 43
-7682 -6573 54
5075 2107 127
4254 7426 17
-8545 -7381 15
5110 9053 28
8732 9685 30
-6166 -3226 133
9349 -1459 13
-7966 -8530 41
-9452 -8688 5
4870 9689 70
-4394 -8904 11
-3665 -9327 31
-4944 -8746 51
6288 6095 46
5904 325 26
-3186 -9048 69
-9023 -8911 21
5446 1279 20
5136 1822 115
-9081 -7172 16
7309 -2501 85
-9198 -7342 29
-5994 -8755 50
-8399 -7390 22
4990 9427 32
485 -1081 41
-9465 -3000 28
8811 -6006 108
-5346 -7580 91
-7838 -6990 53
4821 2521 23
-9889 -6747 79
8627 -1491 97
8741 -7831 33
-4941 -7066 4
8359 -2485 35
3347 8473 21
-5675 -8050 34
2252 744 15
-3006 -9015 114
3893 9908 28
6643 -1450 36
9526 -5515 82
-3503 -3419 107
3339 1913 141
4152 7713 66
-7024 -6101 52
-5861 -8827 13
5822 9875 4
5468 6335 4
-5482 -8210 35
3361 3307 77
-5837 -8187 5
-8062 -2803 4
7986 6985 14
-3574 -8670 37
6607 -1625 63
4956 4353 40
-5114 -9059 12
7244 7946 23
-5828 -8699 14
4142 7833 14
3375 8473 7
7025 7343 85
7546 6926 9
-8989 -6959 11
-4943 -8195 13
2360 981 26
-6087 -3046 32
-9122 -8642 71
8837 -7896 2
3484 3257 26
-8968 -8948 9
4746 6684 35
3383 3167 3
6134 -1746 71
4152 7788 9
-5220 -9059 14
353 -1276 12
9929 -1787 5
8611 -2229 37
8021 7032 16
3519 6997 7
-4868 -8220 13
5844 -321 58
3812 2824 9
-8126 -7558 23
3459 2033 1
-6589 -3912 58
4896 4353 20
-7117 -3947 7
2526 -738 35
-9357 -2895 67
6771 -966 24
3251 8513 83
3836 8121 46
-8413 -2764 64
6112 5765 40
3484 3220 11
-5265 -8304 2
8144 -1019 20
7103 -568 70
-7946 -2803 112
7230 6612 19
3245 8203 57
8129 -2361 39
4183 3151 9
7445 7628 6
7566 -2734 65
-6007 -3064 50
7390 -626 93
3361 3224 6
7268 8167 20
-7946 -8482 11
-5889 -8343 17
-9435 -7447 9
6290 -1681 98
-9443 -2156 36
4848 9053 26
9200 -5850 17
-8475 -8482 10
-5137 -7492 18
7644 8765 102
5640 9833 60
8751 -5305 1
-2704 -3984 69
8741 -7743 47
5814 5936 33
7138 -484 21
8835 -9894 108
3356 7676 39
4847 9281 17
5046 2579 90
-3235 -3016 40
-7273 -9898 8
4961 1882 70
7155 -684 6
1717 -301 95
8048 7068 29
-8013 -7177 113
-5503 -8369 57
7952 -1074 57
3996 3229 14
-9083 -9137 13
-7990 -8485 10
4397 1699 1
9173 -7872 74
-9321 -2818 18
6991 -573 29
3689 -779 57
-9040 -7779 16
8883 -1872 28
4207 7761 7
4184 9925 30
3733 2273 15
4192 2522 17
7590 6779 30
-3006 -9171 42
3779 -779 33
4388 7072 5
-5377 -7740 64
-8506 -7270 69
-4963 -8147 39
-2359 -3138 8
-5209 -8280 20
4561 9829 3
4936 9281 72
3591 7040 18
5494 1243 40
9151 9708 8
4984 835 44
-3687 -6624 44
-7575 -6573 53
8533 7015 31
-9169 -7229 1
-4535 -8746 64
7833 -1023 9
-8516 -7074 7
7478 7748 27
4158 7910 1
8057 9985 11
5609 9775 1
-3819 -3290 66
5725 -1212 28
-5572 -7206 7
-8015 -7558 88
5836 9875 10
-5694 -7951 28
4003 8765 41
-8532 -8284 21
8627 -1605 17
6044 -1002 3
1777 65 21
-5438 -8449 24
4843 4310 20
7515 -2802 20
3636 7016 33
6510 -1343 26
-4997 -3141 33
-7155 -8803 31
-3754 -8510 23
-4003 -3310 10
-4868 -8173 34
-5940 -8600 25
-5370 -9038 1
-3244 -2976 1
3655 8855 107
-7827 -8470 100
6288 -945 28
-3675 -8584 32
5405 -1236 36
4838 -395 68
5480 541 44
6019 -900 40
4059 7865 5
7501 -2662 32
8875 -1481 11
8897 -7704 8
7880 9985 52
9452 -1166 29
8121 7150 18
-7071 -8748 38
-5090 -7099 32
8060 7210 61
-7512 -6589 12
8639 -9071 37
3873 1833 13
6682 6519 74
7099 8371 15
9958 -1851 34
7390 -2100 37
8921 -6102 38
7862 7506 65
7238 8095 58
8036 9465 18
4538 7010 3
5566 478 61
-3772 -9655 28
8052 -2698 59
5013 4269 15
8766 -1763 12
4630 -968 11
7315 8095 19
8407 9957 15
9215 -8055 49
4838 -238 89
7806 9157 72
7584 8099 120
-7813 -8044 6
5960 325 30
4288 2139 4
5746 -1192 1
-4493 -8690 6
7183 6612 28
4246 6944 5
4991 3596 76
4549 1563 41
7891 9157 13
3931 8300 10
3361 3387 3
-8735 -7606 12
3978 7250 69
-2929 -9171 35
-9050 -8233 10
-6881 -4166 46
7310 -710 23
-3175 -3221 35
-2665 -3301 105
3824 7820 15
-4828 -8077 70
-2408 -2765 76
4441 7072 48
4927 9511 73
-7639 -8635 47
8385 -1113 33
3314 8597 22
4020 3184 37
9918 -1079 114
-5837 -8166 16
6168 9755 70
8033 7016 4
-5970 -8382 5
7815 9905 9
-5627 -8723 25
7987 7434 32
-9038 -8427 30
-9116 -8147 40
7455 -2770 48
-6974 -4197 46
-8344 -7114 27
3734 7148 11
-8443 -8083 23
-4901 -8674 24
6184 -67 8
-7392 -8527 22
9814 7162 19
-8755 -7130 30
7883 7434 10
4441 6958 66
4684 -395 86
