1000
-3305 -7320 4766
6356 -7320 4895
6356 5000 7425
-1800 -2160 609
-3381 5000 2312
-8511 2264 3502
-6473 7319 1553
-8357 -5215 707
-9623 8399 1777
1799 -2980 1398
-4670 9723 1452
-9341 -4805 359
-4159 -676 1750
-9641 -4580 16
1330 -1372 277
-8421 -4192 318
-2941 1991 729
-8357 -5937 15
-1508 1991 704
1795 -1372 188
-2479 -64 38
-1421 -64 1020
-8502 9959 144
-6175 -1188 330
-8736 -2792 1117
-2478 -2160 69
-8324 -7320 253
-7138 -2792 481
-6761 9035 187
-334 -2160 857
511 -3946 212
-8907 -7320 330
-8958 -4192 219
-4154 1991 484
-446 384 53
-1861 -1120 124
-748 2030 57
990 -1561 112
-2689 556 168
-199 288 212
-9490 -7320 253
-6609 -2792 48
3868 -2655 392
-7385 9217 463
-8627 -7614 76
-1508 2822 127
-2909 748 124
-2614 -2262 101
-3122 8562 483
-6838 -2072 299
-9704 -4520 71
-4159 -2439 13
-2477 1121 257
-52 -216 313
-3939 1475 75
-6012 -676 103
-6989 9620 102
-3510 1004 51
-2014 -1324 131
1568 -9505 368
-7584 -3832 435
1799 -4654 276
-7195 9673 31
-6000 5064 259
-6415 9035 159
-616 1854 163
-7195 9728 24
-9926 -4224 299
-644 9290 785
-9677 -5125 105
-9490 -8764 1191
-2333 813 83
-6500 -1548 155
-9805 -6696 446
-334 -1153 150
-3784 1475 80
-2014 -1505 50
-5965 -1908 420
1568 -9128 9
-8452 -6105 178
645 -1561 233
-2464 436 87
-7235 9703 19
-3784 1361 34
-7546 9769 112
-3328 1124 167
-6290 -2792 271
-4159 1147 73
-5498 -1908 47
1198 -987 130
-2026 -1120 41
-2646 -2388 29
-9133 -6511 251
-8384 6879 184
-9901 -5931 325
-6596 -1188 91
311 -3736 78
-1648 2774 21
3607 -2307 43
-2287 8562 352
-6596 -1003 94
-9133 -6832 70
-5822 -2597 236
-5578 -2597 8
-9243 -4260 74
1388 -9120 57
-2754 -2214 47
-9804 -3237 40
-9176 -1622 133
120 9863 170
-1623 9290 194
-1019 1339 111
-6941 9760 46
-4605 2850 162
-9216 -1424 69
-6007 -2792 12
-6830 9760 65
-8705 -6309 147
-3854 8085 378
-6859 9620 28
-1983 9770 406
-6000 5529 206
-2488 -104 3
-4910 8132 157
-52 -572 43
-9940 -3510 265
-8468 6634 75
-2591 -1600 70
4424 -2755 62
-3192 7548 243
-7135 9705 37
-1067 8226 360
1015 -4450 268
-8822 -4595 68
-3757 1241 89
-1468 1040 85
-2724 7724 257
3735 -2199 83
-3673 8562 68
-9428 -1507 144
635 -2107 57
-8742 -4255 6
-3625 1186 54
-8379 -1568 158
-8783 6554 250
-2202 -1120 135
645 -1124 204
-881 1627 21
-8897 -4635 17
-9623 6377 245
186 24 25
-6692 -1604 45
-7204 -2072 67
-8165 -4000 2
223 -3912 78
-5130 1084 79
-3071 9803 149
-7456 -1957 210
-2404 -1516 135
-1864 -1404 39
-8294 -8764 5
-1508 1217 70
3398 -3376 35
977 -1372 76
3320 -2655 156
-6746 9895 94
-9743 6152 10
-1858 8634 83
-2511 8008 98
-9065 6178 220
-5703 4370 8
-9199 -7101 35
-7546 -1741 24
4475 -2687 23
-9056 -1346 109
-7879 9025 67
-6000 4788 17
-7339 -1437 323
-6017 -2972 56
-377 -3084 68
-1772 -1473 76
-112 -793 186
-2866 -2214 65
-2907 7396 80
-5105 8132 38
95 -3736 138
-1664 3030 133
1063 -4736 22
-5480 -2597 90
-6692 -1526 33
-6725 9704 54
-9048 6554 15
-5844 4744 97
1301 -9004 88
-9170 -1346 5
-2391 7981 25
-6817 -1063 135
-9387 -4260 70
-9577 -5200 20
-6366 9723 244
721 -767 161
-815 7890 60
-7819 -1671 211
-1487 8667 249
-9013 -6882 60
-8511 5928 162
-2328 7921 62
-7733 5996 274
1188 -9220 107
-6245 -2250 22
-5801 5823 87
-9840 -2332 79
-5985 4752 22
-1487 7826 220
-5309 -2737 131
-5549 -2220 100
-1212 2822 169
-1251 6136 102
-3625 1081 51
3365 -2455 49
3223 -2980 26
-1019 1196 32
-7707 -1957 41
-7138 -3399 126
-8092 5996 85
-2602 8730 5
-2364 7658 109
-820 1627 40
-7584 -4417 150
-1625 -2760 16
-5822 -2357 4
645 -1808 14
-8432 -7830 215
-8149 -4396 22
-695 8381 43
-2783 9978 188
-4190 7833 42
9436 -2392 583
-214 912 313
-7763 9577 59
-7035 -3832 114
9976 -2104 29
-2737 1052 12
-7584 -3367 30
-2914 -2403 130
-6655 -2836 4
-2983 7724 2
-5199 -2206 100
-2329 -1336 60
-1613 -2776 4
-1016 7794 75
-9840 -2438 27
-6365 -1632 4
-9985 -1984 298
279 -2980 122
-8497 -6414 86
-8669 -6632 178
-2610 -1780 111
-4550 1694 11
-3102 9513 130
-7195 9936 184
8652 -2497 208
-7797 -2013 65
-3270 9213 38
-6867 -3762 68
635 -2045 5
-1697 2850 50
-2408 7837 54
-871 1651 5
-7433 5871 51
-2991 -2214 60
-5549 -2381 61
361 -701 205
-7733 6273 3
-4075 1087 15
-149 -1153 35
-3039 7344 12
-2088 7821 198
-1866 8117 172
-4385 2850 58
-3882 1399 20
-2479 8202 56
-9652 -3544 25
-5822 -2914 81
-377 -3164 12
-8211 -3832 48
-3063 -2403 19
-6211 8950 62
-1664 3229 66
-7485 -4920 54
3302 -3376 61
-670 8226 37
-9577 -5404 184
-732 1339 176
-6807 -3682 32
-9078 -1466 13
1112 -9695 126
-1272 3119 134
-1083 6110 68
-2452 -1780 47
-3108 -2431 34
-6550 -2192 13
-4217 2651 179
-4590 2318 61
-8727 5838 72
-8269 -7020 52
-4190 7622 169
-7003 -1577 41
862 -579 74
-9543 -4224 84
-1612 -1305 156
-2088 7590 33
-5268 -2298 15
-8149 -4471 53
-3167 7860 70
-7133 8812 14
-2336 -1758 61
-6100 -511 84
-8020 9577 198
-9133 -6236 24
-8930 -4679 38
3233 -2231 211
9076 -3096 129
-9065 6428 30
-8182 -4427 2
-6320 -1548 25
-1124 9983 58
-6847 -3673 9
-919 -1512 16
-1431 3119 25
-9369 -5560 76
-9253 -5560 40
-2653 2732 66
4372 -2358 193
-8092 5902 9
-9870 -2478 23
-2726 -2277 12
-1380 -1479 134
407 -3560 110
-6017 -3110 82
-4047 1430 42
-6500 -875 66
-9387 -4106 84
-344 3 52
-4962 1183 116
-8241 -6825 145
-1597 1040 44
-2970 9568 13
-6676 -1556 1
-4605 2567 121
-2408 -1704 29
-1458 9434 25
-848 2567 172
-8136 -6965 30
-9458 -7065 4
-8262 9959 96
721 -591 15
645 -1917 95
-3312 7860 75
1414 -924 95
-8207 -7950 40
-7456 -2269 102
-2967 9513 5
-2776 941 92
-8329 -6484 96
-8003 9959 163
-3003 7317 33
-8519 6444 36
-6724 -3786 77
-7780 -4417 46
-8196 -6328 109
-8858 5954 85
-9745 -7288 4
-4176 1291 72
-1132 2972 1
8866 -2696 63
-9285 -5640 40
-8511 6233 143
-9456 -1832 83
-8944 5954 1
-4757 1183 89
-7874 -1371 94
-5649 -2914 92
-5309 -2882 14
-9016 -6751 16
-5988 -526 29
-8065 7319 39
-7729 6276 2
-9216 -1268 69
-6867 -3833 3
-2631 8202 96
982 -544 51
238 189 148
-2754 -2046 121
-8257 -6619 57
-4350 7853 112
-2093 7070 126
-5988 -460 37
-1260 -1872 3
-3425 8085 51
-1382 3023 12
-2284 -1635 34
-2646 8919 112
-2013 7220 44
-6755 -1526 30
1306 -879 22
-9196 -6916 35
-7433 5727 93
1155 -4805 93
-2782 9357 226
-6175 -808 50
-1113 6038 10
-521 1626 84
-2180 2371 68
901 -902 64
-2189 7350 170
981 -863 25
-9548 -1597 6
-2709 -2472 76
-3171 -2431 29
-2238 8021 52
2086 -9816 51
-10000 -5089 220
-8057 5912 6
-6518 -2467 126
-4646 1622 109
-1215 -1567 53
1414 -755 74
-8295 6233 73
7604 -2436 115
-8164 -8764 125
-2387 8133 59
-6290 -3257 194
-881 1561 45
-7001 9792 22
-6762 -1628 29
-1251 6354 116
-5503 -2914 54
-344 71 16
-9283 -7021 81
-1421 -1117 33
-3167 7968 38
-4503 2714 8
-506 424 17
-6259 -808 34
665 -2035 21
111 -2980 46
-8073 -3832 54
-7584 -3336 1
-9065 5892 66
-9490 -7059 8
-2635 8730 28
4344 -2553 4
-3654 7710 47
-7720 6316 39
-9158 5892 27
8922 -2738 7
3492 -2373 78
-6631 -3786 16
1087 -632 86
-1708 -1521 4
3232 -2490 31
288 9764 25
-6366 9390 89
-8092 6160 79
-862 -1456 23
8788 -2242 81
-9940 -3794 19
-8624 -5976 37
-9901 -5602 4
-3939 1376 24
-9255 -4021 73
-1983 9211 153
-7875 9217 27
-6729 9290 70
-5778 4632 33
4344 -2571 14
-5536 -2465 24
8388 -2420 67
289 -1124 152
-7128 -4022 59
-3931 2603 111
1509 -4654 14
-6525 -2072 14
-9483 -4315 25
1042 -863 36
-8372 -8051 14
-1155 -1542 12
-7421 6021 39
-7598 -2269 40
-64 552 77
-8120 -3976 49
-1067 -1377 175
-8772 6178 73
-3778 2499 74
1799 -4981 51
-3894 1352 27
-1785 6995 191
-4195 -2487 47
-2743 8202 16
-8379 -1364 46
-1612 -1507 46
-8182 5876 65
-3039 9357 31
-9975 -2478 82
-2821 1121 87
-7043 -3567 67
369 -1561 43
-8185 6329 73
-9034 6428 1
115 -793 41
-520 1120 57
4732 -2463 182
-8029 6100 8
-2513 9075 93
-6237 9390 40
557 -890 44
-2371 9075 49
-7555 -4896 20
289 -1346 70
1315 -5036 188
-9321 -3933 37
-6609 -2741 3
-6554 -3427 120
-3465 7728 84
-8024 -4111 86
-5516 -2437 4
-7135 9746 4
3413 -2435 3
-9768 -4915 70
-1445 8226 18
-6755 -1364 132
-6194 9390 3
-5962 -796 27
-2061 860 104
1275 -755 65
-7763 9647 11
-8731 -5976 70
-1858 8765 48
-8592 -1568 55
-3013 826 6
-413 -484 72
-8217 -6577 1
1828 -9793 20
1568 -9883 10
-1440 3218 61
-8540 -7614 11
-9235 -6231 47
-2282 8054 3
-6970 -1437 46
-9206 -4453 18
-9492 -3966 91
9506 -3512 47
1442 -9004 53
9436 -3057 82
-5721 5529 73
-1464 6995 130
-2496 -104 5
-3122 9090 45
-6909 9536 14
-7734 -1320 55
-6384 -572 43
3233 -1971 49
-9550 -5931 26
-9835 -7240 98
454 -216 193
-8984 5892 15
8655 -2140 76
-633 1626 28
-9671 -1507 99
-8003 -4471 93
-6500 -1003 2
-514 -1153 30
-3778 2576 3
-3280 7782 7
-8516 -7064 67
-9357 5892 172
-2226 -977 10
-8186 -8170 181
-6822 -3427 148
-8958 -4417 6
-8038 7283 6
-9999 6095 225
-2646 8797 10
764 -216 117
-9382 -5931 142
1012 -1288 15
902 -9871 148
-5806 4587 20
-5244 -2330 25
-5561 -2809 45
-1113 5940 88
-4452 2746 23
1590 -1084 111
-4662 7762 213
-5881 -3110 54
-4154 1485 22
-9609 -4010 34
-4422 7662 47
-496 8226 137
-8074 7359 2
-8669 -1568 22
-9230 -6045 48
-749 7802 50
-9022 6423 12
-5928 5739 16
8255 -2576 138
-1608 3187 4
-8555 -7160 28
-8653 -7830 6
4338 -2755 24
2103 -1297 129
-422 1458 111
-1708 9086 27
-4251 -2520 18
2334 -1405 126
-9985 -1527 159
-7138 -2310 1
-8275 6134 28
100 9600 21
-1090 -1627 68
8279 -2433 7
-8028 6208 1
-1025 2738 36
-102 -1153 12
-7149 -2120 6
-9197 5814 6
-1522 -1479 8
-4313 2829 17
-8185 6241 15
-2371 8976 50
-9703 5873 145
-6834 9378 67
-9603 -1201 131
-5513 -2809 3
-8240 -6105 34
-574 8386 41
-9369 -5649 13
-3757 1140 12
-9999 5720 150
1176 -9947 134
-5965 -2353 25
-9273 -4101 9
318 -1561 8
-6799 9557 59
-9095 5820 12
-3217 7968 12
610 -349 12
-8669 -6827 17
8063 -2520 62
-7948 -4339 50
-8958 -4487 64
-5981 -3215 29
-6473 5730 36
-2540 2732 47
3395 -2415 1
-2226 2712 251
-2970 9554 1
665 -2012 2
-9733 -5521 11
-8417 -6768 40
2152 -4654 77
-1932 860 25
-9728 6132 15
-6789 9438 8
-6080 -2968 3
-9060 -6045 122
-3217 7951 5
-3037 748 4
-1899 9346 6
-496 8084 5
-8137 -6672 40
-3212 9417 16
-7714 9839 70
-670 8302 39
1174 -844 15
-1131 7518 224
458 9764 145
-9761 -1459 3
-8480 -6680 17
-84 -1225 62
-9250 -7437 14
-8384 -8060 1
-2453 -1680 22
-2718 -2262 3
-8185 9797 77
-2328 8002 19
-8262 5915 24
-6344 -2250 77
-7984 -8668 79
-1675 7259 95
-8020 6314 91
9884 -3232 369
1535 -4456 54
-2470 9448 99
-9842 -2478 5
-9113 6464 30
-2754 -1884 41
-8910 -6045 28
-2305 9075 17
-1578 8138 105
2454 -1469 10
1414 -661 20
-512 8021 60
-9733 -5579 47
-4422 7583 32
511 -3704 30
2382 -4324 67
1475 -4519 33
-4364 8149 136
-5074 979 40
-8443 -6342 4
296 -3560 1
-9571 -6216 88
-6073 -391 39
1993 -9940 104
-5641 -2289 15
-6719 9518 30
-6603 -3595 55
-4358 7527 24
-7762 -1909 32
-381 -793 83
-4344 1242 103
230 -3652 21
-612 8021 40
-3080 9357 10
-9428 -1681 30
-8216 -8929 48
-449 -844 2
258 -3996 13
-7282 -3399 18
-9755 -1587 17
512 -1280 1
-2866 9645 74
-8742 -4535 32
-389 -554 2
-6598 -2617 44
-598 8069 10
-8277 9728 38
-8154 -7950 13
-6526 9954 37
644 -349 22
-4714 8132 39
3309 -1914 46
-6594 9552 41
-7607 -2229 1
238 376 39
-5577 -2513 23
-4484 7359 186
-6378 -2416 23
-7464 -4536 19
8860 -2146 39
-9060 -5913 10
-7168 -1967 44
-2944 9141 44
-2351 436 26
-5627 -3034 30
-2403 9994 70
-6315 -2416 40
-8201 -6547 33
-8083 6594 196
-3037 7860 60
697 -349 31
-9435 -4379 55
-6732 -1700 49
-1217 6642 174
-9060 -5859 44
-564 -1153 20
1592 -9953 64
38 -3560 47
-9490 -9994 39
-7584 -4688 121
-3264 7924 5
-58 -3432 113
-3377 8049 9
-5493 -2830 26
1968 -1225 24
-8008 6160 5
-2512 9592 51
-6646 -2617 4
4526 -2619 62
1407 -8920 38
3170 -2447 14
-2100 7555 4
-7576 5703 52
-5133 -2318 30
-6366 9283 18
-2568 358 43
-9133 -6932 30
-6535 9244 82
1406 -4654 89
-9975 -2609 49
-6344 -542 7
-8201 -6053 31
-7519 -1710 4
-214 583 16
8788 -2081 58
8323 -2348 30
-5465 -2283 5
-4805 2567 79
8934 -2733 6
981 -899 11
-6542 5470 233
-1478 6642 87
-6237 9264 86
-8565 -6785 7
-634 7901 82
4353 -2735 1
-7521 -3367 33
621 -1808 10
-2986 1033 100
-6580 9954 17
-1099 1136 68
-1404 7170 55
-5161 -2339 5
-2610 9592 47
-8436 -7004 33
-8051 -1497 79
3398 -3304 37
1438 -643 10
-8244 7026 19
-2869 9101 41
-8961 -6843 5
-1421 959 3
-5201 -2506 124
1620 -9004 125
-8033 5880 34
-2679 8292 6
511 -4198 40
-8136 -7045 50
1590 -891 82
-3013 854 22
3437 -3304 2
-4453 1242 6
-4194 1371 10
150 672 123
-8346 -8290 19
-2063 8922 72
-4043 2537 19
-9543 -4104 36
-1207 5940 6
-2291 8054 6
-2869 9053 7
-3673 8492 2
-8958 -4565 14
-8902 -4556 21
-3348 7937 10
-4340 8292 9
-9561 -4411 75
-6122 8879 46
-6563 -815 21
-2829 9011 51
-5498 -1967 12
-702 8278 1
-3721 1346 22
-2754 -2268 7
-7847 -4339 51
-8809 -6803 43
-6428 -3073 36
407 -3434 16
-6933 9504 26
-5914 -2914 11
-5197 -2330 22
-3661 1138 6
-6875 -1428 4
-1703 7889 5
-3257 884 52
-7099 -3525 3
-9794 -1343 106
-689 8021 37
1704 -8892 15
-1648 2799 4
-5393 -2872 28
8063 -2393 65
-8783 6807 3
-3044 748 3
-4481 2660 34
-5053 907 35
-2835 -1884 40
-7148 -2286 25
-3700 1374 13
-9693 -4691 11
-2806 -2484 5
-5988 -409 14
-1499 3030 32
-6922 9378 21
-9870 -2531 30
-8072 -9059 146
-3995 2723 25
-5887 -1404 30
-1035 -1579 5
-3452 7812 1
-979 7233 99
-3425 8027 7
1820 -5430 19
-220 -531 44
-4670 8251 20
-9975 -2363 33
-6562 9939 2
-2866 9752 33
-2413 7921 23
-2741 -1780 20
-7669 -2269 31
-6478 5218 27
-8722 -9788 89
-1924 7944 7
487 -533 5
-7550 -3101 34
-4033 1291 71
-4618 8104 61
-7770 -1243 30
-5827 -1415 31
1766 -9841 22
-5482 -2381 6
-3712 1116 39
-3654 7640 23
-8955 -5759 101
1536 -9986 1
-899 7041 109
1883 -5061 65
-732 1157 6
90 -3321 72
-2328 7857 2
-2866 -2139 10
-6237 9457 27
-10000 -5357 48
1077 -1168 48
-1254 -1888 1
-6653 -2569 29
-7315 -3443 37
165 -3421 53
241 -3364 42
-2750 8997 18
-8025 -4339 27
-9179 -4453 9
-4757 1331 59
-7169 -2156 24
1427 -5420 212
-8083 6824 34
-8284 -6262 1
-7796 9959 44
-1416 7366 99
1314 -9947 4
-3109 -2520 38
-8151 -3877 27
-5081 8164 2
1150 -844 9
-6674 -1087 10
-9923 -5357 29
-6259 -761 13
-9952 -7196 27
-1972 8922 19
-8470 -6656 9
-4618 8020 23
-7117 -2286 6
-1217 9983 35
-9321 -3882 14
862 -453 52
-705 1647 47
-9583 -4074 14
-9920 -2657 24
-3070 1168 59
-2298 8133 30
-7377 5871 5
-2433 9225 77
-2954 9580 7
289 -956 16
988 -9602 29
-9670 -3520 5
-6796 -1526 11
-6559 8905 35
3667 -2148 2
8922 -2755 10
7714 -2532 31
-9715 -7200 2
923 -453 9
-5922 -620 3
823 -4670 24
3242 -3344 7
-959 -1521 5
-3366 7788 15
-1232 9947 4
-7754 -1406 31
-7939 9116 42
-2307 8976 14
3314 -2920 83
-5047 -2578 46
949 -839 15
-6127 -753 23
-8475 5768 2
2696 -1784 97
-7201 -2156 8
1449 -8776 112
-3645 1325 51
-2061 1019 55
-2172 -2656 11
-3070 1242 15
1468 -643 20
-5926 -2914 1
-8426 -6656 35
