1000
-8398 3785 2162
-1174 -472 6223
7065 3380 2872
-2994 -8653 2158
5558 -5521 2192
-9594 -8023 4472
7065 8390 2138
9140 -1600 2523
1466 -6533 388
9140 1009 86
9140 -5388 1265
5558 -9556 1843
1466 -6949 28
9142 6626 587
9366 -9325 1972
8292 -6978 537
-7789 -3691 221
3266 -7837 1022
-8398 755 868
-6816 -4319 158
4356 5492 563
3528 -9940 223
6469 -1600 148
-8089 -2586 924
557 -9493 1491
3176 -9940 129
9382 8390 179
10 8963 3286
-5311 5044 672
-6227 8647 2959
-9881 755 615
-6683 -4163 47
116 -7981 84
-9806 -181 324
4524 6068 37
-4365 -6825 127
7065 477 31
-8837 -3147 11
7390 -8557 148
9382 8184 27
2960 -9940 87
2522 5325 652
4329 4682 158
-7528 -3334 11
6598 -7471 18
-534 -7872 423
-7849 -1641 51
9400 8104 55
-4501 5044 138
2121 -9013 145
-9806 -537 32
-6648 -4270 17
5378 -2136 537
7230 -7516 411
-6584 -4143 54
-6930 -3967 212
5021 5924 230
1819 -7837 425
3528 -9545 172
-7492 755 38
2082 5850 33
-3779 5780 550
2522 4623 50
-8938 -3147 90
6928 -3259 242
9299 1009 73
7210 -8461 56
-7777 -1641 21
8966 -6978 137
2615 -9788 290
9586 6034 153
1994 -6313 184
9526 7138 53
-7719 -1698 38
9922 7435 442
9299 1195 113
5460 -472 411
3224 -9248 253
-9810 8647 624
-2122 5733 54
7586 472 67
6612 -3022 153
5558 -3247 82
2615 -9451 47
-1174 -6711 16
-9249 -2325 265
-2170 5922 141
9400 7852 197
-4409 -6342 358
7880 -5255 2
3610 7913 464
-823 -8918 4
5282 6304 231
9060 9454 123
7430 -9952 63
3354 4905 280
9685 9454 502
2321 -9396 200
2646 -9168 197
2525 -6313 347
2865 -9168 22
4553 8390 374
-9249 -2799 209
-9094 7891 6
3635 8963 339
-8398 5985 38
5378 -2745 72
4553 8900 136
9478 8570 25
3650 5492 143
583 5552 52
-6392 -4399 266
-9464 199 80
4356 6224 169
6515 -200 452
3464 -8996 95
2011 -8397 167
5460 -941 58
7230 -7986 59
7322 -8272 145
-9039 -2586 26
8940 9679 132
6612 -2682 187
-3779 6478 148
-78 -7530 147
-8283 -565 457
-2883 6308 490
4553 9496 460
-6627 -4250 12
-6144 3785 92
5282 6785 250
9826 5917 114
5399 -2817 3
-7516 -3334 1
8784 9887 128
6196 -2935 272
9583 7138 4
-9386 -581 256
9478 8684 89
6209 -1405 177
-8737 -3450 156
2172 -9153 4
3970 6224 217
489 -7530 420
5681 785 69
5008 7466 117
-9277 199 107
1994 -6083 46
-9530 -889 84
-4913 -6797 321
9522 5000 71
7673 -6978 82
6336 -2314 273
9689 5000 96
2180 -9208 35
-9113 1733 11
-2190 5733 14
-9635 -889 21
177 -7114 100
4838 7202 197
-71 -7872 40
4805 6086 40
-7459 -3587 125
6049 -1327 1
1097 -7025 227
1738 5325 132
8420 -4192 131
-7863 -124 152
-9451 1625 241
9382 8591 22
-7471 -3362 52
6515 -746 94
-7492 832 39
5681 695 21
-9734 139 4
7093 -3655 187
-9453 -2646 46
6884 -3019 2
1859 -6133 41
6209 -1647 65
7860 -6654 3
6344 -886 127
-6149 -4723 139
-9222 7795 154
-9646 5621 58
1514 -7089 120
-9810 9470 199
-9249 -3050 42
3979 7421 151
2342 -9073 84
1338 -7025 14
-4406 5212 55
1938 -5993 60
3482 5443 32
4267 7161 237
1182 -7530 273
-7558 1105 42
-9128 1713 14
6010 -2136 95
4637 9012 4
2246 -7965 6
3881 4682 290
3716 8603 30
-9578 -1175 206
4708 -7561 18
-9222 7374 267
-7396 872 65
4622 7265 28
9817 8390 256
-8546 6096 147
3677 4087 339
9886 5469 338
2193 -9636 72
3875 -8800 2
9541 8178 86
177 -7226 12
-9792 -1175 8
4329 4869 29
7201 -8605 47
-9354 -1307 54
-9048 -2546 15
-6710 -3967 8
4090 8390 89
-5370 -6403 52
5556 6785 24
5627 6456 146
9909 4565 209
3731 8567 9
5684 -3079 128
9298 -6978 195
3338 5503 124
-78 -7274 109
-9606 -1965 242
-9210 -1577 252
4862 7466 29
4692 6019 62
9236 7975 8
3635 9467 165
-9758 -1680 81
489 -7022 88
-8411 -1482 226
-9839 -581 23
-9365 94 30
5253 964 148
6284 -1061 58
3382 5986 361
-9706 5576 17
-9716 -757 118
3635 9698 66
5356 5924 105
-8739 -1236 184
-2170 6179 116
5113 7410 2
7538 -6536 33
7322 -3655 42
9486 5469 62
-8835 -335 141
-6440 -4113 24
3310 9891 142
-8879 -1011 81
1819 -7325 87
3051 -5152 82
2405 -9209 5
-451 -8338 42
5798 -2696 163
-3329 9811 159
9298 8654 83
-5131 5707 15
5466 -3247 10
1406 -7323 32
5531 615 149
659 -7022 82
-9729 -2465 235
-9929 -1175 129
1766 -7089 132
-6902 5647 116
6807 -2654 10
-9277 86 6
9418 8169 12
-9783 1625 91
5288 -1464 141
5111 5708 4
7322 -3592 21
-7680 -1698 1
4792 6472 287
-9498 9287 88
-8124 -1482 61
-7949 -1422 124
3979 7226 44
-9409 -2967 23
-7707 -565 119
8276 -4084 49
-8679 -270 28
3429 9771 27
1813 -8397 31
3707 8535 31
9727 7835 3
-6617 -3967 85
9886 5099 32
-9646 6190 511
-9982 5650 125
2054 -6138 1
9050 -7090 3
5399 391 111
-4909 -5967 267
7838 -4443 330
-9432 9399 42
-9620 7374 131
-9332 9504 103
9386 1311 32
-9620 7538 33
-2211 5713 15
-8089 -3583 73
4748 5977 8
3100 -5320 93
3202 6371 64
-9522 -2646 23
3460 8543 116
5945 -64 134
-5202 -6452 123
-6482 -4113 18
-226 -6677 54
-3100 6764 15
5900 -2935 24
-8600 6336 99
-9450 -329 4
-9287 9304 102
-9881 1411 41
9579 1099 183
-9255 -34 116
4553 7934 82
4792 6817 58
9825 6626 96
4692 6116 35
-9986 1511 104
6752 -2853 34
2911 -6313 39
3697 6250 50
4320 6547 156
6807 -2667 3
1946 -7070 49
-9620 7172 71
5021 5608 86
1766 -6941 16
9419 1267 23
3143 -5152 10
7418 -8162 1
4753 -7669 99
-7651 35 113
9921 1099 159
1738 -8357 54
7673 -4047 99
9873 2561 53
-795 -8252 38
-9810 9860 191
-7651 -98 20
-487 -8386 18
4394 -3398 67
6336 -1945 96
-9620 6904 197
-8835 -133 61
-9392 9268 9
4533 -3398 72
3683 7004 326
1595 -7417 51
-9039 -1011 79
1874 -6703 54
2775 -9488 50
381 -6977 29
5288 539 74
-5967 4552 148
9157 9283 53
5093 886 30
-8679 -211 31
5113 599 111
3326 3955 36
7289 -3699 13
4855 6901 47
-5802 4272 177
-7777 -1608 12
-6627 -4228 10
7718 -3847 106
7093 -3853 11
-9810 7993 30
4321 9931 33
3543 5245 109
-8423 -1045 43
9961 1297 43
6188 -1185 44
-7949 -1569 23
-8634 -151 44
4351 7934 120
9931 5861 5
-5254 -6797 20
6834 -2853 48
3891 6698 44
8966 -7126 11
7643 -6624 104
4440 6666 13
3671 8603 15
-1282 -6942 239
5650 -2807 22
-9375 -153 53
-8739 -1437 17
5392 -941 10
-9321 -3204 128
-5637 4052 98
-9810 7931 32
3266 -6625 190
-5212 -5967 36
3529 4617 57
-8522 6496 79
9582 4920 29
5504 -2944 97
-9729 -2725 25
4356 4917 12
5113 421 67
8994 9887 82
3387 6782 44
-7539 -495 63
5291 247 69
5642 -3282 9
3078 -6484 45
6010 -1939 102
-4828 5688 133
-8892 6096 199
-9098 1280 7
-5947 4779 17
1851 -8319 11
9946 3380 9
3359 8756 6
6033 41 3
-9409 -2940 4
5945 100 30
2046 5955 78
9955 6770 98
-4970 5688 9
9299 1382 74
5253 1127 15
5420 -1139 144
8966 -7171 34
4572 7754 99
6421 -3207 81
7838 -3825 16
-7566 167 44
3805 9467 5
6065 388 282
-9929 -947 99
524 -6938 3
3326 3917 2
-3329 9573 79
3180 -5404 23
-9362 -1112 19
-9837 -2696 20
5654 -3247 14
4455 7754 18
6115 -1975 9
659 -6930 10
-7656 -1422 169
3294 6440 51
1907 -7220 50
-9332 9830 223
2166 -9756 51
2342 -8907 82
-9114 6355 46
-9957 -2786 130
-7411 -3394 16
-870 -7345 202
1694 -6935 38
4765 6116 10
5380 -925 10
9382 5949 68
-9505 1865 5
3224 -9555 54
-9426 -1382 39
-9554 9392 31
-9551 -3204 102
1950 5827 82
2419 -9209 9
1521 -7417 23
5161 357 13
3049 -9615 131
-9672 -2801 70
-8923 55 7
-8666 -1618 63
3844 8393 70
5760 388 23
9298 8826 89
8812 -7209 32
4733 8881 45
3099 6698 256
3234 -5092 99
-7137 -3743 93
-90 -8057 58
-3701 6638 30
1831 5201 23
2613 -5833 141
4706 7934 71
3372 6698 17
982 -7320 17
-3657 6755 95
6320 -3207 20
-9123 7927 11
-8124 -1391 30
-9381 8007 111
4669 -7589 17
4022 3903 52
-3513 6625 99
9717 1283 47
9482 5198 131
-9405 -2591 27
3751 9698 50
6752 -2888 1
7137 381 89
3266 -6404 31
1923 -6083 25
7302 -7986 13
-789 -6985 167
3885 6428 4
-9870 -1695 32
909 -7882 128
2714 -8883 96
-516 -8386 11
-9858 7791 116
-5934 -5202 149
4464 7523 156
-6096 3695 10
-6227 5627 61
3256 -9503 4
4116 6547 48
8596 -7477 30
-7228 -3394 167
9361 8156 8
1738 -8299 4
-9221 8007 49
8336 -4304 9
-5661 3909 47
-9435 -1 67
-7677 -1642 32
-9384 -3420 97
-6123 3659 35
-6149 -4578 6
-6278 4262 11
4801 6901 7
-9716 -891 16
3206 5325 32
3826 6032 23
-6179 4552 64
9224 7966 7
-7438 1105 78
2946 5986 75
9410 5333 22
8228 -4248 69
5937 -1201 163
-8714 -211 4
-9445 -3297 27
9750 1327 8
-7486 167 36
-9551 -3053 49
-6042 4092 123
5288 -1321 2
7662 -7336 57
4464 7692 13
4007 9118 64
-5562 4152 27
2349 -5983 27
-121 -6777 91
141 -7791 15
2267 -9113 1
2085 -8853 19
3947 6665 21
2525 -6671 11
8664 9837 2
9456 1267 14
-9751 -903 21
5730 615 50
-5734 4480 33
4007 9224 42
4440 6732 53
3136 -9731 14
5548 -2827 28
4145 3380 48
1371 -7113 25
-8162 6211 152
8320 -4334 25
-9370 -1808 29
5474 -3184 23
1742 -6921 12
6476 -3124 17
3266 -6236 137
8619 9975 59
6224 -1106 17
-8835 -497 21
8931 9947 5
-4913 -6397 79
9689 5138 42
-7538 122 9
3806 7421 22
9747 7015 13
-9850 -2148 63
4476 -7837 188
5352 8 81
-6672 -4501 32
9298 -7224 51
-4525 -6861 37
4700 7386 33
4225 4877 63
-6702 -4517 2
7594 -7756 25
1110 -7850 55
-7280 -3743 50
-7998 -1254 51
3738 9782 35
5798 -2527 6
2900 -9084 69
9945 5861 9
9301 8167 53
-7438 978 49
4480 6469 22
9753 4773 51
9857 2624 12
5126 5672 35
-2065 6079 29
-6326 5459 134
5856 -269 34
3086 -6332 67
-3490 9811 2
2102 -6703 174
3707 8440 64
-9419 1370 16
3136 -9775 30
-7091 5647 73
-5317 -6055 101
3198 -5197 12
-9741 -537 33
-1035 -6846 26
-4621 -7016 44
2327 -8795 31
7598 -4205 8
5212 731 54
5770 540 35
8940 9546 1
489 -6714 220
-3480 6445 84
-6216 3720 5
9404 5829 54
5650 -928 83
-9803 1411 37
3642 8603 14
-6326 5080 245
-8993 -3450 100
-6902 5515 16
-121 -6664 22
5282 -2817 48
2011 -8621 57
-5983 4272 4
9823 7875 9
2034 5814 3
3731 -8956 80
-9279 6904 144
-166 -7208 1
5929 -1570 148
-9899 7374 148
9418 8804 33
-4802 -6397 32
-7053 -3106 170
-9990 -1605 118
-9587 -3420 106
4272 7579 44
9689 4895 9
-9511 -3108 2
-9202 -3420 85
8354 -4334 9
-9659 -3249 15
1738 5130 63
3247 -5404 44
-9465 -1609 5
-7483 -462 2
-7746 -817 136
-9221 8069 13
-241 -6827 39
9961 1652 312
9677 4879 11
-9620 7629 58
2898 -9212 33
2664 6466 237
3387 9627 123
-8666 -1721 40
-7949 -1593 1
-9210 -1317 8
-9488 -2969 56
9524 8902 73
2223 -8642 154
-9493 7795 117
-5370 -6283 68
9263 8946 36
-5912 -4723 98
-9155 -1011 37
5665 6005 103
6209 -1755 43
-9992 -2465 28
-7922 -1197 44
-8008 6139 18
2055 -8768 56
5232 -998 91
-7459 -3752 40
-4891 5904 92
5516 -3105 42
9400 7652 3
3812 8575 70
3266 -6053 46
-6854 5495 36
-429 -7177 241
-1890 5985 146
-9115 -3420 2
-9860 -537 22
1733 -8287 9
5697 559 15
804 -7970 9
3273 6930 34
4242 7507 34
-6179 4478 10
-9680 7661 10
7571 -4205 19
-9016 -581 114
4886 9940 95
3309 5241 59
-8831 -1706 124
9844 5059 26
1546 5405 76
793 -7233 5
-8892 6451 156
-7519 -3832 60
2109 -9601 19
-5867 -4923 107
-9974 -3249 300
6196 -1945 44
-4282 5044 81
-8583 -1119 11
2206 -9145 12
4481 7988 8
-7252 -3788 3
7570 -8086 165
5477 231 67
-9225 9504 4
-6930 -3656 99
779 -7882 2
-9362 -1050 43
7137 482 12
1787 -6154 34
2756 -6705 108
4753 -3167 247
-9524 7502 29
-298 -6656 21
5124 -724 9
-7340 -3743 10
-6067 4829 113
1378 5335 106
2925 -6508 98
4039 8963 65
4116 6612 17
3881 9806 110
5404 231 6
7570 -8321 70
3710 -9470 7
-8327 -1155 103
-6042 3945 24
-5999 4284 16
385 -6519 1
7950 -4002 125
-1078 -6789 16
-9438 7663 26
6930 -7916 89
-9637 7753 33
5785 663 23
2001 -8840 34
2566 -8976 11
3216 6938 11
-8963 9949 71
-6530 5544 87
1987 -7351 83
-9351 6750 26
9358 8734 17
-7108 -2586 57
5758 663 4
9922 7909 32
2342 -9174 17
6184 -1106 23
-5311 4305 67
6106 -1647 38
-7091 5756 36
909 -7730 24
5428 6059 48
-9443 1370 8
-3491 6745 23
7155 -8086 66
3320 -5521 46
5816 6408 49
-5239 4335 11
-9206 8089 12
3473 5483 9
9776 -6978 283
9404 5733 42
1546 5308 21
5810 -964 81
-3557 6830 30
-7091 5800 8
3049 -9773 27
8820 -7132 13
7302 -7967 6
-9375 -239 33
7281 364 56
6517 -3247 23
-8471 6428 6
-7946 -1152 7
-3441 9991 53
-8548 -1107 26
4192 8963 88
9586 5858 23
-8831 -1508 74
6401 433 57
1046 -6380 59
28 -6777 58
9825 6502 28
-8831 -1874 44
9077 1069 1
-898 -7632 13
2848 -9488 23
5121 1063 17
-7136 5728 17
-340 -6847 62
2929 6130 70
4157 4877 5
5079 964 26
-6765 5647 21
2250 -9142 31
1738 5052 15
7390 -8772 67
-9089 -2631 23
9354 5375 48
-9290 8257 26
-9619 1895 77
-9362 -942 65
3779 5986 36
-4296 5212 55
3528 -9343 30
-9115 7027 61
-5413 -5677 289
-5687 -5019 97
7857 -7558 188
-8772 6570 13
-9943 6940 128
-4830 -7405 62
-6171 4463 7
2900 -8930 85
1546 5731 250
6284 -1170 51
5106 -748 21
6055 -683 215
4997 914 70
4090 8292 9
-7551 -921 85
6469 -1827 79
-9720 7172 29
2956 -6341 14
-9588 -2864 35
-142 -6636 13
381 -6935 13
9205 7966 12
-6144 3898 21
7730 -7918 67
5914 -1867 18
3206 -6064 15
9480 1299 26
4476 -8029 4
1849 -8698 26
-4726 -7354 7
-7909 -1560 18
-4930 -7405 38
7201 -8667 15
4733 8966 40
-7469 -495 7
-6192 4435 28
-8450 6400 29
3932 8540 55
3226 5277 20
5311 711 47
-5737 3909 29
-9959 1757 129
5884 6459 36
-7420 -3434 25
-7399 -3414 4
9888 6486 37
9509 4916 14
-9866 -2934 33
-9779 7583 93
-6440 -4072 17
3283 -5356 16
3499 -6625 43
2028 5875 4
4311 8963 31
-7614 -1658 33
-6651 5544 34
-894 -6777 66
-9739 1930 48
-7883 -1249 21
6683 -7603 139
-8450 6433 4
6867 220 96
3070 5752 29
2898 -9169 10
5724 -120 29
1421 -6949 17
4209 7563 21
9354 5463 40
-7463 -1422 24
9685 8930 22
-9370 -1843 6
-3100 7035 256
4027 6749 95
4700 7455 36
3761 9587 9
-9504 7287 14
-7952 -1597 4
2302 -6913 116
4658 7106 7
3744 -9040 5
-6766 -3533 106
-5717 3957 23
3768 8393 6
-9206 8122 21
3042 4671 110
1321 5591 15
3568 4669 8
-6150 5290 29
4143 9118 72
-9990 -1430 57
-5507 -5208 164
-6918 5485 18
1858 -6533 4
-7772 -1596 1
7467 -4047 107
7490 472 29
-5979 -4923 5
3881 4359 1
3397 6440 52
6870 -7836 11
4082 3983 48
9322 7289 100
-6040 5386 117
-5814 3873 56
-9144 1701 6
3704 4918 5
-9012 -335 36
7643 -8321 3
6610 440 103
3881 9620 76
-7228 -3596 35
2054 -6514 21
-9104 -1167 90
7209 285 31
6093 6215 125
-1078 -6742 31
3524 -9087 14
9631 5834 28
-9092 1636 71
7330 -8031 40
4753 -2805 115
-6610 5293 110
3562 6492 121
3697 6353 53
-9646 -581 4
9747 6988 14
-8569 -1079 9
-8022 6064 51
2618 4595 50
9274 7429 48
2756 6130 103
-5538 4052 1
2318 -7442 5
9423 8157 1
8812 -7324 83
3035 -5476 76
4826 8966 53
4771 6889 17
-9509 7172 40
-6738 -4479 20
-7606 209 14
5627 6630 28
7707 -7228 60
-6016 -4567 66
3226 5298 1
-3307 9453 43
-8697 6670 112
2559 -8952 14
1771 -6217 31
-9155 -920 54
5801 498 4
3116 -6236 13
-6981 -3516 50
