1000
9734 7496 4466
-4950 6948 7894
-4983 -2876 1773
8664 -6314 3619
204 -8039 592
2106 2306 386
3153 -5033 1546
3599 -8711 184
6973 123 1636
-8631 -8985 5230
3991 9365 1128
-2613 -5000 874
2075 -7103 73
520 -4020 1038
-1760 -8959 1185
637 -9090 440
6984 -2698 174
2357 -684 1548
-8643 -2488 1158
-2469 -3281 672
156 -2143 162
4097 -6938 421
4587 1404 774
7147 -1688 49
2764 -8617 486
124 -948 466
648 602 266
9886 -1218 456
-7083 -2229 202
3922 4547 960
5353 2737 387
9952 -2566 52
3253 -7559 403
-1559 -1709 717
4501 -7690 11
-867 -2831 429
4093 -9769 477
3628 2176 416
3862 6829 655
8421 -1765 117
4605 -1634 536
-2527 -7297 1
-3138 -6371 550
-858 -4680 268
-9191 -398 402
848 69 12
3770 -2858 705
4825 -8572 445
-7327 -1340 176
9773 492 409
6430 2036 79
3446 693 43
2742 3286 620
1308 -6974 154
-7421 -1116 26
-1013 -6714 847
6022 3540 117
867 -5330 143
9324 2174 110
9204 2612 244
-2243 -6336 80
-8207 -986 177
-3161 -1651 168
1322 -6561 194
5411 -1598 194
6491 3618 136
4713 -6487 205
5787 -2592 483
-1524 -3286 41
-2852 -8065 59
3026 5371 79
-1202 -5384 419
5269 -4012 100
4885 -4731 190
3582 3480 23
-3136 -8648 11
1603 -6440 96
3266 5942 190
3734 7622 120
-426 -9824 174
-4882 -5148 76
3384 2948 9
5756 4570 465
603 -1861 180
-687 -5765 120
3311 1186 396
-2874 -2388 67
5861 2144 294
7382 -2403 83
4315 410 224
-534 -1877 142
631 -5891 203
2782 8565 2
-1352 -4470 113
6770 2703 469
1368 -8540 146
-6226 -1366 40
5407 -1303 87
3756 -1625 82
6212 3631 12
1986 -9423 275
5103 4245 142
7366 -1998 299
-2569 -1844 170
4695 -6045 15
1816 -7486 135
8847 -603 270
8961 104 314
5339 -9602 439
8143 -2233 227
4333 -7949 85
9058 791 283
5839 -3198 111
7491 1952 215
4783 5963 424
-3271 -3649 82
3238 -2140 90
-7259 -3397 222
8907 -1227 124
-528 -9171 42
2223 -7513 23
-698 -89 29
8060 -1761 51
487 -6904 143
20 73 387
-4414 -5209 348
7017 3183 60
9478 -2456 265
4803 -6946 235
1756 -7858 117
-2295 -6734 166
424 -1445 37
-949 -528 363
-702 -2253 171
8153 2603 631
-3658 -1236 202
9217 -1057 32
-9980 -1688 372
2847 -9615 56
743 -9932 17
4092 -107 108
2922 -6963 246
3054 2489 104
-1222 -3357 191
2656 -9365 43
2014 1117 157
4570 -644 56
6604 -9841 148
-6898 -3202 4
-910 -3618 173
4417 -6215 107
4962 -2385 146
1023 -2677 360
-8306 -3647 33
-2498 -2271 91
1559 -7024 51
-6714 -2058 28
-6593 -1983 14
3270 7933 332
-9703 -1258 117
-3795 -6837 10
1107 -7670 266
4657 -3716 67
8801 -1039 49
-880 -4381 31
3307 5612 45
4601 -7228 45
-9221 -3689 66
-445 -4773 107
-1830 -649 6
893 -7295 6
1532 1521 431
1432 -6101 231
-62 -3103 48
-375 -2895 18
1985 -8355 118
6194 2774 21
331 -2438 170
191 -9536 35
3457 3469 97
-7649 -3497 14
-2575 -7029 238
4666 -7947 149
-9694 -375 50
9280 1470 410
2662 2185 150
-2160 -7011 12
6038 -1809 273
4471 7597 163
3957 -8007 295
4915 8072 251
9135 -1542 205
-6355 -1138 85
-7399 -2553 21
8404 -1597 32
-9923 -119 67
5275 -3365 232
-3034 -7401 350
-2398 -1455 61
454 -5279 106
9814 -379 309
2785 -2915 190
5645 -8908 50
4225 -9123 176
490 -9753 142
5181 -870 64
1902 -3578 63
4020 -1198 74
-7679 -1489 69
-1161 -5862 17
4916 5111 165
4733 6606 172
7834 -1460 74
3260 -7027 31
2278 -2981 306
5601 9748 178
-3656 -6746 22
403 -9980 8
-8103 -1335 12
1775 -8649 149
-3133 -2328 77
871 -7174 110
-2483 -2087 27
1929 -2577 106
4363 -3841 92
-7935 -3612 113
5755 -3996 66
2127 -7445 50
5104 71 110
599 -40 126
2493 -7839 187
8416 -1284 100
-1512 -7562 8
-2949 -1060 348
4636 -3273 86
-8203 -385 94
-40 -6153 251
3169 6315 177
-2088 -582 136
1380 -8126 186
5148 -7826 172
2363 -9612 112
-1779 -7459 13
8490 958 26
3892 2894 185
7195 3325 35
5131 5544 106
5136 588 12
1024 401 40
1619 -2883 162
-3361 -4450 22
5065 -326 271
4905 -3909 33
198 -5362 73
-4000 -5825 355
-6964 -2843 171
-3656 -5611 21
4128 -660 135
4032 3329 88
9341 -767 77
9623 1921 143
-7369 -1001 65
7114 3366 9
4015 8061 112
-586 44 46
-6717 -1489 241
-2209 -2472 51
2836 5137 83
1581 -9977 19
9003 -9993 27
6511 -2862 31
-1611 -3746 159
-337 -7764 8
-3594 -7108 35
7051 2170 87
1183 -2106 65
-2786 -1630 9
-1907 -6168 30
2252 -7381 50
5602 3809 183
5951 -1344 85
-6059 -1033 97
-9689 -862 28
3404 5640 47
9910 -2786 94
8618 1649 164
6005 -9809 162
9895 2683 120
6481 -3223 104
8084 1774 135
-6783 -2229 55
-377 -8554 112
3636 3241 138
1339 -9237 9
7684 2146 9
-5007 -4896 28
-3352 -9901 21
-172 -2241 44
2474 9929 17
5499 -931 81
-9769 475 128
7379 -10000 117
-7881 -840 35
1769 -6367 84
-2316 -970 46
9879 -1778 8
2274 -3440 140
1732 2550 43
9980 -2635 11
2844 1281 45
3162 2235 16
5792 -9940 74
-4010 -1372 18
5582 9416 95
6141 2417 36
3645 5932 33
6341 -3344 50
6272 -9494 65
-1752 -705 3
2782 -9204 14
155 -2724 110
-3414 -7573 8
9347 -309 69
1576 2187 77
1798 -6863 204
3975 -8742 158
1565 -2463 176
8763 2340 9
7733 -9968 92
56 -1747 232
3539 -7251 4
1176 -9822 32
4543 109 30
448 -6450 106
6547 -2733 41
8766 2297 7
4765 3322 240
4608 -7569 8
7321 -2890 16
-3023 -9063 73
1861 -3244 78
2563 -7157 124
316 -5760 84
-3141 -1420 45
-526 -5181 61
-457 -1008 17
7429 -2593 57
-258 -5759 53
5963 2489 10
-415 -3115 70
-2677 -1358 33
5220 3370 149
148 -6675 20
-3261 -2064 94
716 -1404 196
8351 -1068 24
6036 3181 132
5749 -3326 36
-3620 -6917 3
-5831 -1149 129
4545 -30 12
6685 3829 87
2216 -7571 15
4501 -9159 98
13 -9998 246
358 -6645 21
-8377 -371 59
9337 -1269 14
-3134 -8495 117
-185 -2971 112
6639 -2020 128
5290 2124 134
8887 2673 12
-8750 -1202 101
2719 -9991 333
846 1296 83
482 -6678 40
8122 -1937 23
-1655 -270 22
3406 -8948 43
-7021 -3941 23
-9665 157 150
3916 -7438 43
2539 -7520 93
6656 -2588 7
1936 -6628 38
-6985 -1861 108
3274 -9603 151
5207 5161 119
4988 6785 105
-6664 -1092 51
-8530 -320 77
7557 3246 26
5625 -9076 10
9041 -1983 120
2104 1791 88
-659 -5022 112
-2185 -7388 179
4173 -2025 2
-576 -7789 77
-9946 -1030 83
-464 -1475 65
-2317 -2222 4
1459 -9321 111
-7098 -3142 42
3225 7460 81
3345 -3448 17
-8771 -845 135
3 -7150 136
3693 739 46
1116 -9662 105
-5710 -947 6
-6921 -1216 32
5056 2428 7
873 -9733 96
2125 -8890 144
2101 -7891 114
1415 -9999 93
5890 -8889 118
7492 -1647 28
5195 3834 185
3952 5860 159
6950 -9926 63
-2285 -1451 23
-3718 -5582 5
-3831 -4848 77
5584 5325 74
-7255 -3803 13
-2898 -9903 168
-1378 -579 47
4051 -256 43
105 -9226 94
460 -2175 85
-1762 -5931 68
8858 3020 6
8858 1960 142
-4045 -4783 52
1319 -5564 295
-8652 -642 52
-2029 -7573 17
847 -5107 45
-9604 -3371 128
5839 -3804 102
-2 -5430 51
-3047 -8339 36
-3522 -1621 33
5304 8256 21
-2728 -2482 20
-1290 -95 39
8261 -1048 37
4273 2579 286
2442 -6928 58
1833 -3123 21
-9527 -1418 72
-849 -943 24
-4044 -4650 50
2571 -6646 137
6255 3893 220
1806 -3433 72
3104 -9259 10
-8023 -1242 82
-1890 -2378 5
-234 -3232 34
8216 -1169 87
-1438 -3010 66
7336 -2734 6
6675 1989 92
5033 -2950 147
-9752 -710 117
-3394 -3820 33
-1997 -5876 39
1747 -3206 39
-2163 -953 11
-1091 -4112 142
9172 2926 58
-6602 -1852 25
5483 -657 20
-3276 -1373 32
1928 -6424 31
-6413 -862 20
6575 -1835 60
8993 2781 24
7466 3398 148
5601 3230 40
2974 -9167 86
5194 9948 19
3932 -7586 73
5725 3210 11
2739 -2550 72
5587 1435 224
5453 -8768 38
120 -2934 38
6215 2289 9
709 -7057 63
4978 459 28
2621 -9600 44
4732 2814 46
9697 2628 85
5214 8752 155
-2984 -2592 71
4972 -1118 17
4889 -4321 60
5182 -2526 69
627 -6729 78
9912 -2060 98
-3573 -1672 18
-2764 -7907 8
2767 4829 28
-9995 -2335 141
5936 -3414 119
-3293 -6952 2
9226 -2145 6
3067 -2334 31
-7639 -996 150
4867 3661 85
-587 -8086 153
5371 1878 116
5170 -4417 16
3956 7688 67
661 -5404 4
-1895 -7368 13
6673 -2257 94
-9863 -3094 169
4765 -5907 117
8922 2166 53
-7835 -1275 77
-53 -6940 68
-9736 -3556 50
1061 796 162
794 -6283 35
8583 -1633 87
-2319 -1098 15
8495 -2678 2
651 -2394 65
1728 -8434 9
5423 -535 23
5828 3083 56
-7782 -3479 62
5387 3297 9
-6996 -902 160
-7278 -738 136
8524 -2166 24
1939 -9999 189
4513 -196 101
4687 -4007 101
3307 7260 39
2232 -8724 20
8516 834 48
4960 -643 16
5748 -1193 85
4208 -1019 107
-3206 -9009 93
-2372 -5892 43
5059 235 7
4059 -6407 19
3800 598 33
3201 7287 61
837 -1931 37
4370 8098 97
4848 7152 262
6082 -3347 18
4263 -3547 13
316 -426 21
-7367 -1692 88
3871 5551 45
8328 1249 103
2592 1613 26
-945 -7751 70
-112 -5168 6
5080 -1221 21
-66 -9347 51
3027 1908 240
-762 -8192 16
2377 1868 41
2229 -6557 85
5041 -4468 112
2790 4203 113
3284 2512 46
5196 6715 6
3100 5093 1
-1592 -5056 66
-615 -3447 164
2663 9566 136
-3269 -8306 43
5375 9185 28
8781 -2198 217
87 -8794 53
9814 2167 120
3538 5748 8
-3342 -4105 168
931 -8497 197
6799 -1596 22
-1652 -4685 5
2219 -2398 142
1581 -7348 97
-6994 -1988 14
-1895 -806 117
4860 -9936 61
4973 -7673 35
-6453 -1812 1
3530 -8056 132
5566 -1818 51
1359 -3335 9
9333 -2739 15
6468 -9283 16
6308 4187 46
-3584 -5462 117
1858 -6102 49
9458 -1827 33
4595 -3464 60
4899 7623 128
-9100 -1077 49
4373 -7698 54
3272 -8385 42
4739 -484 76
4960 8484 129
-3985 -4444 82
7219 -2557 38
-4221 -4796 53
2581 967 68
6245 -2872 6
1692 -4259 95
-1219 -4728 3
-7126 -2723 14
8952 -1714 24
5706 -980 28
359 -7394 58
6549 -2493 82
-2626 -7740 171
-9920 -3604 134
3925 -280 68
-504 -4437 62
2399 1045 72
5159 4919 100
6340 -3031 115
-1470 -5011 38
2378 -9061 49
5558 -4373 42
937 -5925 34
3296 -6874 15
5141 4477 67
-8199 -639 139
649 -6476 93
8184 -1306 40
146 -7375 33
2230 1543 130
8637 -1487 67
-408 -2243 58
9623 2733 17
-352 -1305 24
3310 -8254 13
8321 1644 9
2160 -8565 21
7131 3545 157
352 -2073 28
4329 5573 127
-2676 -2206 64
-9362 70 81
-9774 -895 27
-746 -9979 46
4830 -9378 99
1209 -4999 24
-6443 -1651 27
5993 -9177 3
2175 2854 36
4788 -4231 64
-2863 -8448 19
7425 -2883 10
8555 989 32
-655 -7677 5
1265 -7333 24
8228 1668 41
-7147 -3701 91
-2394 -7823 15
1743 -2256 16
-140 -2289 5
-3847 -5207 17
-9162 -1231 85
5469 5921 31
310 -9979 50
-648 -1618 117
8170 -1592 48
886 -1577 16
6629 3393 42
-3553 -7392 34
-2907 -1953 121
5133 -4956 62
4769 2432 56
4865 5527 4
1131 -9926 30
4983 9965 5
7995 -1447 22
274 -9437 50
-80 -9566 23
4864 -828 89
9659 973 12
3472 -8463 24
2308 -2606 54
9995 1175 206
3631 -9347 136
-1448 -627 13
-3225 -9467 74
-808 -9864 59
9089 -2488 35
3477 6079 13
-1591 -4209 117
3233 1736 28
-7355 -2806 30
-2461 -1172 69
6272 1809 17
5826 3714 33
6364 -2241 114
-1958 -6452 56
4053 -8536 41
3060 8265 44
3095 7384 55
-289 -5049 102
1081 -7217 89
6402 -1875 50
-2255 -6147 40
-9750 -3792 54
5435 -8464 13
4352 -3592 65
-9287 -3542 50
7691 -2469 71
1311 -5065 72
-2870 -6889 3
3512 -9825 27
5624 -1414 82
8650 -1165 80
1828 1058 31
320 -7164 88
5009 -9217 41
8357 1799 101
3498 5468 13
4587 2428 27
7133 -1640 1
2156 -8115 36
-987 -9997 91
8823 2304 14
3978 -1886 73
-7954 -1466 31
2427 -7439 17
4812 -1009 26
905 -1510 18
2808 -3327 184
2338 -8138 103
-4451 -4675 94
6069 1788 96
5070 -7404 28
2416 1339 75
4175 7777 53
2506 1151 68
9915 1908 119
2795 -7829 43
-3010 -9355 40
6009 2657 106
267 -249 18
5344 -282 3
-830 -7908 17
9284 -1321 24
-1327 -3948 89
4500 -3103 2
-7432 -2007 107
3157 -6639 11
1462 -7130 64
-8531 -1053 120
-2790 -2160 38
4229 3142 137
2647 -7587 20
2959 5859 38
619 1258 61
-3290 -836 33
7222 -2368 58
2380 1993 16
-185 546 60
866 -9941 33
9746 -2711 4
-2192 -2231 20
3439 2836 106
6759 3534 141
4513 -7427 16
3430 -1971 61
-1190 -3618 18
1341 -8915 219
4517 -704 16
4060 7849 57
-1001 49 51
-8556 -171 71
-3089 -8127 74
-52 -5645 36
806 -209 57
5326 68 2
-2312 -7159 10
-8805 -580 15
9514 -2089 55
-489 -8782 82
69 -6976 14
5226 -1470 19
2570 2586 54
4403 -3298 42
5461 -8907 18
8647 1399 64
-2603 -6628 22
-1741 -4607 55
-3428 -7778 48
4318 -3443 36
4153 -6365 58
1520 -6741 28
2826 4614 136
-2583 -9983 76
804 -5584 91
6510 3275 99
4600 -4356 32
-9243 -1033 11
7923 -1886 103
5340 -8184 41
1095 499 80
-6950 -3389 68
-7881 -514 23
6370 -1648 50
5357 5014 69
161 -5494 36
118 621 39
-8726 -111 39
4664 2337 44
8131 -1485 11
-2794 -2566 68
5023 3420 32
-1761 -2939 59
3515 652 19
6083 -9390 104
2331 -9198 77
3514 7504 32
-1212 -4608 12
3755 -9108 44
4826 -3449 55
867 325 30
705 -2218 110
72 -8959 103
3714 1611 58
4775 2665 4
894 -7383 2
4014 -3641 47
5286 -1177 23
9174 -1791 14
4812 -7373 173
3891 -191 10
-3774 -6886 16
-252 -5402 113
8765 1262 90
7224 -9763 8
5355 -3056 26
4727 -3190 24
-2527 -6039 37
1769 -8167 158
-3101 -3652 31
-7175 -2548 78
-2407 -710 149
4248 2127 21
-903 -3916 92
2887 5684 43
-3009 -2332 38
8024 -1271 74
4722 -3119 19
-783 -1 26
9273 -103 38
-1416 -7652 5
-7917 -1318 3
3002 -2388 5
5161 6344 20
1659 -3646 25
5391 1244 14
-151 -2455 67
-1933 -6679 46
1237 -9341 67
5153 9769 34
-3063 -3833 122
9756 -9968 96
5799 -1965 7
-9495 -3776 21
4017 679 94
-410 -1748 6
4836 -7882 5
4483 -7743 21
3014 2311 57
4999 -2625 42
9623 -9954 23
2009 -6705 16
3687 -7198 21
-561 -2132 4
242 -6963 68
6841 1869 28
8604 -1856 45
1465 -2973 8
2783 -6673 5
4868 -3294 105
-1380 -896 94
4753 -21 100
-451 -3233 28
-9406 -1511 61
-2926 -7881 65
7336 -1607 65
1661 -9722 124
911 -6935 38
2552 -6879 12
-4245 -1179 66
4284 -383 63
3065 -3204 64
-6739 -3301 25
-3157 -7885 8
99 -332 4
-2064 -2657 65
2901 -9350 81
939 -6542 107
3423 -9727 26
9984 -2460 18
-1913 -2590 30
5471 9260 32
6391 -2718 29
-746 -1804 38
4692 3792 72
-9420 -3660 72
4347 127 29
1780 -7243 84
-931 -4224 38
5743 -3643 35
-7248 -2949 55
350 -2022 19
-948 -7622 44
434 -7250 32
7697 -1639 51
7011 -2224 109
6492 -2110 4
-2985 -8853 3
5197 9553 89
1554 780 24
1376 977 109
-2898 -2256 2
-1 -2769 13
9193 -1226 67
912 -1655 24
-3406 -8405 22
3126 5188 57
3799 544 1
2687 9948 142
-3686 -6626 12
6312 -2470 47
5234 8099 68
4451 2908 34
424 -294 91
3153 -8128 30
4908 98 65
1674 -6666 2
209 -6458 92
7025 -1794 74
6468 4123 6
4705 7777 55
-175 -1365 4
5677 -9278 5
1374 -9893 19
6793 2093 64
5340 9051 106
9012 -2631 72
1299 -1966 83
-6944 -3698 90
6660 -1802 27
3918 -9111 24
-6856 -748 10
-716 -5217 86
-4602 -4855 2
5571 -4138 7
6243 2700 38
4606 -2926 77
-515 -69 61
2675 -6778 12
-7066 -2659 32
-992 -1110 102
7467 2409 11
5736 -1660 2
800 -321 14
-221 -2712 96
-1648 -3553 15
3752 -7371 102
1474 -4836 27
-233 -1852 18
616 -7287 20
942 -9912 16
4680 -7601 56
3910 -1661 27
-3289 -8070 56
7202 -2881 90
-3451 -1428 77
5561 3346 68
-9964 446 29
-7524 -1830 68
-2540 -1424 27
5234 7830 44
5270 5689 69
-2474 -891 30
