1000
4198 -7925 9856
-7051 5109 5164
-9684 -2398 2068
7569 4187 2213
1410 6229 414
3553 9065 1285
8412 9598 68
9593 943 9
-7471 -5452 66
-1055 2579 288
1280 8005 1030
-9917 -9816 3911
15 2306 632
9454 6953 373
-3860 -618 751
3622 3497 286
6755 7568 281
-2474 470 7
-802 5858 55
-5826 -4788 512
8074 7189 48
6691 9628 1592
639 6046 46
3948 5824 1470
211 9958 732
233 6189 71
-7107 -4113 461
-8733 -4844 372
4652 3850 75
-7962 -5124 367
-5337 -1870 1141
601 6583 377
-655 8337 92
-683 1110 17
8920 8457 148
-2970 9 252
1423 3575 938
-1491 6309 327
-7921 -5694 115
1136 2273 58
-7423 -5700 89
3220 2868 330
8491 8385 117
-6981 -1623 302
-9412 -5370 265
-1952 1445 203
-1332 4800 281
-2824 9145 16
9914 8607 120
8970 2042 63
-130 5342 764
-5646 -3697 125
4128 7400 98
9837 6121 68
-9251 62 77
-4004 257 65
-511 3157 290
1989 6052 134
-1506 8167 221
7389 7259 29
-6443 -6018 780
-1701 6784 157
3230 2344 119
-6265 -7829 186
9525 6137 139
4938 3337 300
-3317 9174 294
7866 1704 198
7031 1705 47
-1808 9798 271
-278 6551 147
-9841 -5644 213
-5386 -3747 44
-1313 5452 38
-5097 -3964 143
5080 7545 70
-6866 -5097 146
-2503 8424 70
9914 9662 933
2216 9535 97
-6535 -7226 255
4423 4002 115
-6414 -3095 460
-490 9122 223
7858 7391 82
5678 6835 194
330 8895 203
9595 2403 23
519 4222 111
-7184 -2774 183
2666 2655 259
-6470 -506 95
-5705 -7398 39
1197 5766 63
-9531 329 92
-2603 385 20
9901 7294 77
-689 2791 93
2669 3453 66
3398 7406 19
-1528 5699 217
-6961 -420 276
3765 2403 109
7226 7091 51
2311 4342 209
-5600 -6444 47
4752 7948 189
-5454 -3144 47
9495 1572 516
-1515 9816 4
-3515 9503 43
-6284 -4199 227
-1729 9335 172
-1867 650 281
1061 5365 328
-1832 1011 17
2255 9894 195
8284 6292 4
4939 2305 35
-3554 834 347
111 8788 5
8771 1127 217
-2055 2279 455
6079 6394 316
8366 8847 189
5905 7829 11
2119 5809 25
-7624 -3595 31
-1380 3119 204
-9813 -5209 102
-8025 -4236 116
9936 3289 285
9244 6424 44
-9986 533 93
-5816 -491 221
-7301 -4856 242
8263 8405 75
-1416 4205 103
8652 7795 89
8169 6677 19
-1007 4467 130
-7884 -1108 15
9717 2468 20
7434 7708 404
9912 7943 337
6500 7825 61
5167 3752 87
3196 3965 325
-346 3824 391
-1892 3326 9
-932 9702 84
9916 5449 48
-7093 -855 139
4593 3216 46
1316 9738 232
-699 7691 541
4540 2655 248
2260 6989 223
-7908 -930 55
4138 3968 161
-6870 -1984 46
-8272 -4736 98
-5699 -234 25
4873 9484 24
-2548 -509 143
8926 9945 84
-759 6448 329
-1101 8699 250
9660 5788 15
5800 2579 41
5951 5971 12
-8279 -4433 101
-468 6938 49
-6110 -7285 171
4860 2732 41
2778 7689 230
2069 9277 186
-2305 9241 224
9185 2206 189
-9797 9867 229
-2497 -175 180
4935 9901 176
-8861 -5760 230
-392 8528 128
-7471 -145 97
-1123 3764 190
-984 4684 48
220 4457 169
4996 8786 22
9252 7882 151
4493 3673 10
8655 1927 56
-1132 1512 76
-6579 -4744 232
5370 2879 297
-5122 -639 46
-723 4239 73
9503 1027 24
-5015 -246 5
8905 1447 14
-4220 -2532 123
2149 4896 162
-6569 -6883 45
8781 1673 74
-431 7118 87
-3618 9335 42
-8619 -6049 48
4681 4430 5
-1707 2809 20
1552 9217 115
6403 6166 74
4259 3668 118
-54 3539 12
789 2391 109
2020 5323 106
1379 5744 56
-4780 -3068 99
2633 4133 32
5406 7428 141
-2982 1317 99
-2394 8266 74
6899 7003 189
5248 4956 78
9599 464 114
-2247 1028 43
5222 8424 259
-1081 882 409
6167 7290 87
9670 7417 46
-1939 2905 109
-1572 1241 29
-1652 1672 72
-1416 1435 106
-2633 9282 93
8397 2009 6
-4502 -2 126
-22 8579 212
9626 5864 20
8858 6602 117
-551 1426 126
-1006 4966 37
-442 8775 20
-2477 8870 26
8535 1815 37
2301 7655 41
-5987 -8872 43
7973 6762 125
-3712 393 6
13 7274 273
-2955 9377 94
-1908 7023 56
-9355 9860 15
9396 5849 165
7716 7135 37
4261 2467 44
8597 7145 137
618 2922 52
9955 7095 116
1908 8952 3
70 1508 15
2731 4520 208
-8172 -611 111
-5996 -3946 68
-1663 4019 205
9825 2761 77
-8061 -30 59
-5808 -7675 34
-5715 -4134 134
-5075 -168 79
9236 8604 91
8360 7945 84
1149 1638 94
-2242 249 227
5129 4636 167
-5431 -600 79
-8426 -5516 123
-8356 -182 115
-2404 1567 215
-6287 -773 125
3018 2258 27
-4230 9988 456
4797 7637 46
-6548 -944 52
-6029 -793 11
-1431 7195 323
-2534 9901 292
1749 2550 19
8982 8110 120
8741 9176 35
-1240 2163 166
2805 1982 99
1425 4592 66
1845 4784 105
-1393 9608 99
8339 1885 34
-4038 -1854 114
4039 2964 226
9579 8373 178
8819 8839 197
2550 6335 2
-1378 8489 21
482 1392 153
-379 845 6
-5990 -8420 191
9623 6010 8
-2839 1096 159
5867 6008 10
-6339 -347 107
-1536 7885 44
-2039 9001 56
4181 3525 27
-1998 -55 6
798 1824 198
819 2116 20
-5850 -9523 40
5634 7980 229
-3501 173 26
-1422 3765 29
-811 3837 38
-8556 -5385 59
4974 6972 49
-5355 -209 124
5559 5428 131
6781 1775 120
8178 7485 79
2734 3200 62
5402 3596 16
8665 9206 45
2944 3517 27
2493 3192 178
-2020 7276 77
-2587 298 49
1270 2029 91
1610 2296 265
-9397 -262 21
5704 8249 28
-3444 9952 16
1761 6783 65
-1105 9303 48
-1838 75 4
4306 7814 74
7522 6854 52
3098 3411 11
-4745 -201 95
5990 7551 1
-8606 -5870 43
-1593 9038 136
-1062 2940 50
-2944 8491 108
325 3795 135
6785 6481 93
-6259 -7566 31
-1654 3549 13
1310 2474 45
-4835 -3379 162
-2229 8803 125
3387 7318 4
3579 2756 43
-6053 -3774 57
5763 5799 74
-5921 -7601 39
-7238 -1272 105
-7602 -5494 11
5250 7997 68
7551 1965 8
78 7998 83
5801 1928 19
-427 4376 164
9643 5583 98
-7345 -6039 107
2486 2069 56
-869 3512 38
9981 4786 233
8447 1382 89
-1940 8492 188
5509 7107 89
4402 7362 91
4277 2363 51
-9782 -4690 203
4243 2211 37
-4745 -476 7
5355 6908 90
7838 7092 7
-7715 -1601 56
9914 4092 93
-5540 -5451 102
8429 6876 168
-2178 7563 210
-6198 -1105 3
3970 2520 102
-7377 -2099 24
4546 2158 221
4866 7528 19
-7257 -5638 63
1046 4880 2
-2578 699 127
936 4730 114
-8216 -353 11
1964 1859 28
-2522 1958 47
-1351 9130 84
-2482 9011 8
5747 2521 2
-4471 494 92
6299 6703 4
1895 8886 36
8898 2287 82
9041 7367 169
9997 816 124
4050 2425 13
-7080 -5060 56
757 9270 25
4643 3585 4
2113 2651 89
5819 7379 84
-4315 -1290 25
8137 1503 76
3989 2348 23
6172 2265 58
33 3445 73
-2859 -749 150
753 9404 19
5373 6622 84
-7495 -1795 139
2711 3784 187
998 9587 96
5926 5742 20
-2898 8837 76
9068 8755 30
-2493 8208 32
-5856 -3379 161
6880 1629 36
4717 7216 12
-6775 -2321 124
-4863 -3637 77
-5788 -3888 4
-4057 459 42
2817 7195 95
-8076 -5629 37
974 9242 131
-2916 738 18
-1224 9985 104
-7399 -3533 170
-6883 -2701 10
9695 990 94
-5585 -5918 56
2304 1896 107
-1776 283 83
2592 7288 129
5503 5865 39
-7727 -3824 196
5599 6117 141
-6281 -1139 50
2443 2328 79
-5249 -487 121
-1400 5383 25
9967 2422 20
-3214 9589 86
-5798 -9879 203
-1444 2601 60
5947 6888 23
-5288 -5156 23
-8779 -183 252
-2642 -662 24
6350 7216 3
-9925 -242 87
-2202 -110 34
-1871 7887 136
8420 8540 7
-7906 -516 76
1678 5164 219
-548 9688 31
-9245 -4740 26
6221 2143 60
89 6630 126
3426 7533 21
-7158 -6628 127
-1887 3818 36
5581 2248 275
-4021 -2439 15
4977 3785 70
-121 9250 30
9073 881 157
8043 8740 6
-8065 -4600 14
5040 9627 37
-7782 -4530 52
4908 7675 1
-3457 353 16
-7115 -2199 224
1416 6831 145
-6616 -1165 171
5056 3945 103
-8799 -5385 32
9980 8366 22
-6903 -6997 50
-3021 692 68
-1000 4769 20
-6172 -8328 2
9787 7516 71
813 2671 123
4287 3169 38
5546 6413 126
7223 6615 152
6952 6564 4
4601 3929 16
-7748 -1132 115
-7436 -3021 156
4833 7186 76
-1318 5872 27
326 7146 16
-8588 -4325 82
8767 6237 95
-296 4565 30
9594 3256 11
6230 7514 14
-8087 -5991 207
-7728 -4333 113
-6154 -959 15
71 6399 58
4103 7763 106
-864 3641 5
5288 3763 20
-7460 -846 204
-2928 288 4
3008 7357 58
-1764 5499 30
-5999 -8082 131
-6082 -164 161
-860 1462 63
-1825 5977 112
7717 6775 80
-1721 1839 34
5607 6570 23
-420 1031 106
-1183 9523 34
4543 3517 49
4558 7556 95
-1121 6046 121
4921 2798 23
-2483 8016 24
9454 561 24
-7534 -6223 115
-9066 114 107
-979 6951 189
1943 6804 98
9278 594 40
2346 9648 48
9998 3660 4
-6099 -7512 13
755 4471 54
-2559 1905 5
6057 5990 41
-1694 8799 57
-7042 -3116 165
-1173 1785 81
-1886 4007 13
251 1616 52
-116 3232 93
-7456 -2378 3
2381 4944 7
-579 8768 61
7960 8468 60
-4550 -3007 134
2347 2924 39
8604 8618 9
837 4923 18
-6485 -6959 13
8951 6100 76
8523 6492 90
134 3175 45
5935 2011 76
1174 4646 46
8332 7062 20
-9463 122 74
8145 8544 53
3871 3991 82
8738 6087 8
-972 5814 12
3487 4167 10
-9180 -5896 36
-5581 -9714 1
6398 6852 15
6403 2200 33
360 2922 47
2656 6904 57
-5734 -7084 16
-8193 -5603 42
-7751 -419 12
-3744 441 21
-863 8905 53
-8366 -5852 24
-5906 -7668 1
-3328 9695 27
-1322 9415 34
-2457 7606 4
7520 1710 9
8611 9660 133
-2007 3065 58
1953 6537 60
-1350 7783 19
3042 7540 6
9366 980 38
-1539 342 87
4976 2552 66
-5818 -9356 90
-1624 8504 89
6110 5959 18
-5025 147 182
2045 2183 141
-1926 8888 33
1772 5467 59
-1767 4686 60
-1382 1605 23
3751 3000 25
4024 2418 8
-2307 1234 23
9522 2666 149
-5914 57 1
-6665 -2576 25
-1023 1548 15
-687 6030 61
8557 7473 29
9561 6409 77
-1855 1184 4
-4841 -324 23
7136 1876 127
-8162 -873 50
6306 6817 7
8790 9552 65
4032 3387 58
-5786 -7979 63
-4016 -2135 47
5022 8682 41
-7800 -795 109
-6505 -5078 7
-5421 -3306 82
9946 6111 35
257 3122 69
-5992 -9227 48
-3100 9891 217
2514 6208 2
-645 2023 8
8633 8070 138
-1375 6771 25
-1797 9078 10
9349 5629 50
-9160 258 41
-7965 -4462 54
5390 5030 18
-9624 -5076 38
-5095 -3150 79
-4434 -2714 55
-4791 270 24
8309 1440 43
-6382 -3781 79
-2228 9558 26
-1525 634 18
-5013 -4218 66
-3248 326 100
-5648 -6312 26
-3866 9583 84
-5884 -7068 97
2009 9817 32
-4760 -701 61
-6316 -527 52
8873 9160 35
-9472 9841 65
2987 3341 71
1766 1747 91
7486 1934 8
9862 5219 102
119 6234 11
631 4807 158
2349 3738 2
3131 7100 1
7905 1396 55
5693 7099 5
5693 7222 117
5359 5107 30
-91 1181 76
-5705 -2998 1
5375 3631 4
3163 4444 71
-1938 3828 11
-2739 475 128
-831 9984 151
-6918 -6711 15
-2500 7708 65
5501 8525 18
-6461 -679 9
7890 6531 69
2510 7171 13
-5571 -3989 65
-974 4174 90
-234 6832 1
2307 2460 70
-6554 -158 4
1480 4954 13
9214 6263 96
-665 1760 87
5296 7242 45
-3044 8863 2
-3840 9346 152
-6093 -3670 28
85 3602 65
-6668 -1914 77
-2917 371 14
-4517 259 48
4959 7495 19
-5670 -714 12
-1710 5114 162
4899 2433 35
-3253 -1257 94
3777 3219 14
9966 2021 123
483 4590 91
-771 8875 20
-394 1242 5
-1512 2208 11
7723 6559 21
4123 2326 39
-9314 -4617 114
-9033 -5502 68
-607 6861 95
-8432 -468 165
-9704 -54 90
3600 1918 2
7559 6643 1
658 5670 57
-289 8789 21
2991 2043 6
-323 1275 14
4470 4249 43
734 9085 80
-4258 456 119
4110 2689 15
4621 3326 12
2128 5392 15
-3592 9833 106
9471 2453 64
4994 2087 66
1853 2044 7
1927 6273 29
3836 3265 1
1653 9373 21
3783 7495 96
8332 1087 19
-1668 3480 57
5126 2166 28
6534 7197 128
-7399 -2428 3
-627 9532 138
-3360 9551 9
6127 6906 56
7452 1827 15
-9185 -189 154
803 5629 17
-7708 -5637 60
-2833 1581 148
4434 7867 32
-1961 7751 26
-1213 4414 8
3600 7416 27
8919 1911 69
-3334 123 6
-2131 3196 48
-2362 639 26
-7062 -1959 20
2771 3050 78
3006 7119 67
8828 7734 69
-6897 -2479 60
8276 7215 96
-1778 7075 32
-4962 -685 12
870 6977 14
-425 1668 88
-337 8260 36
6634 6789 67
-2662 8266 30
-7458 -6579 64
-5612 -366 5
-5292 -4238 134
7927 8337 7
-6673 -137 76
9820 5823 49
9900 346 92
-7121 -1099 73
-1438 1945 53
1649 9478 82
7963 8093 43
9469 6361 1
-1587 2501 38
-6106 -3925 3
5495 5935 5
2404 5923 48
-2021 6810 43
-6846 -2618 55
5524 5200 49
-7730 -469 1
937 9780 13
-5835 -7841 63
4350 3801 35
2464 7746 27
-4119 269 35
1747 9189 45
5885 6981 38
-2754 210 9
-1242 9266 87
-1054 3382 92
6905 6426 24
6372 2074 83
515 9156 53
739 4626 3
-1918 1815 16
2206 8811 48
-7390 -400 39
813 6108 15
8652 9399 131
-1504 1165 56
-854 3270 43
-1086 5041 36
-1937 3203 88
6206 1886 48
99 3015 23
5011 7825 55
-6676 -2631 24
-1233 4305 84
9566 5383 88
9102 8689 33
1514 5445 73
-9507 -4638 46
-2662 8668 76
9128 6688 44
-1167 8091 42
1478 5611 33
738 5582 11
-7553 -1334 57
1422 5309 13
90 4064 98
-4120 -1607 48
-1985 7696 16
5003 9016 153
9109 1195 23
-1261 1891 31
8664 8571 14
-561 8624 45
9772 2637 44
-5754 -6618 92
8758 7525 113
-7785 -3572 4
607 5852 57
1377 4826 139
2160 4574 49
-1214 9706 94
-6918 -7210 20
-1121 5617 52
8211 1193 94
1860 5685 60
-766 8552 111
9988 1159 26
224 7595 59
-4874 29 3
3247 1961 72
690 2727 7
2487 6254 20
9353 6291 33
4899 4241 179
-6566 -7555 17
2390 3954 94
8134 1676 64
2272 5119 36
-7989 -376 25
-2156 8165 91
224 4016 6
-1739 3009 48
-4074 -2226 34
8362 9336 63
-915 4781 49
-2227 689 57
-8465 -5849 8
-9277 9856 45
1051 4649 24
5001 9233 23
-7534 -5284 67
1891 9920 90
-9585 55 45
-4958 -4021 6
7798 1381 35
-903 1986 203
1683 9904 9
1655 4735 65
-4573 232 1
2732 4050 21
8716 6838 21
-985 5576 84
3527 2181 141
-7322 -5508 45
8162 7749 77
2146 8998 48
741 5157 6
-780 2381 35
157 1199 113
8864 9824 5
4887 8306 29
-1058 5001 8
-2320 -395 98
2844 2244 12
3246 7405 27
4352 3339 142
-883 1665 12
-2496 1038 14
-738 9284 20
848 2286 3
-974 9122 157
-1985 2760 19
5702 2939 2
-2820 8977 35
3529 7543 76
403 1752 23
9911 4253 65
4698 7433 37
4528 7787 29
5148 7209 52
1770 6521 13
6447 7987 27
-6550 -2449 59
-4110 9426 29
9868 6693 108
-2070 7109 59
-859 3435 22
-9606 -5733 35
9347 6394 31
9875 6281 91
-1367 8952 48
-2640 8530 45
5596 7606 26
-7094 -1230 31
5080 7384 42
7774 7212 42
-5996 -7855 74
1967 2462 9
-5631 -6686 40
2431 6584 18
-7295 -471 10
7706 6436 13
8853 7274 6
-6250 -6967 64
-5211 -3410 65
-9865 237 190
-7808 -103 29
21 9042 78
-5233 -3230 62
-7763 -5497 33
-9129 -4556 33
-3078 1040 85
3715 3102 51
-4927 -4000 27
1134 6683 13
228 3605 68
9264 8158 69
-770 1782 13
9339 7456 97
5718 7626 53
5105 1958 6
5790 7724 22
-2683 1817 114
3675 4242 117
8695 9873 34
4989 8842 3
-8147 -4657 38
9324 746 19
-9393 -4817 22
4979 2423 18
-3700 -1624 26
3143 3503 9
-6607 -7577 9
9043 6608 56
5616 8281 20
-1051 9962 10
-8049 -4700 9
-1364 5274 33
9153 7603 33
-1679 3763 16
6022 1892 25
-1955 3496 69
-3409 1301 85
4852 7408 31
-5190 -4437 64
8514 9122 46
143 8152 54
8677 6161 1
-5895 -7897 3
-3160 739 19
4006 2256 7
7746 8279 21
3319 4400 71
7926 7203 30
-2896 -429 164
